date,symbol,signal
2020-01-06,000300.SH,
2020-01-06,SPX,
2020-01-06,HSI,
2020-01-06,N225,
2020-01-06,SX5E,
2020-01-06,000688.SH,
2020-01-06,SOX,
2020-01-06,NDX,
2020-01-06,XAU,
2020-01-06,COPPER,
2020-01-06,WTI,
2020-01-06,BTC,
2020-01-06,ETH,
2020-01-06,US10Y,
2020-01-06,CN10Y,
2020-01-07,000300.SH,
2020-01-07,SPX,
2020-01-07,HSI,
2020-01-07,N225,
2020-01-07,SX5E,
2020-01-07,000688.SH,
2020-01-07,SOX,
2020-01-07,NDX,
2020-01-07,XAU,
2020-01-07,COPPER,
2020-01-07,WTI,
2020-01-07,BTC,
2020-01-07,ETH,
2020-01-07,US10Y,
2020-01-07,CN10Y,
2020-01-08,000300.SH,
2020-01-08,SPX,
2020-01-08,HSI,
2020-01-08,N225,
2020-01-08,SX5E,
2020-01-08,000688.SH,
2020-01-08,SOX,
2020-01-08,NDX,
2020-01-08,XAU,
2020-01-08,COPPER,
2020-01-08,WTI,
2020-01-08,BTC,
2020-01-08,ETH,
2020-01-08,US10Y,
2020-01-08,CN10Y,
2020-01-09,000300.SH,
2020-01-09,SPX,
2020-01-09,HSI,
2020-01-09,N225,
2020-01-09,SX5E,
2020-01-09,000688.SH,
2020-01-09,SOX,
2020-01-09,NDX,
2020-01-09,XAU,
2020-01-09,COPPER,
2020-01-09,WTI,
2020-01-09,BTC,
2020-01-09,ETH,
2020-01-09,US10Y,
2020-01-09,CN10Y,
2020-01-10,000300.SH,
2020-01-10,SPX,
2020-01-10,HSI,
2020-01-10,N225,
2020-01-10,SX5E,
2020-01-10,000688.SH,
2020-01-10,SOX,
2020-01-10,NDX,
2020-01-10,XAU,
2020-01-10,COPPER,
2020-01-10,WTI,
2020-01-10,BTC,
2020-01-10,ETH,
2020-01-10,US10Y,
2020-01-10,CN10Y,
2020-01-14,000300.SH,
2020-01-14,SPX,
2020-01-14,HSI,
2020-01-14,N225,
2020-01-14,SX5E,
2020-01-14,000688.SH,
2020-01-14,SOX,
2020-01-14,NDX,
2020-01-14,XAU,
2020-01-14,COPPER,
2020-01-14,WTI,
2020-01-14,BTC,
2020-01-14,ETH,
2020-01-14,US10Y,
2020-01-14,CN10Y,
2020-01-15,000300.SH,
2020-01-15,SPX,
2020-01-15,HSI,
2020-01-15,N225,
2020-01-15,SX5E,
2020-01-15,000688.SH,
2020-01-15,SOX,
2020-01-15,NDX,
2020-01-15,XAU,
2020-01-15,COPPER,
2020-01-15,WTI,
2020-01-15,BTC,
2020-01-15,ETH,
2020-01-15,US10Y,
2020-01-15,CN10Y,
2020-01-16,000300.SH,
2020-01-16,SPX,
2020-01-16,HSI,
2020-01-16,N225,
2020-01-16,SX5E,
2020-01-16,000688.SH,
2020-01-16,SOX,
2020-01-16,NDX,
2020-01-16,XAU,
2020-01-16,COPPER,
2020-01-16,WTI,
2020-01-16,BTC,
2020-01-16,ETH,
2020-01-16,US10Y,
2020-01-16,CN10Y,
2020-01-17,000300.SH,
2020-01-17,SPX,
2020-01-17,HSI,
2020-01-17,N225,
2020-01-17,SX5E,
2020-01-17,000688.SH,
2020-01-17,SOX,
2020-01-17,NDX,
2020-01-17,XAU,
2020-01-17,COPPER,
2020-01-17,WTI,
2020-01-17,BTC,
2020-01-17,ETH,
2020-01-17,US10Y,
2020-01-17,CN10Y,
2020-01-21,000300.SH,
2020-01-21,SPX,
2020-01-21,HSI,
2020-01-21,N225,
2020-01-21,SX5E,
2020-01-21,000688.SH,
2020-01-21,SOX,
2020-01-21,NDX,
2020-01-21,XAU,
2020-01-21,COPPER,
2020-01-21,WTI,
2020-01-21,BTC,
2020-01-21,ETH,
2020-01-21,US10Y,
2020-01-21,CN10Y,
2020-01-22,000300.SH,
2020-01-22,SPX,
2020-01-22,HSI,
2020-01-22,N225,
2020-01-22,SX5E,
2020-01-22,000688.SH,
2020-01-22,SOX,
2020-01-22,NDX,
2020-01-22,XAU,
2020-01-22,COPPER,
2020-01-22,WTI,
2020-01-22,BTC,
2020-01-22,ETH,
2020-01-22,US10Y,
2020-01-22,CN10Y,
2020-01-23,000300.SH,
2020-01-23,SPX,
2020-01-23,HSI,
2020-01-23,N225,
2020-01-23,SX5E,
2020-01-23,000688.SH,
2020-01-23,SOX,
2020-01-23,NDX,
2020-01-23,XAU,
2020-01-23,COPPER,
2020-01-23,WTI,
2020-01-23,BTC,
2020-01-23,ETH,
2020-01-23,US10Y,
2020-01-23,CN10Y,
2020-02-03,000300.SH,
2020-02-03,SPX,
2020-02-03,HSI,
2020-02-03,N225,
2020-02-03,SX5E,
2020-02-03,000688.SH,
2020-02-03,SOX,
2020-02-03,NDX,
2020-02-03,XAU,
2020-02-03,COPPER,
2020-02-03,WTI,
2020-02-03,BTC,
2020-02-03,ETH,
2020-02-03,US10Y,
2020-02-03,CN10Y,
2020-02-04,000300.SH,
2020-02-04,SPX,
2020-02-04,HSI,
2020-02-04,N225,
2020-02-04,SX5E,
2020-02-04,000688.SH,
2020-02-04,SOX,
2020-02-04,NDX,
2020-02-04,XAU,
2020-02-04,COPPER,
2020-02-04,WTI,
2020-02-04,BTC,
2020-02-04,ETH,
2020-02-04,US10Y,
2020-02-04,CN10Y,
2020-02-05,000300.SH,
2020-02-05,SPX,
2020-02-05,HSI,
2020-02-05,N225,
2020-02-05,SX5E,
2020-02-05,000688.SH,
2020-02-05,SOX,
2020-02-05,NDX,
2020-02-05,XAU,
2020-02-05,COPPER,
2020-02-05,WTI,
2020-02-05,BTC,
2020-02-05,ETH,
2020-02-05,US10Y,
2020-02-05,CN10Y,
2020-02-06,000300.SH,
2020-02-06,SPX,
2020-02-06,HSI,
2020-02-06,N225,
2020-02-06,SX5E,
2020-02-06,000688.SH,
2020-02-06,SOX,
2020-02-06,NDX,
2020-02-06,XAU,
2020-02-06,COPPER,
2020-02-06,WTI,
2020-02-06,BTC,
2020-02-06,ETH,
2020-02-06,US10Y,
2020-02-06,CN10Y,
2020-02-07,000300.SH,
2020-02-07,SPX,
2020-02-07,HSI,
2020-02-07,N225,
2020-02-07,SX5E,
2020-02-07,000688.SH,
2020-02-07,SOX,
2020-02-07,NDX,
2020-02-07,XAU,
2020-02-07,COPPER,
2020-02-07,WTI,
2020-02-07,BTC,
2020-02-07,ETH,
2020-02-07,US10Y,
2020-02-07,CN10Y,
2020-02-10,000300.SH,
2020-02-10,SPX,
2020-02-10,HSI,
2020-02-10,N225,
2020-02-10,SX5E,
2020-02-10,000688.SH,
2020-02-10,SOX,
2020-02-10,NDX,
2020-02-10,XAU,
2020-02-10,COPPER,
2020-02-10,WTI,
2020-02-10,BTC,
2020-02-10,ETH,
2020-02-10,US10Y,
2020-02-10,CN10Y,
2020-02-12,000300.SH,
2020-02-12,SPX,
2020-02-12,HSI,
2020-02-12,N225,
2020-02-12,SX5E,
2020-02-12,000688.SH,
2020-02-12,SOX,
2020-02-12,NDX,
2020-02-12,XAU,
2020-02-12,COPPER,
2020-02-12,WTI,
2020-02-12,BTC,
2020-02-12,ETH,
2020-02-12,US10Y,
2020-02-12,CN10Y,
2020-02-13,000300.SH,
2020-02-13,SPX,
2020-02-13,HSI,
2020-02-13,N225,
2020-02-13,SX5E,
2020-02-13,000688.SH,
2020-02-13,SOX,
2020-02-13,NDX,
2020-02-13,XAU,
2020-02-13,COPPER,
2020-02-13,WTI,
2020-02-13,BTC,
2020-02-13,ETH,
2020-02-13,US10Y,
2020-02-13,CN10Y,
2020-02-14,000300.SH,
2020-02-14,SPX,
2020-02-14,HSI,
2020-02-14,N225,
2020-02-14,SX5E,
2020-02-14,000688.SH,
2020-02-14,SOX,
2020-02-14,NDX,
2020-02-14,XAU,
2020-02-14,COPPER,
2020-02-14,WTI,
2020-02-14,BTC,
2020-02-14,ETH,
2020-02-14,US10Y,
2020-02-14,CN10Y,
2020-02-18,000300.SH,
2020-02-18,SPX,
2020-02-18,HSI,
2020-02-18,N225,
2020-02-18,SX5E,
2020-02-18,000688.SH,
2020-02-18,SOX,
2020-02-18,NDX,
2020-02-18,XAU,
2020-02-18,COPPER,
2020-02-18,WTI,
2020-02-18,BTC,
2020-02-18,ETH,
2020-02-18,US10Y,
2020-02-18,CN10Y,
2020-02-19,000300.SH,
2020-02-19,SPX,
2020-02-19,HSI,
2020-02-19,N225,
2020-02-19,SX5E,
2020-02-19,000688.SH,
2020-02-19,SOX,
2020-02-19,NDX,
2020-02-19,XAU,
2020-02-19,COPPER,
2020-02-19,WTI,
2020-02-19,BTC,
2020-02-19,ETH,
2020-02-19,US10Y,
2020-02-19,CN10Y,
2020-02-20,000300.SH,
2020-02-20,SPX,
2020-02-20,HSI,
2020-02-20,N225,
2020-02-20,SX5E,
2020-02-20,000688.SH,
2020-02-20,SOX,
2020-02-20,NDX,
2020-02-20,XAU,
2020-02-20,COPPER,
2020-02-20,WTI,
2020-02-20,BTC,
2020-02-20,ETH,
2020-02-20,US10Y,
2020-02-20,CN10Y,
2020-02-21,000300.SH,
2020-02-21,SPX,
2020-02-21,HSI,
2020-02-21,N225,
2020-02-21,SX5E,
2020-02-21,000688.SH,
2020-02-21,SOX,
2020-02-21,NDX,
2020-02-21,XAU,
2020-02-21,COPPER,
2020-02-21,WTI,
2020-02-21,BTC,
2020-02-21,ETH,
2020-02-21,US10Y,
2020-02-21,CN10Y,
2020-02-25,000300.SH,
2020-02-25,SPX,
2020-02-25,HSI,
2020-02-25,N225,
2020-02-25,SX5E,
2020-02-25,000688.SH,
2020-02-25,SOX,
2020-02-25,NDX,
2020-02-25,XAU,
2020-02-25,COPPER,
2020-02-25,WTI,
2020-02-25,BTC,
2020-02-25,ETH,
2020-02-25,US10Y,
2020-02-25,CN10Y,
2020-02-26,000300.SH,
2020-02-26,SPX,
2020-02-26,HSI,
2020-02-26,N225,
2020-02-26,SX5E,
2020-02-26,000688.SH,
2020-02-26,SOX,
2020-02-26,NDX,
2020-02-26,XAU,
2020-02-26,COPPER,
2020-02-26,WTI,
2020-02-26,BTC,
2020-02-26,ETH,
2020-02-26,US10Y,
2020-02-26,CN10Y,
2020-02-27,000300.SH,
2020-02-27,SPX,
2020-02-27,HSI,
2020-02-27,N225,
2020-02-27,SX5E,
2020-02-27,000688.SH,
2020-02-27,SOX,
2020-02-27,NDX,
2020-02-27,XAU,
2020-02-27,COPPER,
2020-02-27,WTI,
2020-02-27,BTC,
2020-02-27,ETH,
2020-02-27,US10Y,
2020-02-27,CN10Y,
2020-02-28,000300.SH,
2020-02-28,SPX,
2020-02-28,HSI,
2020-02-28,N225,
2020-02-28,SX5E,
2020-02-28,000688.SH,
2020-02-28,SOX,
2020-02-28,NDX,
2020-02-28,XAU,
2020-02-28,COPPER,
2020-02-28,WTI,
2020-02-28,BTC,
2020-02-28,ETH,
2020-02-28,US10Y,
2020-02-28,CN10Y,
2020-03-02,000300.SH,
2020-03-02,SPX,
2020-03-02,HSI,
2020-03-02,N225,
2020-03-02,SX5E,
2020-03-02,000688.SH,
2020-03-02,SOX,
2020-03-02,NDX,
2020-03-02,XAU,
2020-03-02,COPPER,
2020-03-02,WTI,
2020-03-02,BTC,
2020-03-02,ETH,
2020-03-02,US10Y,
2020-03-02,CN10Y,
2020-03-03,000300.SH,
2020-03-03,SPX,
2020-03-03,HSI,
2020-03-03,N225,
2020-03-03,SX5E,
2020-03-03,000688.SH,
2020-03-03,SOX,
2020-03-03,NDX,
2020-03-03,XAU,
2020-03-03,COPPER,
2020-03-03,WTI,
2020-03-03,BTC,
2020-03-03,ETH,
2020-03-03,US10Y,
2020-03-03,CN10Y,
2020-03-04,000300.SH,
2020-03-04,SPX,
2020-03-04,HSI,
2020-03-04,N225,
2020-03-04,SX5E,
2020-03-04,000688.SH,
2020-03-04,SOX,
2020-03-04,NDX,
2020-03-04,XAU,
2020-03-04,COPPER,
2020-03-04,WTI,
2020-03-04,BTC,
2020-03-04,ETH,
2020-03-04,US10Y,
2020-03-04,CN10Y,
2020-03-05,000300.SH,
2020-03-05,SPX,
2020-03-05,HSI,
2020-03-05,N225,
2020-03-05,SX5E,
2020-03-05,000688.SH,
2020-03-05,SOX,
2020-03-05,NDX,
2020-03-05,XAU,
2020-03-05,COPPER,
2020-03-05,WTI,
2020-03-05,BTC,
2020-03-05,ETH,
2020-03-05,US10Y,
2020-03-05,CN10Y,
2020-03-06,000300.SH,
2020-03-06,SPX,
2020-03-06,HSI,
2020-03-06,N225,
2020-03-06,SX5E,
2020-03-06,000688.SH,
2020-03-06,SOX,
2020-03-06,NDX,
2020-03-06,XAU,
2020-03-06,COPPER,
2020-03-06,WTI,
2020-03-06,BTC,
2020-03-06,ETH,
2020-03-06,US10Y,
2020-03-06,CN10Y,
2020-03-09,000300.SH,
2020-03-09,SPX,
2020-03-09,HSI,
2020-03-09,N225,
2020-03-09,SX5E,
2020-03-09,000688.SH,
2020-03-09,SOX,
2020-03-09,NDX,
2020-03-09,XAU,
2020-03-09,COPPER,
2020-03-09,WTI,
2020-03-09,BTC,
2020-03-09,ETH,
2020-03-09,US10Y,
2020-03-09,CN10Y,
2020-03-10,000300.SH,
2020-03-10,SPX,
2020-03-10,HSI,
2020-03-10,N225,
2020-03-10,SX5E,
2020-03-10,000688.SH,
2020-03-10,SOX,
2020-03-10,NDX,
2020-03-10,XAU,
2020-03-10,COPPER,
2020-03-10,WTI,
2020-03-10,BTC,
2020-03-10,ETH,
2020-03-10,US10Y,
2020-03-10,CN10Y,
2020-03-11,000300.SH,
2020-03-11,SPX,
2020-03-11,HSI,
2020-03-11,N225,
2020-03-11,SX5E,
2020-03-11,000688.SH,
2020-03-11,SOX,
2020-03-11,NDX,
2020-03-11,XAU,
2020-03-11,COPPER,
2020-03-11,WTI,
2020-03-11,BTC,
2020-03-11,ETH,
2020-03-11,US10Y,
2020-03-11,CN10Y,
2020-03-12,000300.SH,
2020-03-12,SPX,
2020-03-12,HSI,
2020-03-12,N225,
2020-03-12,SX5E,
2020-03-12,000688.SH,
2020-03-12,SOX,
2020-03-12,NDX,
2020-03-12,XAU,
2020-03-12,COPPER,
2020-03-12,WTI,
2020-03-12,BTC,
2020-03-12,ETH,
2020-03-12,US10Y,
2020-03-12,CN10Y,
2020-03-13,000300.SH,
2020-03-13,SPX,
2020-03-13,HSI,
2020-03-13,N225,
2020-03-13,SX5E,
2020-03-13,000688.SH,
2020-03-13,SOX,
2020-03-13,NDX,
2020-03-13,XAU,
2020-03-13,COPPER,
2020-03-13,WTI,
2020-03-13,BTC,
2020-03-13,ETH,
2020-03-13,US10Y,
2020-03-13,CN10Y,
2020-03-16,000300.SH,
2020-03-16,SPX,
2020-03-16,HSI,
2020-03-16,N225,
2020-03-16,SX5E,
2020-03-16,000688.SH,
2020-03-16,SOX,
2020-03-16,NDX,
2020-03-16,XAU,
2020-03-16,COPPER,
2020-03-16,WTI,
2020-03-16,BTC,
2020-03-16,ETH,
2020-03-16,US10Y,
2020-03-16,CN10Y,
2020-03-17,000300.SH,
2020-03-17,SPX,
2020-03-17,HSI,
2020-03-17,N225,
2020-03-17,SX5E,
2020-03-17,000688.SH,
2020-03-17,SOX,
2020-03-17,NDX,
2020-03-17,XAU,
2020-03-17,COPPER,
2020-03-17,WTI,
2020-03-17,BTC,
2020-03-17,ETH,
2020-03-17,US10Y,
2020-03-17,CN10Y,
2020-03-18,000300.SH,
2020-03-18,SPX,
2020-03-18,HSI,
2020-03-18,N225,
2020-03-18,SX5E,
2020-03-18,000688.SH,
2020-03-18,SOX,
2020-03-18,NDX,
2020-03-18,XAU,
2020-03-18,COPPER,
2020-03-18,WTI,
2020-03-18,BTC,
2020-03-18,ETH,
2020-03-18,US10Y,
2020-03-18,CN10Y,
2020-03-19,000300.SH,
2020-03-19,SPX,
2020-03-19,HSI,
2020-03-19,N225,
2020-03-19,SX5E,
2020-03-19,000688.SH,
2020-03-19,SOX,
2020-03-19,NDX,
2020-03-19,XAU,
2020-03-19,COPPER,
2020-03-19,WTI,
2020-03-19,BTC,
2020-03-19,ETH,
2020-03-19,US10Y,
2020-03-19,CN10Y,
2020-03-23,000300.SH,
2020-03-23,SPX,
2020-03-23,HSI,
2020-03-23,N225,
2020-03-23,SX5E,
2020-03-23,000688.SH,
2020-03-23,SOX,
2020-03-23,NDX,
2020-03-23,XAU,
2020-03-23,COPPER,
2020-03-23,WTI,
2020-03-23,BTC,
2020-03-23,ETH,
2020-03-23,US10Y,
2020-03-23,CN10Y,
2020-03-24,000300.SH,
2020-03-24,SPX,
2020-03-24,HSI,
2020-03-24,N225,
2020-03-24,SX5E,
2020-03-24,000688.SH,
2020-03-24,SOX,
2020-03-24,NDX,
2020-03-24,XAU,
2020-03-24,COPPER,
2020-03-24,WTI,
2020-03-24,BTC,
2020-03-24,ETH,
2020-03-24,US10Y,
2020-03-24,CN10Y,
2020-03-25,000300.SH,
2020-03-25,SPX,
2020-03-25,HSI,
2020-03-25,N225,
2020-03-25,SX5E,
2020-03-25,000688.SH,
2020-03-25,SOX,
2020-03-25,NDX,
2020-03-25,XAU,
2020-03-25,COPPER,
2020-03-25,WTI,
2020-03-25,BTC,
2020-03-25,ETH,
2020-03-25,US10Y,
2020-03-25,CN10Y,
2020-03-26,000300.SH,
2020-03-26,SPX,
2020-03-26,HSI,
2020-03-26,N225,
2020-03-26,SX5E,
2020-03-26,000688.SH,
2020-03-26,SOX,
2020-03-26,NDX,
2020-03-26,XAU,
2020-03-26,COPPER,
2020-03-26,WTI,
2020-03-26,BTC,
2020-03-26,ETH,
2020-03-26,US10Y,
2020-03-26,CN10Y,
2020-03-27,000300.SH,
2020-03-27,SPX,
2020-03-27,HSI,
2020-03-27,N225,
2020-03-27,SX5E,
2020-03-27,000688.SH,
2020-03-27,SOX,
2020-03-27,NDX,
2020-03-27,XAU,
2020-03-27,COPPER,
2020-03-27,WTI,
2020-03-27,BTC,
2020-03-27,ETH,
2020-03-27,US10Y,
2020-03-27,CN10Y,
2020-03-30,000300.SH,
2020-03-30,SPX,
2020-03-30,HSI,
2020-03-30,N225,
2020-03-30,SX5E,
2020-03-30,000688.SH,
2020-03-30,SOX,
2020-03-30,NDX,
2020-03-30,XAU,
2020-03-30,COPPER,
2020-03-30,WTI,
2020-03-30,BTC,
2020-03-30,ETH,
2020-03-30,US10Y,
2020-03-30,CN10Y,
2020-03-31,000300.SH,
2020-03-31,SPX,
2020-03-31,HSI,
2020-03-31,N225,
2020-03-31,SX5E,
2020-03-31,000688.SH,
2020-03-31,SOX,
2020-03-31,NDX,
2020-03-31,XAU,
2020-03-31,COPPER,
2020-03-31,WTI,
2020-03-31,BTC,
2020-03-31,ETH,
2020-03-31,US10Y,
2020-03-31,CN10Y,
2020-04-01,000300.SH,
2020-04-01,SPX,
2020-04-01,HSI,
2020-04-01,N225,
2020-04-01,SX5E,
2020-04-01,000688.SH,
2020-04-01,SOX,
2020-04-01,NDX,
2020-04-01,XAU,
2020-04-01,COPPER,
2020-04-01,WTI,
2020-04-01,BTC,
2020-04-01,ETH,
2020-04-01,US10Y,
2020-04-01,CN10Y,
2020-04-02,000300.SH,
2020-04-02,SPX,
2020-04-02,HSI,
2020-04-02,N225,
2020-04-02,SX5E,
2020-04-02,000688.SH,
2020-04-02,SOX,
2020-04-02,NDX,
2020-04-02,XAU,
2020-04-02,COPPER,
2020-04-02,WTI,
2020-04-02,BTC,
2020-04-02,ETH,
2020-04-02,US10Y,
2020-04-02,CN10Y,
2020-04-03,000300.SH,
2020-04-03,SPX,
2020-04-03,HSI,
2020-04-03,N225,
2020-04-03,SX5E,
2020-04-03,000688.SH,
2020-04-03,SOX,
2020-04-03,NDX,
2020-04-03,XAU,
2020-04-03,COPPER,
2020-04-03,WTI,
2020-04-03,BTC,
2020-04-03,ETH,
2020-04-03,US10Y,
2020-04-03,CN10Y,
2020-04-07,000300.SH,
2020-04-07,SPX,
2020-04-07,HSI,
2020-04-07,N225,
2020-04-07,SX5E,
2020-04-07,000688.SH,
2020-04-07,SOX,
2020-04-07,NDX,
2020-04-07,XAU,
2020-04-07,COPPER,
2020-04-07,WTI,
2020-04-07,BTC,
2020-04-07,ETH,
2020-04-07,US10Y,
2020-04-07,CN10Y,
2020-04-08,000300.SH,
2020-04-08,SPX,
2020-04-08,HSI,
2020-04-08,N225,
2020-04-08,SX5E,
2020-04-08,000688.SH,
2020-04-08,SOX,
2020-04-08,NDX,
2020-04-08,XAU,
2020-04-08,COPPER,
2020-04-08,WTI,
2020-04-08,BTC,
2020-04-08,ETH,
2020-04-08,US10Y,
2020-04-08,CN10Y,
2020-04-09,000300.SH,0.03755286073155894
2020-04-09,SPX,-0.00514358974691035
2020-04-09,HSI,0.01662709876565058
2020-04-09,N225,-0.08567316229920346
2020-04-09,SX5E,-0.04886209398234787
2020-04-09,000688.SH,0.10260849291480886
2020-04-09,SOX,-0.06817152599268932
2020-04-09,NDX,-0.02349372840741366
2020-04-09,XAU,-0.09543209138583579
2020-04-09,COPPER,0.09969294756078848
2020-04-09,WTI,0.22254546961894012
2020-04-09,BTC,-0.17406279232446062
2020-04-09,ETH,-0.1710777314313616
2020-04-09,US10Y,0.08990387027342506
2020-04-09,CN10Y,0.10298597570505123
2020-04-14,000300.SH,0.031093127640049886
2020-04-14,SPX,-0.02908238215429658
2020-04-14,HSI,-0.0007600819742951299
2020-04-14,N225,-0.08875900425035253
2020-04-14,SX5E,-0.07046365535427722
2020-04-14,000688.SH,0.09920189014853573
2020-04-14,SOX,-0.05670584298670296
2020-04-14,NDX,-0.03360950037508684
2020-04-14,XAU,-0.13264704279805686
2020-04-14,COPPER,0.09710676016147458
2020-04-14,WTI,0.32252903431731966
2020-04-14,BTC,-0.17650410554520465
2020-04-14,ETH,-0.16814275251340008
2020-04-14,US10Y,0.12150608853482295
2020-04-14,CN10Y,0.08523746714947059
2020-04-15,000300.SH,0.02415149631412448
2020-04-15,SPX,-0.0440763407092193
2020-04-15,HSI,-0.004339385854067772
2020-04-15,N225,-0.10200378716782055
2020-04-15,SX5E,-0.07524345945023649
2020-04-15,000688.SH,0.12794141873810078
2020-04-15,SOX,-0.10894272318276735
2020-04-15,NDX,-0.08372155519577652
2020-04-15,XAU,-0.14693419074192177
2020-04-15,COPPER,0.0797457903555032
2020-04-15,WTI,0.37593230345490025
2020-04-15,BTC,-0.11249157712490877
2020-04-15,ETH,-0.09317429389266173
2020-04-15,US10Y,0.09153052352420467
2020-04-15,CN10Y,0.07162578093254743
2020-04-16,000300.SH,0.019594687829438576
2020-04-16,SPX,-0.05780623630854101
2020-04-16,HSI,-0.006198194824278838
2020-04-16,N225,-0.11056635435238399
2020-04-16,SX5E,-0.06462553055049827
2020-04-16,000688.SH,0.09184970955056604
2020-04-16,SOX,-0.12555076310482138
2020-04-16,NDX,-0.10633831275856644
2020-04-16,XAU,-0.13690191409244348
2020-04-16,COPPER,0.07209086994476999
2020-04-16,WTI,0.41933946644825665
2020-04-16,BTC,-0.12546949885927844
2020-04-16,ETH,-0.12407848812165424
2020-04-16,US10Y,0.18363105513981015
2020-04-16,CN10Y,0.0710295040596252
2020-04-17,000300.SH,0.030639321710051504
2020-04-17,SPX,-0.026661200496225588
2020-04-17,HSI,0.01361723171324911
2020-04-17,N225,-0.08403075811552888
2020-04-17,SX5E,-0.038269535142436674
2020-04-17,000688.SH,0.11122791125766321
2020-04-17,SOX,-0.10493908370972539
2020-04-17,NDX,-0.09011093786551175
2020-04-17,XAU,-0.12879888814909407
2020-04-17,COPPER,0.08243654699200473
2020-04-17,WTI,0.18142755500026567
2020-04-17,BTC,-0.14614318798046616
2020-04-17,ETH,-0.18067686731612734
2020-04-17,US10Y,0.2962095813325758
2020-04-17,CN10Y,0.08407231076930638
2020-04-20,000300.SH,0.025125971907734763
2020-04-20,SPX,-0.040777457125391756
2020-04-20,HSI,0.0028993151663541904
2020-04-20,N225,-0.1108958511543778
2020-04-20,SX5E,-0.05570275917184168
2020-04-20,000688.SH,0.09603862819404975
2020-04-20,SOX,-0.0977344817951354
2020-04-20,NDX,-0.08649056849523135
2020-04-20,XAU,-0.10444538114355095
2020-04-20,COPPER,0.07204619942158486
2020-04-20,WTI,0.23285847271576615
2020-04-20,BTC,-0.11799486797238067
2020-04-20,ETH,-0.14706709370113125
2020-04-20,US10Y,0.25839905081616815
2020-04-20,CN10Y,0.07374082233738354
2020-04-21,000300.SH,-0.007946328396993219
2020-04-21,SPX,-0.032483539128597416
2020-04-21,HSI,-0.012967130554966951
2020-04-21,N225,-0.12149833847121635
2020-04-21,SX5E,-0.08012699696730399
2020-04-21,000688.SH,0.04946475868610147
2020-04-21,SOX,-0.06513831443047699
2020-04-21,NDX,-0.07853288411862384
2020-04-21,XAU,-0.10876460742482336
2020-04-21,COPPER,0.03486041195127996
2020-04-21,WTI,0.22606055917155285
2020-04-21,BTC,-0.14287577910400892
2020-04-21,ETH,-0.2504213671603128
2020-04-21,US10Y,0.5298978410316816
2020-04-21,CN10Y,0.06047171491670851
2020-04-22,000300.SH,-0.023453114452185807
2020-04-22,SPX,-0.07875254113246839
2020-04-22,HSI,-0.042195204069129855
2020-04-22,N225,-0.12929719776495255
2020-04-22,SX5E,-0.11712546852259087
2020-04-22,000688.SH,0.03432607613811916
2020-04-22,SOX,-0.1467809580005352
2020-04-22,NDX,-0.10475809769677336
2020-04-22,XAU,-0.1330593138061003
2020-04-22,COPPER,-0.01648103939984938
2020-04-22,WTI,0.41292605614350425
2020-04-22,BTC,-0.15699970487750425
2020-04-22,ETH,-0.27194571907594534
2020-04-22,US10Y,0.7103353537150573
2020-04-22,CN10Y,0.0632608728013549
2020-04-23,000300.SH,-0.04370282546150876
2020-04-23,SPX,-0.09239010680089157
2020-04-23,HSI,-0.07048315679705962
2020-04-23,N225,-0.1290310893399959
2020-04-23,SX5E,-0.09982417973776114
2020-04-23,000688.SH,0.03231705226924049
2020-04-23,SOX,-0.1584797207821071
2020-04-23,NDX,-0.11665429878017705
2020-04-23,XAU,-0.16112352219498857
2020-04-23,COPPER,-0.03387612940208504
2020-04-23,WTI,0.4597275483655943
2020-04-23,BTC,-0.059551774339891526
2020-04-23,ETH,-0.1900116545214493
2020-04-23,US10Y,0.5865481992804666
2020-04-23,CN10Y,0.07653565824261453
2020-04-24,000300.SH,-0.038299904492321984
2020-04-24,SPX,-0.10665155110439026
2020-04-24,HSI,-0.05396169018933468
2020-04-24,N225,-0.10694051070168537
2020-04-24,SX5E,-0.05293151760372659
2020-04-24,000688.SH,-0.020335094815417287
2020-04-24,SOX,-0.07620499966032057
2020-04-24,NDX,-0.09737208177888987
2020-04-24,XAU,-0.10869600942054751
2020-04-24,COPPER,-0.05314023078385263
2020-04-24,WTI,0.2915927654547888
2020-04-24,BTC,0.026137706832315883
2020-04-24,ETH,-0.09081218131584112
2020-04-24,US10Y,0.42201705075622914
2020-04-24,CN10Y,0.06559824882299435
2020-04-27,000300.SH,-0.02403639842477677
2020-04-27,SPX,-0.08891753805822736
2020-04-27,HSI,-0.026370068240366903
2020-04-27,N225,-0.04753065033908788
2020-04-27,SX5E,0.009732534918065042
2020-04-27,000688.SH,-0.0360171630528253
2020-04-27,SOX,-0.0644946752974012
2020-04-27,NDX,-0.09591340701512083
2020-04-27,XAU,-0.04062754598840348
2020-04-27,COPPER,-0.042638980857518945
2020-04-27,WTI,0.2152468280301775
2020-04-27,BTC,-0.025041327842850455
2020-04-27,ETH,-0.20348451503107823
2020-04-27,US10Y,0.4137982285018265
2020-04-27,CN10Y,0.0562946786975883
2020-04-28,000300.SH,-0.008114072289137056
2020-04-28,SPX,-0.10381635759496835
2020-04-28,HSI,-0.011597212021400571
2020-04-28,N225,0.0016101622584700596
2020-04-28,SX5E,0.006603581077276814
2020-04-28,000688.SH,-0.0005852031420508219
2020-04-28,SOX,-0.10487082309959361
2020-04-28,NDX,-0.12400527555725804
2020-04-28,XAU,-0.04493525203915709
2020-04-28,COPPER,-0.04042455057917257
2020-04-28,WTI,0.44360720790802505
2020-04-28,BTC,-0.08833696167145393
2020-04-28,ETH,-0.28951904852771665
2020-04-28,US10Y,0.3205976918121673
2020-04-28,CN10Y,0.04378611346596953
2020-05-07,000300.SH,-0.024418574370418177
2020-05-07,SPX,-0.04465633376619081
2020-05-07,HSI,-0.03444774607160714
2020-05-07,N225,-0.04593620558119961
2020-05-07,SX5E,-0.00010835154488189613
2020-05-07,000688.SH,0.01036429213778214
2020-05-07,SOX,-0.040763942145113044
2020-05-07,NDX,-0.05683264025554657
2020-05-07,XAU,-0.04749969350230552
2020-05-07,COPPER,-0.052136821069754105
2020-05-07,WTI,0.35821483223046247
2020-05-07,BTC,-0.0864918235263834
2020-05-07,ETH,-0.28791469537532144
2020-05-07,US10Y,0.31995935467717196
2020-05-07,CN10Y,0.03266834816330513
2020-05-08,000300.SH,0.0033500686443211636
2020-05-08,SPX,0.04138283450242266
2020-05-08,HSI,0.03960610839092876
2020-05-08,N225,0.041325358414998264
2020-05-08,SX5E,0.06801164759146171
2020-05-08,000688.SH,-0.009068187259615716
2020-05-08,SOX,0.05759042431721684
2020-05-08,NDX,-0.017686861525694764
2020-05-08,XAU,-0.031115291905110677
2020-05-08,COPPER,-0.024186304187893935
2020-05-08,WTI,-0.24321589381209657
2020-05-08,BTC,-0.2206842483269914
2020-05-08,ETH,-0.17703793312262123
2020-05-08,US10Y,0.4480458452089581
2020-05-08,CN10Y,0.02368243306971691
2020-05-11,000300.SH,-0.00923842592172118
2020-05-11,SPX,0.0777730736902282
2020-05-11,HSI,0.022932220875699447
2020-05-11,N225,0.006925039709656706
2020-05-11,SX5E,0.08646482500022996
2020-05-11,000688.SH,-0.053183971056909154
2020-05-11,SOX,0.09111972150908505
2020-05-11,NDX,0.028914622409923606
2020-05-11,XAU,-0.022008940101330886
2020-05-11,COPPER,-0.03013805767671727
2020-05-11,WTI,-0.30818851406512177
2020-05-11,BTC,-0.16302511882469528
2020-05-11,ETH,-0.13044309507993457
2020-05-11,US10Y,0.36879613497758984
2020-05-11,CN10Y,0.033300484554017344
2020-05-12,000300.SH,-0.008291069579540317
2020-05-12,SPX,0.052778702089098045
2020-05-12,HSI,0.02327496469386115
2020-05-12,N225,-0.01558746581944609
2020-05-12,SX5E,0.09610418369809166
2020-05-12,000688.SH,-0.05418471126581333
2020-05-12,SOX,0.058079309327930345
2020-05-12,NDX,0.0015239433422155474
2020-05-12,XAU,-0.05188037780233119
2020-05-12,COPPER,0.002017945319294074
2020-05-12,WTI,-0.32520536712916404
2020-05-12,BTC,-0.051112085404717594
2020-05-12,ETH,-0.021680982124457585
2020-05-12,US10Y,0.2907259593745791
2020-05-12,CN10Y,0.003437051280400314
2020-05-13,000300.SH,-0.006232304842424161
2020-05-13,SPX,0.04468839559027748
2020-05-13,HSI,0.021789994418827577
2020-05-13,N225,-0.05434984207587811
2020-05-13,SX5E,0.06914911507874931
2020-05-13,000688.SH,-0.04278818682749265
2020-05-13,SOX,0.049894761758285076
2020-05-13,NDX,-0.005791572046486797
2020-05-13,XAU,-0.04620036280524568
2020-05-13,COPPER,0.0058071695951814935
2020-05-13,WTI,-0.2799277049158906
2020-05-13,BTC,-0.02371598488030431
2020-05-13,ETH,0.007670442723103278
2020-05-13,US10Y,0.2633567837698118
2020-05-13,CN10Y,-0.0033507045405136225
2020-05-14,000300.SH,-0.0036353815759905548
2020-05-14,SPX,0.050948716923624585
2020-05-14,HSI,0.020194444730107387
2020-05-14,N225,-0.0741007840575691
2020-05-14,SX5E,0.07289486948211912
2020-05-14,000688.SH,-0.02145102826063197
2020-05-14,SOX,0.06011469566431976
2020-05-14,NDX,-0.00601659735325173
2020-05-14,XAU,-0.03914834833442268
2020-05-14,COPPER,0.00950557632726694
2020-05-14,WTI,-0.16189093828238837
2020-05-14,BTC,-0.10553102803050513
2020-05-14,ETH,-0.06625817982021112
2020-05-14,US10Y,0.2807188965685463
2020-05-14,CN10Y,-0.016344913981013388
2020-05-15,000300.SH,0.0026199965577130297
2020-05-15,SPX,0.028332767721647292
2020-05-15,HSI,0.033738935456743405
2020-05-15,N225,-0.05522377840948452
2020-05-15,SX5E,0.08423205662601303
2020-05-15,000688.SH,-0.02813769054190026
2020-05-15,SOX,0.015750291235974323
2020-05-15,NDX,-0.02608690560603724
2020-05-15,XAU,-0.03924827521076827
2020-05-15,COPPER,-0.013776721036057513
2020-05-15,WTI,-0.051108907284484625
2020-05-15,BTC,-0.15688319049015154
2020-05-15,ETH,-0.07567279431405805
2020-05-15,US10Y,0.2897304947896751
2020-05-15,CN10Y,-0.008266279494824105
2020-05-18,000300.SH,0.008464445395284471
2020-05-18,SPX,0.03364318510347184
2020-05-18,HSI,0.0556300549979489
2020-05-18,N225,-0.01954351733082045
2020-05-18,SX5E,0.10880094751866178
2020-05-18,000688.SH,-0.06035012817496731
2020-05-18,SOX,0.06223072238318991
2020-05-18,NDX,-0.020105127424994082
2020-05-18,XAU,-0.034536013490066624
2020-05-18,COPPER,0.00949142867719601
2020-05-18,WTI,-0.35117350658946117
2020-05-18,BTC,-0.12169526109514524
2020-05-18,ETH,0.018793067817454587
2020-05-18,US10Y,0.35533817007756013
2020-05-18,CN10Y,-0.04498846786531276
2020-05-19,000300.SH,0.005433227806806865
2020-05-19,SPX,0.05298685686694183
2020-05-19,HSI,0.0415522136641002
2020-05-19,N225,0.0017280263736473437
2020-05-19,SX5E,0.06786110365922014
2020-05-19,000688.SH,-0.04587708652298841
2020-05-19,SOX,0.06967365195284363
2020-05-19,NDX,0.0013031281768763406
2020-05-19,XAU,-0.021924388374662464
2020-05-19,COPPER,-0.012107083738028693
2020-05-19,WTI,-0.2734526075167849
2020-05-19,BTC,-0.10352297505588569
2020-05-19,ETH,0.00521979332582799
2020-05-19,US10Y,0.2803182666458944
2020-05-19,CN10Y,-0.06919212726380859
2020-05-20,000300.SH,0.0038952212786347376
2020-05-20,SPX,0.08911459197640978
2020-05-20,HSI,0.040503494435393084
2020-05-20,N225,-0.00951592446820637
2020-05-20,SX5E,0.09391303395635589
2020-05-20,000688.SH,-0.09739728790775506
2020-05-20,SOX,0.06422714612304865
2020-05-20,NDX,0.016740510491421712
2020-05-20,XAU,0.007312888364515668
2020-05-20,COPPER,-0.00346986105105267
2020-05-20,WTI,-0.35217093667902627
2020-05-20,BTC,-0.10222934849349058
2020-05-20,ETH,0.007300069874699764
2020-05-20,US10Y,0.2936047015839083
2020-05-20,CN10Y,-0.05182829948485653
2020-05-22,000300.SH,0.015832410043825466
2020-05-22,SPX,0.08636979364112302
2020-05-22,HSI,0.043275539821184414
2020-05-22,N225,-0.004539812465874135
2020-05-22,SX5E,0.08417568136601136
2020-05-22,000688.SH,-0.11360790421986028
2020-05-22,SOX,0.07839593131951675
2020-05-22,NDX,0.045685315428746064
2020-05-22,XAU,0.017669151478899303
2020-05-22,COPPER,0.01407771702343403
2020-05-22,WTI,-0.40261442307266354
2020-05-22,BTC,-0.14122125659532073
2020-05-22,ETH,-0.048453252253398166
2020-05-22,US10Y,0.3497308591014483
2020-05-22,CN10Y,-0.024775750617071844
2020-05-26,000300.SH,0.043408488864535036
2020-05-26,SPX,0.0881698830484356
2020-05-26,HSI,0.09995624199707759
2020-05-26,N225,0.008371117110379956
2020-05-26,SX5E,0.07327452665168246
2020-05-26,000688.SH,-0.029330342371583912
2020-05-26,SOX,0.09412240693710501
2020-05-26,NDX,0.05800749773292456
2020-05-26,XAU,0.017633818743964233
2020-05-26,COPPER,0.021396603526140354
2020-05-26,WTI,-0.5578045898955845
2020-05-26,BTC,-0.1243617575091589
2020-05-26,ETH,-0.040594301329079
2020-05-26,US10Y,0.24831958206832988
2020-05-26,CN10Y,-0.0005691755751683833
2020-05-27,000300.SH,0.023446184603266265
2020-05-27,SPX,0.05766660384848029
2020-05-27,HSI,0.0642633564816047
2020-05-27,N225,-0.05715922632933626
2020-05-27,SX5E,0.024190785838843903
2020-05-27,000688.SH,-0.07525336263503163
2020-05-27,SOX,0.07946503558583472
2020-05-27,NDX,0.057525036769652746
2020-05-27,XAU,0.02877646620317699
2020-05-27,COPPER,0.007584197957999942
2020-05-27,WTI,-0.29957875062449946
2020-05-27,BTC,-0.044351874760136814
2020-05-27,ETH,0.07237581355998346
2020-05-27,US10Y,0.11901750600242941
2020-05-27,CN10Y,-0.0579677725022683
2020-05-28,000300.SH,0.03685035530804027
2020-05-28,SPX,0.05993748644870565
2020-05-28,HSI,0.07945211747100583
2020-05-28,N225,-0.03625911755762196
2020-05-28,SX5E,0.026534071187986973
2020-05-28,000688.SH,-0.04308408445421948
2020-05-28,SOX,0.06124016191222028
2020-05-28,NDX,0.051400294177342695
2020-05-28,XAU,-0.006924949402417585
2020-05-28,COPPER,0.030135821845687742
2020-05-28,WTI,-0.28520119649533116
2020-05-28,BTC,-0.10812960904062457
2020-05-28,ETH,0.0077351834348980755
2020-05-28,US10Y,0.17793898965457927
2020-05-28,CN10Y,-0.051625524490252026
2020-05-29,000300.SH,0.04709358225826418
2020-05-29,SPX,0.07385934980705895
2020-05-29,HSI,0.09511496425875259
2020-05-29,N225,-0.060393649525699464
2020-05-29,SX5E,0.04182203823789693
2020-05-29,000688.SH,0.006185133766411437
2020-05-29,SOX,0.09914217925553521
2020-05-29,NDX,0.07116944795400416
2020-05-29,XAU,0.0015667246789655173
2020-05-29,COPPER,0.015383774250618907
2020-05-29,WTI,-0.42602734929802766
2020-05-29,BTC,-0.13108677063690377
2020-05-29,ETH,0.004876676577013246
2020-05-29,US10Y,0.1831136162909774
2020-05-29,CN10Y,-0.021819717874867566
2020-06-02,000300.SH,0.05061164556103526
2020-06-02,SPX,0.09273614406967508
2020-06-02,HSI,0.10133978806565419
2020-06-02,N225,-0.05853878525964001
2020-06-02,SX5E,0.05675670663114016
2020-06-02,000688.SH,0.015473410601678485
2020-06-02,SOX,0.09390842239948519
2020-06-02,NDX,0.0717850322723345
2020-06-02,XAU,-0.007009041362952663
2020-06-02,COPPER,-0.0014575714780658122
2020-06-02,WTI,-0.7660515354760961
2020-06-02,BTC,-0.039106463009541154
2020-06-02,ETH,0.1082567009069443
2020-06-02,US10Y,0.2940369611181933
2020-06-02,CN10Y,-0.012741415039844443
2020-06-03,000300.SH,0.02616224979880361
2020-06-03,SPX,0.09820859147807252
2020-06-03,HSI,0.056643541930569835
2020-06-03,N225,-0.08870453950755036
2020-06-03,SX5E,0.03238728378082481
2020-06-03,000688.SH,-0.02089862760345479
2020-06-03,SOX,0.12798685173073318
2020-06-03,NDX,0.08846263693650315
2020-06-03,XAU,0.018388622269594097
2020-06-03,COPPER,-0.008542471235482477
2020-06-03,WTI,-0.69388783091936
2020-06-03,BTC,-0.001763831906294283
2020-06-03,ETH,0.09315425828082391
2020-06-03,US10Y,0.32281128433614864
2020-06-03,CN10Y,-0.05040801936993154
2020-06-04,000300.SH,0.022756845267751187
2020-06-04,SPX,0.08253909942828067
2020-06-04,HSI,0.04488755312222675
2020-06-04,N225,-0.08712945725589949
2020-06-04,SX5E,0.002430643992829766
2020-06-04,000688.SH,-0.0010847816566822328
2020-06-04,SOX,0.08649455586280656
2020-06-04,NDX,0.08027405550320416
2020-06-04,XAU,0.044705770228683356
2020-06-04,COPPER,0.004319425681723606
2020-06-04,WTI,-0.48802324317785845
2020-06-04,BTC,0.03788070231763427
2020-06-04,ETH,0.07837378966409643
2020-06-04,US10Y,0.15641967880643848
2020-06-04,CN10Y,-0.06484463778523465
2020-06-05,000300.SH,0.01604029392666822
2020-06-05,SPX,0.10480938922395648
2020-06-05,HSI,0.0386000995447984
2020-06-05,N225,-0.0976600042852415
2020-06-05,SX5E,-0.006561159139860138
2020-06-05,000688.SH,-0.007236386267421794
2020-06-05,SOX,0.10709153871924192
2020-06-05,NDX,0.10997669221612105
2020-06-05,XAU,0.031491376946002035
2020-06-05,COPPER,0.027377711902895244
2020-06-05,WTI,-0.4708513741000896
2020-06-05,BTC,0.03840065284126461
2020-06-05,ETH,0.10500871956835864
2020-06-05,US10Y,0.08658354875750528
2020-06-05,CN10Y,-0.08307109985419857
2020-06-08,000300.SH,0.022147124275409588
2020-06-08,SPX,0.1064568163341803
2020-06-08,HSI,0.04502484137837444
2020-06-08,N225,-0.0735861711702181
2020-06-08,SX5E,-0.008192654359308035
2020-06-08,000688.SH,-0.002229514821545658
2020-06-08,SOX,0.11068152366586066
2020-06-08,NDX,0.10903262216117698
2020-06-08,XAU,0.03915093009243464
2020-06-08,COPPER,0.006695521318225595
2020-06-08,WTI,-0.7121562552278995
2020-06-08,BTC,0.11768748125889374
2020-06-08,ETH,0.1914344343167063
2020-06-08,US10Y,0.1243899202268769
2020-06-08,CN10Y,-0.07653661944916762
2020-06-09,000300.SH,0.026196521570931698
2020-06-09,SPX,0.09632624277579814
2020-06-09,HSI,0.05960804669450378
2020-06-09,N225,-0.08539987060656175
2020-06-09,SX5E,0.019916250220300746
2020-06-09,000688.SH,-0.00625171810352906
2020-06-09,SOX,0.11543673430193624
2020-06-09,NDX,0.09004342601020004
2020-06-09,XAU,0.02943464406887915
2020-06-09,COPPER,-0.009556395295980843
2020-06-09,WTI,-0.653055488351466
2020-06-09,BTC,0.10669990579667249
2020-06-09,ETH,0.17773518137256542
2020-06-09,US10Y,0.09871812967364571
2020-06-09,CN10Y,-0.06585161012789562
2020-06-10,000300.SH,0.005506970065004337
2020-06-10,SPX,0.014057639696945321
2020-06-10,HSI,-0.009013735043437035
2020-06-10,N225,-0.1204049553040096
2020-06-10,SX5E,-0.054743942729571476
2020-06-10,000688.SH,0.02392517761417458
2020-06-10,SOX,0.0006739091118322586
2020-06-10,NDX,0.03342750275106514
2020-06-10,XAU,0.013928839883014247
2020-06-10,COPPER,-0.04093435836735111
2020-06-10,WTI,-0.0790653444388021
2020-06-10,BTC,0.22753905905203275
2020-06-10,ETH,0.08228298729613734
2020-06-10,US10Y,-0.05459587026088835
2020-06-10,CN10Y,-0.04258387932614612
2020-06-11,000300.SH,0.011220686453790181
2020-06-11,SPX,0.01938611987338266
2020-06-11,HSI,-0.004095477517332925
2020-06-11,N225,-0.10222783873411671
2020-06-11,SX5E,-0.049403350735052615
2020-06-11,000688.SH,0.031761813904516434
2020-06-11,SOX,0.005403962023232054
2020-06-11,NDX,0.016407349251811927
2020-06-11,XAU,-0.01665040203085874
2020-06-11,COPPER,-0.06369905949857485
2020-06-11,WTI,-0.10038462890859852
2020-06-11,BTC,0.1677282443616398
2020-06-11,ETH,0.030307330862967767
2020-06-11,US10Y,0.10992888439888471
2020-06-11,CN10Y,-0.05568363370569099
2020-06-12,000300.SH,0.013205268914668618
2020-06-12,SPX,0.04824531285298818
2020-06-12,HSI,0.024003791609839925
2020-06-12,N225,-0.07326460850218515
2020-06-12,SX5E,-0.03580577964576091
2020-06-12,000688.SH,0.002768043255091522
2020-06-12,SOX,0.03068217004858133
2020-06-12,NDX,0.044784675273165674
2020-06-12,XAU,-0.013100763121477064
2020-06-12,COPPER,-0.052439285187929396
2020-06-12,WTI,-0.14423024386728522
2020-06-12,BTC,0.046216142665771176
2020-06-12,ETH,-0.08169519084511219
2020-06-12,US10Y,0.21599539252272865
2020-06-12,CN10Y,-0.025364925973084686
2020-06-15,000300.SH,0.01630481725250794
2020-06-15,SPX,0.030198190068541464
2020-06-15,HSI,0.021998535038227088
2020-06-15,N225,-0.06176470425737975
2020-06-15,SX5E,-0.026845324191794796
2020-06-15,000688.SH,0.027300586642842593
2020-06-15,SOX,0.00813655540166041
2020-06-15,NDX,0.03261815456273906
2020-06-15,XAU,-0.010861405660886586
2020-06-15,COPPER,-0.08103559897136102
2020-06-15,WTI,-0.08439968423344948
2020-06-15,BTC,0.08368941273731507
2020-06-15,ETH,-0.059854316793447895
2020-06-15,US10Y,0.12122871951011935
2020-06-15,CN10Y,-0.01671393710563298
2020-06-16,000300.SH,0.02903933866381298
2020-06-16,SPX,4.6583798618422476e-05
2020-06-16,HSI,0.03941547340399319
2020-06-16,N225,-0.03338348769338452
2020-06-16,SX5E,-0.05023217289376523
2020-06-16,000688.SH,0.045503051324334756
2020-06-16,SOX,-0.031142815950657148
2020-06-16,NDX,0.004178292844619472
2020-06-16,XAU,0.002278693316466394
2020-06-16,COPPER,-0.06375285238199632
2020-06-16,WTI,-0.11272694413414683
2020-06-16,BTC,0.13633352596710774
2020-06-16,ETH,0.011314392823452538
2020-06-16,US10Y,0.03851740774186914
2020-06-16,CN10Y,-0.015388486830324122
2020-06-17,000300.SH,0.006929166618942514
2020-06-17,SPX,0.0052894905400859525
2020-06-17,HSI,0.00579246310246679
2020-06-17,N225,-0.09505520166724082
2020-06-17,SX5E,-0.09177944087464829
2020-06-17,000688.SH,0.017002131391871685
2020-06-17,SOX,-0.00509109480040032
2020-06-17,NDX,0.009537266707604115
2020-06-17,XAU,0.010236140016541865
2020-06-17,COPPER,-0.04546002184607405
2020-06-17,WTI,-0.017720456695282036
2020-06-17,BTC,0.2012255045557259
2020-06-17,ETH,0.03586224594388314
2020-06-17,US10Y,-0.002337734867640443
2020-06-17,CN10Y,-0.03443045812583561
2020-06-18,000300.SH,0.0034389966469186924
2020-06-18,SPX,0.01422699355835438
2020-06-18,HSI,-0.0007339041618977119
2020-06-18,N225,-0.08281772970013997
2020-06-18,SX5E,-0.09450981079415345
2020-06-18,000688.SH,0.03907362357586131
2020-06-18,SOX,-0.03462200802376974
2020-06-18,NDX,0.014032468293196614
2020-06-18,XAU,0.01864003665271144
2020-06-18,COPPER,-0.06775325576553248
2020-06-18,WTI,0.0502486757378551
2020-06-18,BTC,0.16163970416225898
2020-06-18,ETH,0.003579574846771084
2020-06-18,US10Y,0.030053456829345862
2020-06-18,CN10Y,-0.054496821857779765
2020-06-19,000300.SH,-0.01235024753036882
2020-06-19,SPX,0.005523607214693625
2020-06-19,HSI,-0.0062392354429301015
2020-06-19,N225,-0.08654913953739904
2020-06-19,SX5E,-0.06744161591500059
2020-06-19,000688.SH,-0.005112880021072377
2020-06-19,SOX,-0.034168401288917925
2020-06-19,NDX,-0.009858775276833908
2020-06-19,XAU,0.007295915764586738
2020-06-19,COPPER,-0.04644932921220663
2020-06-19,WTI,-0.01044462040687337
2020-06-19,BTC,0.1419930816612153
2020-06-19,ETH,0.036350983017651245
2020-06-19,US10Y,0.12343598716265503
2020-06-19,CN10Y,-0.03598533018919883
2020-06-22,000300.SH,-0.016966927331349337
2020-06-22,SPX,0.0019953925372280966
2020-06-22,HSI,0.005821959903967048
2020-06-22,N225,-0.07682910833385466
2020-06-22,SX5E,-0.07548903000873403
2020-06-22,000688.SH,0.03394344670672982
2020-06-22,SOX,-0.02961131176049293
2020-06-22,NDX,-0.011780269243979707
2020-06-22,XAU,0.000436860646098141
2020-06-22,COPPER,-0.05600785068712569
2020-06-22,WTI,-0.03531586964550815
2020-06-22,BTC,0.15721492185148045
2020-06-22,ETH,0.04757301757867375
2020-06-22,US10Y,0.09810722342538311
2020-06-22,CN10Y,-0.04309245563851562
2020-06-23,000300.SH,-0.018743512872021
2020-06-23,SPX,0.02808402752183118
2020-06-23,HSI,0.016677044911008663
2020-06-23,N225,-0.0623167858313144
2020-06-23,SX5E,-0.04104006604161346
2020-06-23,000688.SH,-0.005274675673203423
2020-06-23,SOX,0.018952149577917063
2020-06-23,NDX,0.012301833923513757
2020-06-23,XAU,0.0014969728280507027
2020-06-23,COPPER,-0.0671557854739822
2020-06-23,WTI,-0.02094204892032475
2020-06-23,BTC,0.1219376961404576
2020-06-23,ETH,-0.0011307575298784948
2020-06-23,US10Y,0.0856300307906546
2020-06-23,CN10Y,-0.06847612335109556
2020-06-24,000300.SH,-0.044942188985237205
2020-06-24,SPX,0.04138739328773172
2020-06-24,HSI,-0.05258457676694942
2020-06-24,N225,-0.0701979441426196
2020-06-24,SX5E,-0.05461985657771516
2020-06-24,000688.SH,-0.07615089655685184
2020-06-24,SOX,0.025009484802515754
2020-06-24,NDX,0.020545520011506606
2020-06-24,XAU,-0.019145668526516328
2020-06-24,COPPER,-0.06360466973008128
2020-06-24,WTI,0.12532472327699382
2020-06-24,BTC,0.133180359377519
2020-06-24,ETH,0.031043420775138636
2020-06-24,US10Y,0.09488527593103058
2020-06-24,CN10Y,-0.09013037617646501
2020-06-29,000300.SH,-0.045825483364067734
2020-06-29,SPX,0.049532497862200625
2020-06-29,HSI,-0.037580940168891845
2020-06-29,N225,-0.036671314198310274
2020-06-29,SX5E,-0.013196755469785406
2020-06-29,000688.SH,-0.07322759935854567
2020-06-29,SOX,0.01857759735747739
2020-06-29,NDX,0.007800240101561969
2020-06-29,XAU,-0.033609608513218765
2020-06-29,COPPER,-0.06587693622455475
2020-06-29,WTI,0.08768355923282187
2020-06-29,BTC,0.08161599279587332
2020-06-29,ETH,-0.015924547939599944
2020-06-29,US10Y,0.10827705292066324
2020-06-29,CN10Y,-0.031573755033623724
2020-06-30,000300.SH,-0.04851807304133924
2020-06-30,SPX,0.05458671709429454
2020-06-30,HSI,-0.024773301450212733
2020-06-30,N225,-0.009217325389164296
2020-06-30,SX5E,-0.014189180613740113
2020-06-30,000688.SH,-0.0788086264338737
2020-06-30,SOX,0.02223060040148797
2020-06-30,NDX,0.008571349437931282
2020-06-30,XAU,-0.029860939255082233
2020-06-30,COPPER,-0.1022233550003556
2020-06-30,WTI,-0.046986737255936786
2020-06-30,BTC,0.11785242318426165
2020-06-30,ETH,0.03449318626706334
2020-06-30,US10Y,0.1421992975820775
2020-06-30,CN10Y,-0.025356035527411218
2020-07-02,000300.SH,-0.05895885679347168
2020-07-02,SPX,0.03480184642603762
2020-07-02,HSI,-0.03723647138163458
2020-07-02,N225,0.0009389787144020098
2020-07-02,SX5E,-0.0013095461639679893
2020-07-02,000688.SH,-0.1279027972070042
2020-07-02,SOX,-0.030435577520485334
2020-07-02,NDX,-0.016195894583358045
2020-07-02,XAU,-0.03288598297034985
2020-07-02,COPPER,-0.1033657797830286
2020-07-02,WTI,0.005941960428987911
2020-07-02,BTC,0.16057179000139135
2020-07-02,ETH,0.09470000482313928
2020-07-02,US10Y,0.1386037365720235
2020-07-02,CN10Y,-0.02726741056268117
2020-07-06,000300.SH,-0.09479887655226593
2020-07-06,SPX,0.03728159651614195
2020-07-06,HSI,-0.07052254664586452
2020-07-06,N225,0.009074165443229622
2020-07-06,SX5E,-0.035989559640227
2020-07-06,000688.SH,-0.10265098172265313
2020-07-06,SOX,0.00633030768801187
2020-07-06,NDX,-0.012271912761508661
2020-07-06,XAU,-0.01916556098947268
2020-07-06,COPPER,-0.09114101204268624
2020-07-06,WTI,0.08621892281418567
2020-07-06,BTC,0.1656439400872207
2020-07-06,ETH,0.1053704229315991
2020-07-06,US10Y,0.05958505307773075
2020-07-06,CN10Y,-0.04296395820344131
2020-07-07,000300.SH,-0.1391835605384275
2020-07-07,SPX,0.029540754311154823
2020-07-07,HSI,-0.07245796389361728
2020-07-07,N225,0.006251687637731833
2020-07-07,SX5E,-0.010698891837373627
2020-07-07,000688.SH,-0.12006695878281828
2020-07-07,SOX,-0.009499459539636042
2020-07-07,NDX,-0.03086620533391246
2020-07-07,XAU,-0.02870100376320555
2020-07-07,COPPER,-0.07911393060656079
2020-07-07,WTI,0.1686005691840745
2020-07-07,BTC,0.14229427647882084
2020-07-07,ETH,0.10021975799341874
2020-07-07,US10Y,0.10249655598157188
2020-07-07,CN10Y,-0.058815627291221265
2020-07-08,000300.SH,-0.15243181540110598
2020-07-08,SPX,0.032916212922434795
2020-07-08,HSI,-0.05254230472432692
2020-07-08,N225,0.015059151897203894
2020-07-08,SX5E,0.015893814476526786
2020-07-08,000688.SH,-0.1645355651085597
2020-07-08,SOX,0.00570251012075109
2020-07-08,NDX,-0.04011930996917364
2020-07-08,XAU,-0.056688343031858573
2020-07-08,COPPER,-0.09270640467973675
2020-07-08,WTI,0.09166268452863935
2020-07-08,BTC,0.1269967430070002
2020-07-08,ETH,0.09698410856339598
2020-07-08,US10Y,0.24226718580093953
2020-07-08,CN10Y,-0.06845866840213025
2020-07-09,000300.SH,-0.16717486622749936
2020-07-09,SPX,0.021675330819599433
2020-07-09,HSI,-0.05551749130590948
2020-07-09,N225,0.027976993677261378
2020-07-09,SX5E,0.025403058449250202
2020-07-09,000688.SH,-0.17444599711746073
2020-07-09,SOX,0.00030992055840922596
2020-07-09,NDX,-0.06039088359265614
2020-07-09,XAU,-0.05219362293675032
2020-07-09,COPPER,-0.10342850137496751
2020-07-09,WTI,0.13149417080767367
2020-07-09,BTC,0.12738524947865312
2020-07-09,ETH,0.06271030582606345
2020-07-09,US10Y,0.28445610208386585
2020-07-09,CN10Y,-0.06825976914553306
2020-07-10,000300.SH,-0.18340823427370803
2020-07-10,SPX,0.03324024534256252
2020-07-10,HSI,-0.049213458980194545
2020-07-10,N225,0.0239055319305973
2020-07-10,SX5E,0.05468706337335885
2020-07-10,000688.SH,-0.23210253627895175
2020-07-10,SOX,-0.01272020270942668
2020-07-10,NDX,-0.06935270127544495
2020-07-10,XAU,-0.06710312276114143
2020-07-10,COPPER,-0.09496592329704437
2020-07-10,WTI,0.13088682046415057
2020-07-10,BTC,0.09173527213116213
2020-07-10,ETH,0.02833236168870401
2020-07-10,US10Y,0.4187373311586885
2020-07-10,CN10Y,-0.0726584465133124
2020-07-13,000300.SH,-0.15937296921579858
2020-07-13,SPX,0.035713580015316784
2020-07-13,HSI,-0.02992271638591626
2020-07-13,N225,0.04890883957762892
2020-07-13,SX5E,0.039653877241394006
2020-07-13,000688.SH,-0.23673208863029865
2020-07-13,SOX,-0.010454165776371056
2020-07-13,NDX,-0.06785926852011864
2020-07-13,XAU,-0.05349734973473054
2020-07-13,COPPER,-0.10498829273893474
2020-07-13,WTI,0.09901567596545224
2020-07-13,BTC,0.10612126728725732
2020-07-13,ETH,0.060481532184236304
2020-07-13,US10Y,0.3417201915521668
2020-07-13,CN10Y,-0.06878811282128408
2020-07-14,000300.SH,-0.17306230410423595
2020-07-14,SPX,0.040348460926956514
2020-07-14,HSI,-0.019229219793090366
2020-07-14,N225,0.024148487504305653
2020-07-14,SX5E,0.012193271653525753
2020-07-14,000688.SH,-0.2764460965219262
2020-07-14,SOX,0.01038353180102332
2020-07-14,NDX,-0.03645952403311392
2020-07-14,XAU,-0.046447811797142184
2020-07-14,COPPER,-0.09556459421601962
2020-07-14,WTI,0.14003733803055116
2020-07-14,BTC,0.1161690754994164
2020-07-14,ETH,0.06352011869867752
2020-07-14,US10Y,0.31927729132932847
2020-07-14,CN10Y,-0.07886802497825685
2020-07-15,000300.SH,-0.16510655143855735
2020-07-15,SPX,0.022443744278598018
2020-07-15,HSI,-0.007856495197555463
2020-07-15,N225,0.034540081425069015
2020-07-15,SX5E,0.013204299385651019
2020-07-15,000688.SH,-0.27082126395414824
2020-07-15,SOX,-0.002841070122237775
2020-07-15,NDX,-0.03112289055863629
2020-07-15,XAU,-0.03454124133168043
2020-07-15,COPPER,-0.07465743823135283
2020-07-15,WTI,0.13825482190035127
2020-07-15,BTC,0.12770143866411862
2020-07-15,ETH,0.07752179262857196
2020-07-15,US10Y,0.22957636012882876
2020-07-15,CN10Y,-0.05629558757702052
2020-07-16,000300.SH,-0.15135145293463226
2020-07-16,SPX,-0.004057528409906943
2020-07-16,HSI,-0.017294200430773267
2020-07-16,N225,0.0037923289175727307
2020-07-16,SX5E,-0.017893240780960114
2020-07-16,000688.SH,-0.1931106070893132
2020-07-16,SOX,-0.012060808171604858
2020-07-16,NDX,-0.04081983733803917
2020-07-16,XAU,-0.039889887006578015
2020-07-16,COPPER,-0.08089007426397667
2020-07-16,WTI,0.1694280117785402
2020-07-16,BTC,0.14738331472858573
2020-07-16,ETH,0.09719060739082963
2020-07-16,US10Y,0.18896255408061696
2020-07-16,CN10Y,-0.04938918047036128
2020-07-17,000300.SH,-0.1109625674892089
2020-07-17,SPX,-0.007775558124533269
2020-07-17,HSI,-0.013374474426288755
2020-07-17,N225,-0.004950809178405151
2020-07-17,SX5E,-0.027863000884046335
2020-07-17,000688.SH,-0.13178919423093696
2020-07-17,SOX,-0.020399247640143184
2020-07-17,NDX,-0.04802805359486169
2020-07-17,XAU,-0.03047679139030826
2020-07-17,COPPER,-0.07696677044913039
2020-07-17,WTI,0.06759489276278882
2020-07-17,BTC,0.12514224033295665
2020-07-17,ETH,0.10255612305814328
2020-07-17,US10Y,0.2389667990962246
2020-07-17,CN10Y,-0.061673587842250764
2020-07-20,000300.SH,-0.12701685120069858
2020-07-20,SPX,0.0034332803753617633
2020-07-20,HSI,-0.03743585667313294
2020-07-20,N225,-0.03408509434350129
2020-07-20,SX5E,-0.028789366741053937
2020-07-20,000688.SH,-0.11939123684473762
2020-07-20,SOX,-0.005045629251159152
2020-07-20,NDX,-0.03200267996793758
2020-07-20,XAU,-0.041719925460945925
2020-07-20,COPPER,-0.08791752483441734
2020-07-20,WTI,0.1122147449676871
2020-07-20,BTC,0.13135084173758269
2020-07-20,ETH,0.09073887551239934
2020-07-20,US10Y,0.22183953794314762
2020-07-20,CN10Y,-0.04617311521859448
2020-07-21,000300.SH,-0.1458738971448899
2020-07-21,SPX,-0.003619217858499012
2020-07-21,HSI,-0.017695929135344287
2020-07-21,N225,0.008593978623497147
2020-07-21,SX5E,-0.014785494909140728
2020-07-21,000688.SH,-0.10675176043726706
2020-07-21,SOX,-0.028685638787434194
2020-07-21,NDX,-0.06017086197590457
2020-07-21,XAU,-0.04526533313983325
2020-07-21,COPPER,-0.10889987776866256
2020-07-21,WTI,0.099161039295551
2020-07-21,BTC,0.1130994059854053
2020-07-21,ETH,0.06259491851926319
2020-07-21,US10Y,0.27187323448305467
2020-07-21,CN10Y,-0.02357456574979612
2020-07-22,000300.SH,-0.14459707860252868
2020-07-22,SPX,-0.005854666798751724
2020-07-22,HSI,-0.03325441306336156
2020-07-22,N225,-0.002497541510174648
2020-07-22,SX5E,-0.009379899729521855
2020-07-22,000688.SH,-0.12121411600886578
2020-07-22,SOX,-0.008343366237501785
2020-07-22,NDX,-0.04186399913156756
2020-07-22,XAU,-0.05820756639464382
2020-07-22,COPPER,-0.1102286845205714
2020-07-22,WTI,0.1255628098208019
2020-07-22,BTC,0.09505256672816752
2020-07-22,ETH,0.024761910352128685
2020-07-22,US10Y,0.28656049771187875
2020-07-22,CN10Y,0.003503547384511547
2020-07-27,000300.SH,-0.14066852592420057
2020-07-27,SPX,-0.006570127232959194
2020-07-27,HSI,-0.009499161461352743
2020-07-27,N225,0.0006046616471931344
2020-07-27,SX5E,-0.000944016161147648
2020-07-27,000688.SH,-0.11293443509976588
2020-07-27,SOX,-0.008626867510035123
2020-07-27,NDX,-0.0373492898271198
2020-07-27,XAU,-0.07621544790915394
2020-07-27,COPPER,-0.09341103075528663
2020-07-27,WTI,0.17437247695556396
2020-07-27,BTC,0.08523075408303307
2020-07-27,ETH,-0.04959538389923307
2020-07-27,US10Y,0.27460110210630884
2020-07-27,CN10Y,0.0010052909881550845
2020-07-28,000300.SH,-0.08278167116928713
2020-07-28,SPX,0.0037480482734312676
2020-07-28,HSI,0.019427656458325476
2020-07-28,N225,0.010874359987287151
2020-07-28,SX5E,0.029936165252716692
2020-07-28,000688.SH,-0.004197830019757778
2020-07-28,SOX,-0.008076849536939077
2020-07-28,NDX,-0.012891786697647945
2020-07-28,XAU,-0.09627630547471405
2020-07-28,COPPER,-0.07825040918105092
2020-07-28,WTI,0.2726654386597986
2020-07-28,BTC,-0.05692403407810946
2020-07-28,ETH,-0.26342356318740223
2020-07-28,US10Y,0.24927341545206155
2020-07-28,CN10Y,0.016897365261287038
2020-07-29,000300.SH,-0.09657758087315536
2020-07-29,SPX,-0.0005575352346730792
2020-07-29,HSI,0.001142462192166932
2020-07-29,N225,0.005930779152909649
2020-07-29,SX5E,0.007578499762332306
2020-07-29,000688.SH,0.00022555242981068743
2020-07-29,SOX,-0.0009323590783518673
2020-07-29,NDX,-0.005574144904880528
2020-07-29,XAU,-0.1003550815709577
2020-07-29,COPPER,-0.06982775198044523
2020-07-29,WTI,0.24131462336999598
2020-07-29,BTC,-0.044990753826902465
2020-07-29,ETH,-0.22507974429317948
2020-07-29,US10Y,0.2753755044207927
2020-07-29,CN10Y,0.012327530434536778
2020-07-30,000300.SH,-0.11406258937805978
2020-07-30,SPX,-0.009688650869425646
2020-07-30,HSI,0.01373399190126904
2020-07-30,N225,0.023450636575777707
2020-07-30,SX5E,0.0264061156500026
2020-07-30,000688.SH,-0.02445994799602066
2020-07-30,SOX,-0.02186388018310191
2020-07-30,NDX,-0.009786324717747819
2020-07-30,XAU,-0.09630825230956264
2020-07-30,COPPER,-0.07656011562099614
2020-07-30,WTI,0.25643629539088314
2020-07-30,BTC,-0.058855460207779126
2020-07-30,ETH,-0.22310535135934517
2020-07-30,US10Y,0.3075106959270715
2020-07-30,CN10Y,0.0071528371970342
2020-07-31,000300.SH,-0.10059334692608313
2020-07-31,SPX,-0.016282718507789413
2020-07-31,HSI,0.020634709417377755
2020-07-31,N225,0.030596133680619017
2020-07-31,SX5E,0.034218343600550795
2020-07-31,000688.SH,-0.0004565885925965495
2020-07-31,SOX,-0.04304484229919684
2020-07-31,NDX,-0.019693742082123888
2020-07-31,XAU,-0.10573839419693891
2020-07-31,COPPER,-0.067069847201182
2020-07-31,WTI,0.28008636825752614
2020-07-31,BTC,-0.07267728201463666
2020-07-31,ETH,-0.29070772585322274
2020-07-31,US10Y,0.35731252939319047
2020-07-31,CN10Y,-0.006583596675494852
2020-08-03,000300.SH,-0.11238286905285674
2020-08-03,SPX,-0.014929697994845054
2020-08-03,HSI,0.009319209977672238
2020-08-03,N225,0.03855167864211909
2020-08-03,SX5E,0.06280157357948266
2020-08-03,000688.SH,-0.035647595304946766
2020-08-03,SOX,-0.027477775752494802
2020-08-03,NDX,-0.03284789388627632
2020-08-03,XAU,-0.10857648126012691
2020-08-03,COPPER,-0.020532156243614437
2020-08-03,WTI,0.37285427684734557
2020-08-03,BTC,-0.08557879079242879
2020-08-03,ETH,-0.33819124517741767
2020-08-03,US10Y,0.30983260864450307
2020-08-03,CN10Y,-0.01719484222611602
2020-08-04,000300.SH,-0.11031445124171688
2020-08-04,SPX,-0.005373487250047255
2020-08-04,HSI,0.02261451190570234
2020-08-04,N225,0.03143910911646783
2020-08-04,SX5E,0.04214149974986328
2020-08-04,000688.SH,-0.06520580409721363
2020-08-04,SOX,-0.01695359881377391
2020-08-04,NDX,-0.022489935641526366
2020-08-04,XAU,-0.10016459989911436
2020-08-04,COPPER,-0.02478566403970965
2020-08-04,WTI,0.4338583275550045
2020-08-04,BTC,-0.05781809593369123
2020-08-04,ETH,-0.4475057730104689
2020-08-04,US10Y,0.33466783139576217
2020-08-04,CN10Y,-0.01410986979553903
2020-08-05,000300.SH,-0.07314692136860554
2020-08-05,SPX,-0.00783595595803577
2020-08-05,HSI,0.028132999607528447
2020-08-05,N225,0.004078396991753868
2020-08-05,SX5E,0.05977191949415053
2020-08-05,000688.SH,-0.04507852871141017
2020-08-05,SOX,-0.04363569457874656
2020-08-05,NDX,-0.01666348780585478
2020-08-05,XAU,-0.12919579201670006
2020-08-05,COPPER,-0.019887391576802763
2020-08-05,WTI,0.3799258120835403
2020-08-05,BTC,-0.07848051585852929
2020-08-05,ETH,-0.46810058417737316
2020-08-05,US10Y,0.4108652518978014
2020-08-05,CN10Y,-0.0007495080227174263
2020-08-06,000300.SH,-0.002164989961944211
2020-08-06,SPX,-0.017517791010488788
2020-08-06,HSI,0.06296037971061133
2020-08-06,N225,0.023681919613027576
2020-08-06,SX5E,0.04926240383669748
2020-08-06,000688.SH,0.0007393229864836853
2020-08-06,SOX,-0.03871182161238291
2020-08-06,NDX,-0.011612686150604797
2020-08-06,XAU,-0.13506655053298514
2020-08-06,COPPER,-0.02148501052481805
2020-08-06,WTI,0.30598599108458024
2020-08-06,BTC,-0.11737375278774097
2020-08-06,ETH,-0.45013087336275315
2020-08-06,US10Y,0.31391996480197204
2020-08-06,CN10Y,0.03751349391034471
2020-08-07,000300.SH,0.008593080288547132
2020-08-07,SPX,-0.030639735836122412
2020-08-07,HSI,0.057981241593070075
2020-08-07,N225,0.02603344491744132
2020-08-07,SX5E,0.053267742157682076
2020-08-07,000688.SH,0.03497843734532406
2020-08-07,SOX,-0.04508196328478798
2020-08-07,NDX,-0.027559938575841738
2020-08-07,XAU,-0.13749420829963663
2020-08-07,COPPER,-0.01777657802502916
2020-08-07,WTI,0.3304158282271861
2020-08-07,BTC,-0.12012865787967918
2020-08-07,ETH,-0.43753377644859204
2020-08-07,US10Y,0.2674284783373378
2020-08-07,CN10Y,0.037516605483099694
2020-08-11,000300.SH,0.027611968371460634
2020-08-11,SPX,-0.03561670827227842
2020-08-11,HSI,0.07333614168696662
2020-08-11,N225,0.01514462458085556
2020-08-11,SX5E,0.02773895884532084
2020-08-11,000688.SH,0.06452262600264669
2020-08-11,SOX,-0.03489026754176756
2020-08-11,NDX,-0.01763375478723149
2020-08-11,XAU,-0.11838389253160794
2020-08-11,COPPER,0.028286557958247915
2020-08-11,WTI,0.24047694522580126
2020-08-11,BTC,-0.13041661185030537
2020-08-11,ETH,-0.40139931155439035
2020-08-11,US10Y,0.2195839937132338
2020-08-11,CN10Y,0.04163873015304703
2020-08-12,000300.SH,0.04994373776184029
2020-08-12,SPX,-0.03177932998402266
2020-08-12,HSI,0.06397351067041764
2020-08-12,N225,0.0026565181017894693
2020-08-12,SX5E,-0.0004466868124548759
2020-08-12,000688.SH,0.1350036446869498
2020-08-12,SOX,-0.004903443457901221
2020-08-12,NDX,0.019394203268884618
2020-08-12,XAU,-0.0628089287903339
2020-08-12,COPPER,0.014907525429388814
2020-08-12,WTI,0.24393750275243758
2020-08-12,BTC,-0.12007167992100187
2020-08-12,ETH,-0.40902290700851796
2020-08-12,US10Y,0.03670464389412478
2020-08-12,CN10Y,0.06251168940839871
2020-08-13,000300.SH,0.04429154718243421
2020-08-13,SPX,-0.03109535811509093
2020-08-13,HSI,0.03444435733041262
2020-08-13,N225,-0.009163256060885585
2020-08-13,SX5E,0.0046939008824896595
2020-08-13,000688.SH,0.16142356476911682
2020-08-13,SOX,-0.03670250828075228
2020-08-13,NDX,0.007243954134279765
2020-08-13,XAU,-0.06867949368646187
2020-08-13,COPPER,0.035129511650162405
2020-08-13,WTI,0.30347942380119863
2020-08-13,BTC,-0.10276114632467068
2020-08-13,ETH,-0.415188975794961
2020-08-13,US10Y,0.023109103921640742
2020-08-13,CN10Y,0.04977537459108673
2020-08-14,000300.SH,0.07308679639519321
2020-08-14,SPX,-0.032149921328314325
2020-08-14,HSI,0.042992979844327706
2020-08-14,N225,-2.6598998672180615e-05
2020-08-14,SX5E,0.03451586659117233
2020-08-14,000688.SH,0.2019820091760473
2020-08-14,SOX,-0.034649214211835117
2020-08-14,NDX,-0.010928193526661825
2020-08-14,XAU,-0.08550524963396919
2020-08-14,COPPER,0.0689787379264967
2020-08-14,WTI,0.29050355012996193
2020-08-14,BTC,-0.11556040978762089
2020-08-14,ETH,-0.4996779674013856
2020-08-14,US10Y,0.001862426863654145
2020-08-14,CN10Y,0.06457518796160482
2020-08-17,000300.SH,0.05088178663506424
2020-08-17,SPX,-0.015881749622490567
2020-08-17,HSI,0.036066153849481315
2020-08-17,N225,-0.008472317230980445
2020-08-17,SX5E,0.040460358692918294
2020-08-17,000688.SH,0.18220217544086265
2020-08-17,SOX,-0.012907970610043937
2020-08-17,NDX,0.0009171319142204626
2020-08-17,XAU,-0.07584255822862848
2020-08-17,COPPER,0.057276532632421405
2020-08-17,WTI,0.31975932301107585
2020-08-17,BTC,-0.10737730224295987
2020-08-17,ETH,-0.5193299583604498
2020-08-17,US10Y,-0.004109990685928074
2020-08-17,CN10Y,0.05635838480543605
2020-08-18,000300.SH,0.020052859537349955
2020-08-18,SPX,-0.0021691217175647524
2020-08-18,HSI,0.03634605242820275
2020-08-18,N225,0.02086268523256494
2020-08-18,SX5E,0.06544276646672817
2020-08-18,000688.SH,0.12880268348497795
2020-08-18,SOX,-0.018127643164717048
2020-08-18,NDX,-0.0020693899182869574
2020-08-18,XAU,-0.0959496101464779
2020-08-18,COPPER,0.032288083819298374
2020-08-18,WTI,0.3396407078507447
2020-08-18,BTC,-0.14420946157355266
2020-08-18,ETH,-0.49044121206135616
2020-08-18,US10Y,0.06657251604741468
2020-08-18,CN10Y,0.04295808371467282
2020-08-19,000300.SH,-0.022175535852966402
2020-08-19,SPX,0.0006218647594800663
2020-08-19,HSI,0.01955183879494972
2020-08-19,N225,0.01973355310280307
2020-08-19,SX5E,0.07372825572981584
2020-08-19,000688.SH,0.0406504508378657
2020-08-19,SOX,-0.004211609105017244
2020-08-19,NDX,-0.008372677616602812
2020-08-19,XAU,-0.11240505227379943
2020-08-19,COPPER,0.01647748885202343
2020-08-19,WTI,0.4180468268171994
2020-08-19,BTC,-0.09601027744092193
2020-08-19,ETH,-0.46899499285380825
2020-08-19,US10Y,0.09212005002402884
2020-08-19,CN10Y,0.03123981622494873
2020-08-20,000300.SH,-0.0068238558040911515
2020-08-20,SPX,0.0007452430964317767
2020-08-20,HSI,0.025053625191115977
2020-08-20,N225,0.008716435329068935
2020-08-20,SX5E,0.05727356603359928
2020-08-20,000688.SH,0.04140895101340237
2020-08-20,SOX,-0.001031202996165631
2020-08-20,NDX,-0.006381828935588676
2020-08-20,XAU,-0.06696899232139172
2020-08-20,COPPER,0.0044001729553391055
2020-08-20,WTI,0.38941212696450966
2020-08-20,BTC,-0.09247567202321193
2020-08-20,ETH,-0.4595852988230537
2020-08-20,US10Y,0.08331570990893963
2020-08-20,CN10Y,0.022941020411094967
2020-08-21,000300.SH,0.030318960951681358
2020-08-21,SPX,-0.0011995839435976607
2020-08-21,HSI,0.0332997231771493
2020-08-21,N225,0.014536156731691518
2020-08-21,SX5E,0.06945097168521627
2020-08-21,000688.SH,0.06377798768660041
2020-08-21,SOX,0.018215418102263146
2020-08-21,NDX,0.000988393193292407
2020-08-21,XAU,-0.07465163960332043
2020-08-21,COPPER,0.008713940212238095
2020-08-21,WTI,0.360416210094588
2020-08-21,BTC,-0.11759193860553824
2020-08-21,ETH,-0.4865539899612171
2020-08-21,US10Y,0.07011275434958693
2020-08-21,CN10Y,0.01016663592936497
2020-08-24,000300.SH,0.015995499112007323
2020-08-24,SPX,-0.012680772187089793
2020-08-24,HSI,0.03526446693376847
2020-08-24,N225,0.013510338825885374
2020-08-24,SX5E,0.068288374884939
2020-08-24,000688.SH,0.06917258507968291
2020-08-24,SOX,-0.00927331786377825
2020-08-24,NDX,-0.02679188131366963
2020-08-24,XAU,-0.058335545845582565
2020-08-24,COPPER,0.036394947524489435
2020-08-24,WTI,0.33520785553422183
2020-08-24,BTC,-0.0905463053457401
2020-08-24,ETH,-0.40747959091316943
2020-08-24,US10Y,0.0335372118443195
2020-08-24,CN10Y,-0.00226386627028485
2020-08-25,000300.SH,0.020037518882802915
2020-08-25,SPX,-0.01088143638225355
2020-08-25,HSI,0.0039620173894553135
2020-08-25,N225,0.011113696321360785
2020-08-25,SX5E,0.043712669713549784
2020-08-25,000688.SH,0.08036188128633046
2020-08-25,SOX,-0.007339281238974184
2020-08-25,NDX,-0.024544277408485242
2020-08-25,XAU,-0.03544002747132585
2020-08-25,COPPER,0.028697919419255254
2020-08-25,WTI,0.3273429145299101
2020-08-25,BTC,-0.08861902511883478
2020-08-25,ETH,-0.3643368926293567
2020-08-25,US10Y,0.02424530193329278
2020-08-25,CN10Y,-0.008312979226727968
2020-08-26,000300.SH,-0.025265360495332654
2020-08-26,SPX,-0.03226687982071829
2020-08-26,HSI,-0.014578547734422815
2020-08-26,N225,-0.007009135875556025
2020-08-26,SX5E,0.01844175632224078
2020-08-26,000688.SH,0.005037929919604663
2020-08-26,SOX,-0.027653754983751416
2020-08-26,NDX,-0.059527349491958995
2020-08-26,XAU,0.00030378412857248857
2020-08-26,COPPER,0.013161688882079402
2020-08-26,WTI,0.21050505231442762
2020-08-26,BTC,0.07821515118301814
2020-08-26,ETH,-0.10224611888035515
2020-08-26,US10Y,-0.02715825629349966
2020-08-26,CN10Y,-0.02995995917434879
2020-08-27,000300.SH,-0.0003683927768575578
2020-08-27,SPX,-0.043999344154460454
2020-08-27,HSI,-0.0035273923272586016
2020-08-27,N225,-0.005794980527709489
2020-08-27,SX5E,0.015691275850777793
2020-08-27,000688.SH,0.06195029585810251
2020-08-27,SOX,-0.04533147395466029
2020-08-27,NDX,-0.08877733436505061
2020-08-27,XAU,-0.006584982431351537
2020-08-27,COPPER,0.004307203342211246
2020-08-27,WTI,0.22704388769322328
2020-08-27,BTC,0.06838011165501433
2020-08-27,ETH,-0.11077071367698642
2020-08-27,US10Y,-0.05787460451407067
2020-08-27,CN10Y,-0.014343555670924348
2020-08-28,000300.SH,0.016727408773820143
2020-08-28,SPX,-0.03603938450554017
2020-08-28,HSI,0.008514153702221396
2020-08-28,N225,-0.014601253428021614
2020-08-28,SX5E,0.020561265212013895
2020-08-28,000688.SH,0.0868874026717087
2020-08-28,SOX,-0.0139339716533467
2020-08-28,NDX,-0.07698630426170286
2020-08-28,XAU,0.013780452994131786
2020-08-28,COPPER,0.001812024631472538
2020-08-28,WTI,0.1893083367165411
2020-08-28,BTC,0.08174236710268716
2020-08-28,ETH,-0.10940063519669525
2020-08-28,US10Y,-0.1556796869970927
2020-08-28,CN10Y,-0.012692175762198131
2020-08-31,000300.SH,-0.00508656286030916
2020-08-31,SPX,-0.03904202672597732
2020-08-31,HSI,0.0029301085901987977
2020-08-31,N225,0.002626910836575569
2020-08-31,SX5E,0.0053399898452860285
2020-08-31,000688.SH,0.09638129067102673
2020-08-31,SOX,-0.004811296884737715
2020-08-31,NDX,-0.0703841650293298
2020-08-31,XAU,0.0012084900505839949
2020-08-31,COPPER,-0.007391002745558969
2020-08-31,WTI,0.1927090579979902
2020-08-31,BTC,0.08107052872681215
2020-08-31,ETH,-0.0627806591099755
2020-08-31,US10Y,-0.18102044205524445
2020-08-31,CN10Y,-0.011750221307341454
2020-09-01,000300.SH,0.010470918281682777
2020-09-01,SPX,-0.028111408408779025
2020-09-01,HSI,0.009946528106267703
2020-09-01,N225,-0.03534850234294001
2020-09-01,SX5E,0.00950702624998404
2020-09-01,000688.SH,0.11733565143131472
2020-09-01,SOX,-0.0073212925063643386
2020-09-01,NDX,-0.06198172743710656
2020-09-01,XAU,0.01162980782768739
2020-09-01,COPPER,-0.03473598711901851
2020-09-01,WTI,0.176675056009174
2020-09-01,BTC,0.08865472818659476
2020-09-01,ETH,-0.12178825103346527
2020-09-01,US10Y,-0.14980673931345806
2020-09-01,CN10Y,0.014874192068425525
2020-09-02,000300.SH,0.01910744893928691
2020-09-02,SPX,-0.03198801997077192
2020-09-02,HSI,0.004606616871471076
2020-09-02,N225,-0.0138613561362743
2020-09-02,SX5E,0.028820842696726818
2020-09-02,000688.SH,0.1780528326174765
2020-09-02,SOX,-0.013232747580022863
2020-09-02,NDX,-0.07033127088521263
2020-09-02,XAU,0.010158452354777239
2020-09-02,COPPER,-0.01057039158929802
2020-09-02,WTI,0.07925620589459172
2020-09-02,BTC,0.026586449208189523
2020-09-02,ETH,-0.11206157572769614
2020-09-02,US10Y,-0.08846466509344741
2020-09-02,CN10Y,-0.006078821599797315
2020-09-03,000300.SH,0.01479667689735071
2020-09-03,SPX,-0.04870817582274923
2020-09-03,HSI,0.021933264762881995
2020-09-03,N225,-0.005505376207742836
2020-09-03,SX5E,0.00691698530783634
2020-09-03,000688.SH,0.13956127908698793
2020-09-03,SOX,-0.03293206017026301
2020-09-03,NDX,-0.08167380171543032
2020-09-03,XAU,0.04483104941994327
2020-09-03,COPPER,-0.02064116703332176
2020-09-03,WTI,0.12446167114934378
2020-09-03,BTC,0.05995174326587774
2020-09-03,ETH,-0.04427397064350745
2020-09-03,US10Y,-0.14807752536287228
2020-09-03,CN10Y,-0.030640592934335607
2020-09-04,000300.SH,-0.005530816602873554
2020-09-04,SPX,-0.039394883095457946
2020-09-04,HSI,0.009641373666428033
2020-09-04,N225,-0.035912882388288644
2020-09-04,SX5E,-0.006103491461155055
2020-09-04,000688.SH,0.1305791071778593
2020-09-04,SOX,-0.018589596933042102
2020-09-04,NDX,-0.06280800012284621
2020-09-04,XAU,0.050429361030307866
2020-09-04,COPPER,-0.021319729257064317
2020-09-04,WTI,0.05010582978004302
2020-09-04,BTC,0.13321986207558123
2020-09-04,ETH,0.005384186861693875
2020-09-04,US10Y,-0.14790725877751082
2020-09-04,CN10Y,-0.04179306195367476
2020-09-08,000300.SH,0.005657514064842524
2020-09-08,SPX,-0.01936541393597327
2020-09-08,HSI,0.019198066865863277
2020-09-08,N225,-0.02612761743840579
2020-09-08,SX5E,0.0028793743040289206
2020-09-08,000688.SH,0.13581022428551534
2020-09-08,SOX,-0.0030736661101898044
2020-09-08,NDX,-0.03131874484759406
2020-09-08,XAU,0.06153718244080209
2020-09-08,COPPER,-0.0507755554452832
2020-09-08,WTI,0.09962943579163841
2020-09-08,BTC,0.117770737384687
2020-09-08,ETH,-0.0005100200603703579
2020-09-08,US10Y,-0.2741949049006256
2020-09-08,CN10Y,-0.037116612398935635
2020-09-09,000300.SH,-0.0049390693860509125
2020-09-09,SPX,-0.011319476778446441
2020-09-09,HSI,-0.007333389870429292
2020-09-09,N225,-0.04165632766841805
2020-09-09,SX5E,-0.008404114845903105
2020-09-09,000688.SH,0.12309730283891325
2020-09-09,SOX,0.004686659711547296
2020-09-09,NDX,-0.017980035807273243
2020-09-09,XAU,0.040961031537634605
2020-09-09,COPPER,-0.08786367466016837
2020-09-09,WTI,0.17786537184993703
2020-09-09,BTC,0.10664943196442114
2020-09-09,ETH,0.011731058526715271
2020-09-09,US10Y,-0.24682957678088197
2020-09-09,CN10Y,-0.038665190631597054
2020-09-10,000300.SH,0.017292419125639166
2020-09-10,SPX,-0.030760062485613596
2020-09-10,HSI,0.017403565536690292
2020-09-10,N225,-0.009972551812191003
2020-09-10,SX5E,0.0019776341684943355
2020-09-10,000688.SH,0.13957279398630076
2020-09-10,SOX,-0.027099036549670028
2020-09-10,NDX,-0.06424769991148807
2020-09-10,XAU,-0.025651576866505155
2020-09-10,COPPER,-0.07476683342706211
2020-09-10,WTI,0.14817174547185777
2020-09-10,BTC,0.08929506797874961
2020-09-10,ETH,-0.0062063370370829775
2020-09-10,US10Y,-0.1388837518514659
2020-09-10,CN10Y,-0.03612537632665302
2020-09-11,000300.SH,9.210842107015751e-05
2020-09-11,SPX,-0.011044412205449623
2020-09-11,HSI,0.03042886580838849
2020-09-11,N225,-0.021020038395368566
2020-09-11,SX5E,0.005728736916548951
2020-09-11,000688.SH,0.11187765064383716
2020-09-11,SOX,0.0055842965351321685
2020-09-11,NDX,-0.03238938394122999
2020-09-11,XAU,-0.025329843550109213
2020-09-11,COPPER,-0.047322953880971325
2020-09-11,WTI,0.11097302186142856
2020-09-11,BTC,0.04901917516130891
2020-09-11,ETH,-0.07687967950253397
2020-09-11,US10Y,-0.056081043397648515
2020-09-11,CN10Y,-0.043636500474403005
2020-09-14,000300.SH,-0.01363703101784175
2020-09-14,SPX,-0.01495184036147507
2020-09-14,HSI,0.01903262114669309
2020-09-14,N225,-0.013263432090033639
2020-09-14,SX5E,-0.005706890600505318
2020-09-14,000688.SH,0.09185314574287975
2020-09-14,SOX,-0.00637797468937454
2020-09-14,NDX,-0.02387097903163561
2020-09-14,XAU,-0.0013813333048506137
2020-09-14,COPPER,-0.10222934897354351
2020-09-14,WTI,0.09279018403099627
2020-09-14,BTC,0.06205013408705998
2020-09-14,ETH,0.0037005584336349748
2020-09-14,US10Y,-0.023163771490452414
2020-09-14,CN10Y,-0.06484404188155139
2020-09-15,000300.SH,0.0009703691624142648
2020-09-15,SPX,-0.02137808320108459
2020-09-15,HSI,0.014819326726532425
2020-09-15,N225,-0.015959953170744605
2020-09-15,SX5E,-0.014795455258026854
2020-09-15,000688.SH,0.08251117961763871
2020-09-15,SOX,-0.01934520487538878
2020-09-15,NDX,-0.03352937203461976
2020-09-15,XAU,-0.011850443438349092
2020-09-15,COPPER,-0.08076702387451039
2020-09-15,WTI,0.1002692129987664
2020-09-15,BTC,0.047436137126557705
2020-09-15,ETH,0.051482990276772556
2020-09-15,US10Y,-0.024555730092774997
2020-09-15,CN10Y,-0.07530794996318284
2020-09-16,000300.SH,0.014152211363058014
2020-09-16,SPX,-0.02735045279900887
2020-09-16,HSI,0.013554472091145754
2020-09-16,N225,-0.02308898192188012
2020-09-16,SX5E,-0.02466446046620691
2020-09-16,000688.SH,0.07652140151198013
2020-09-16,SOX,-0.028313066053027098
2020-09-16,NDX,-0.03861113182966533
2020-09-16,XAU,0.011370510803431351
2020-09-16,COPPER,-0.06516293434693496
2020-09-16,WTI,0.07899960212082005
2020-09-16,BTC,0.0780735995374534
2020-09-16,ETH,0.0647373668161293
2020-09-16,US10Y,-0.06767849638690515
2020-09-16,CN10Y,-0.06253964044038933
2020-09-17,000300.SH,0.023619596248023768
2020-09-17,SPX,-0.01712211881180918
2020-09-17,HSI,0.017622130704423866
2020-09-17,N225,-0.024064662442613516
2020-09-17,SX5E,-0.028885072333366495
2020-09-17,000688.SH,0.10312514076500749
2020-09-17,SOX,-0.018714166567840713
2020-09-17,NDX,-0.008088119364194093
2020-09-17,XAU,0.01802660686930619
2020-09-17,COPPER,-0.043966380322827965
2020-09-17,WTI,0.03584099655776627
2020-09-17,BTC,0.04282104066943406
2020-09-17,ETH,0.055153064814832224
2020-09-17,US10Y,-0.10091414249535413
2020-09-17,CN10Y,-0.05445391429078762
2020-09-18,000300.SH,0.021329563245623642
2020-09-18,SPX,-0.0052327714152860146
2020-09-18,HSI,0.03336965806243032
2020-09-18,N225,-0.009693635687927821
2020-09-18,SX5E,-0.005892274629083389
2020-09-18,000688.SH,0.061382044137438356
2020-09-18,SOX,-0.013556606990790117
2020-09-18,NDX,0.007918865947926557
2020-09-18,XAU,-0.009875915464661725
2020-09-18,COPPER,-0.03297079053813251
2020-09-18,WTI,0.031441188318497015
2020-09-18,BTC,0.04426192376579146
2020-09-18,ETH,-0.017116293002908886
2020-09-18,US10Y,-0.05884742827963121
2020-09-18,CN10Y,-0.046517527469285704
2020-09-23,000300.SH,-0.010551854139375294
2020-09-23,SPX,0.013027265378303003
2020-09-23,HSI,0.01740746854601908
2020-09-23,N225,-0.018446990600206374
2020-09-23,SX5E,-0.004549893970767676
2020-09-23,000688.SH,0.031345585477203564
2020-09-23,SOX,-0.0021913212739343314
2020-09-23,NDX,0.03850167527420702
2020-09-23,XAU,-0.0013120861528737684
2020-09-23,COPPER,-0.041244872577984086
2020-09-23,WTI,0.0278119086164658
2020-09-23,BTC,0.06037935595236814
2020-09-23,ETH,0.028995727332568166
2020-09-23,US10Y,-0.10276094851962903
2020-09-23,CN10Y,-0.03641101934236431
2020-09-24,000300.SH,-0.003634067026942951
2020-09-24,SPX,0.02356196374833605
2020-09-24,HSI,0.04671622204664623
2020-09-24,N225,-0.015881651275983982
2020-09-24,SX5E,0.016297918172058785
2020-09-24,000688.SH,-0.004275006773782557
2020-09-24,SOX,-0.00450109033581988
2020-09-24,NDX,0.029510465072255306
2020-09-24,XAU,0.024008201084762076
2020-09-24,COPPER,-0.0352921482277446
2020-09-24,WTI,0.03152587220100568
2020-09-24,BTC,0.04008157636509408
2020-09-24,ETH,0.014704710933060715
2020-09-24,US10Y,-0.12432572169362158
2020-09-24,CN10Y,-0.03849724428932317
2020-09-25,000300.SH,0.018886571405614755
2020-09-25,SPX,0.02636234926215205
2020-09-25,HSI,0.07553726433660057
2020-09-25,N225,-0.00861996261741017
2020-09-25,SX5E,0.037448920020524155
2020-09-25,000688.SH,0.011750876210971681
2020-09-25,SOX,-0.009304755707837526
2020-09-25,NDX,0.027321534903350167
2020-09-25,XAU,0.016094886557248278
2020-09-25,COPPER,-0.04014485866749491
2020-09-25,WTI,0.015015049565512263
2020-09-25,BTC,0.006888574232273098
2020-09-25,ETH,-0.026625173824445784
2020-09-25,US10Y,-0.11471919489182597
2020-09-25,CN10Y,-0.03589208078523233
2020-09-28,000300.SH,0.01866928891720668
2020-09-28,SPX,0.014033039693881852
2020-09-28,HSI,0.0757433869642711
2020-09-28,N225,-0.0010126461300724778
2020-09-28,SX5E,0.043268780030236195
2020-09-28,000688.SH,0.01800228138977057
2020-09-28,SOX,-0.012511389146364215
2020-09-28,NDX,0.012686749129863423
2020-09-28,XAU,0.02045881355686385
2020-09-28,COPPER,-0.03901433048124249
2020-09-28,WTI,0.042564902787824065
2020-09-28,BTC,-0.02369800537065568
2020-09-28,ETH,-0.09261509292339971
2020-09-28,US10Y,-0.039694228956905
2020-09-28,CN10Y,-0.036881549461277835
2020-09-29,000300.SH,0.008744275002101802
2020-09-29,SPX,0.012448289056355404
2020-09-29,HSI,0.06807456968145902
2020-09-29,N225,-0.015475192176479137
2020-09-29,SX5E,0.025155092372637754
2020-09-29,000688.SH,0.009922586035785396
2020-09-29,SOX,-0.030110867180171304
2020-09-29,NDX,0.021333201461515947
2020-09-29,XAU,0.027604731574343552
2020-09-29,COPPER,-0.028649156698722675
2020-09-29,WTI,0.035324458976808956
2020-09-29,BTC,0.0022581158258345654
2020-09-29,ETH,-0.06165623080333432
2020-09-29,US10Y,-0.04800560944976208
2020-09-29,CN10Y,-0.026968263678372566
2020-09-30,000300.SH,0.010924570449539848
2020-09-30,SPX,0.017811396987947755
2020-09-30,HSI,0.067019960865829
2020-09-30,N225,-0.021685885904012957
2020-09-30,SX5E,0.018527668238399395
2020-09-30,000688.SH,-0.004850976575536806
2020-09-30,SOX,-0.04684996167608805
2020-09-30,NDX,0.020420901770386295
2020-09-30,XAU,0.0054413146976693885
2020-09-30,COPPER,-0.020211489613247605
2020-09-30,WTI,0.06091313695561842
2020-09-30,BTC,-0.023794423354465216
2020-09-30,ETH,-0.08650432608760968
2020-09-30,US10Y,0.03439148972169345
2020-09-30,CN10Y,-0.03155337647612291
2020-10-09,000300.SH,0.034622253025592645
2020-10-09,SPX,0.014412387057255994
2020-10-09,HSI,0.06219825099341125
2020-10-09,N225,-0.024807994332632092
2020-10-09,SX5E,0.015813277218450807
2020-10-09,000688.SH,-0.02995394981851416
2020-10-09,SOX,-0.029003039252533832
2020-10-09,NDX,0.01770149199134448
2020-10-09,XAU,0.03225784039824181
2020-10-09,COPPER,-0.01900276395787387
2020-10-09,WTI,0.036837019845179265
2020-10-09,BTC,0.000437955871253011
2020-10-09,ETH,-0.05149319428347412
2020-10-09,US10Y,-0.022355241527678933
2020-10-09,CN10Y,-0.03766429322802188
2020-10-14,000300.SH,0.030269269487059058
2020-10-14,SPX,-0.0006138176061383574
2020-10-14,HSI,0.04166205964319701
2020-10-14,N225,-0.029885370689048476
2020-10-14,SX5E,-0.011404013859726121
2020-10-14,000688.SH,-0.029118006952543355
2020-10-14,SOX,-0.064662715298348
2020-10-14,NDX,0.02706887677731408
2020-10-14,XAU,0.02743906932715849
2020-10-14,COPPER,-0.009245256021240237
2020-10-14,WTI,0.041245024745593634
2020-10-14,BTC,0.04023166094108078
2020-10-14,ETH,0.13831303254638405
2020-10-14,US10Y,-0.14100030587138232
2020-10-14,CN10Y,-0.06029950716935998
2020-10-15,000300.SH,0.007251556839641592
2020-10-15,SPX,0.0016458869391560663
2020-10-15,HSI,0.01664863363232025
2020-10-15,N225,-0.034282543578775006
2020-10-15,SX5E,-0.014134855438948686
2020-10-15,000688.SH,-0.04432574923618078
2020-10-15,SOX,-0.05417587442524815
2020-10-15,NDX,0.01937550199652123
2020-10-15,XAU,0.046509018557799355
2020-10-15,COPPER,-0.008094963098301815
2020-10-15,WTI,0.02801708796721939
2020-10-15,BTC,0.030384706549115216
2020-10-15,ETH,0.19756581039540413
2020-10-15,US10Y,-0.13082207057767412
2020-10-15,CN10Y,-0.061562146522048306
2020-10-16,000300.SH,0.012177239137022152
2020-10-16,SPX,0.021447562066944287
2020-10-16,HSI,0.0381284752340572
2020-10-16,N225,-0.02093613248935345
2020-10-16,SX5E,0.03306870864806228
2020-10-16,000688.SH,-0.019990779911466593
2020-10-16,SOX,-0.02035994026390407
2020-10-16,NDX,0.03918868626457992
2020-10-16,XAU,0.02836221512365802
2020-10-16,COPPER,-0.015077311283232583
2020-10-16,WTI,-0.0022353051636260484
2020-10-16,BTC,-0.01814191899352413
2020-10-16,ETH,0.13161766053275825
2020-10-16,US10Y,-0.16153705708489274
2020-10-16,CN10Y,-0.045712101817082226
2020-10-19,000300.SH,0.027408604759860133
2020-10-19,SPX,0.010677283232880017
2020-10-19,HSI,0.042593769414761284
2020-10-19,N225,0.007103314647546521
2020-10-19,SX5E,0.027634414736141834
2020-10-19,000688.SH,-0.00048708309755111576
2020-10-19,SOX,-0.04119957424873695
2020-10-19,NDX,0.016758120892726266
2020-10-19,XAU,0.0339730004662224
2020-10-19,COPPER,-0.009293666120901793
2020-10-19,WTI,0.022299384777956406
2020-10-19,BTC,-0.06071160627802279
2020-10-19,ETH,0.11186493870447906
2020-10-19,US10Y,-0.15820905488412346
2020-10-19,CN10Y,-0.030411847003238048
2020-10-20,000300.SH,0.022954551323165314
2020-10-20,SPX,0.016438652132419785
2020-10-20,HSI,0.02170167297176196
2020-10-20,N225,-0.017579638145234174
2020-10-20,SX5E,0.01286132883353165
2020-10-20,000688.SH,0.00709115700653128
2020-10-20,SOX,-0.04736720172560373
2020-10-20,NDX,0.020113856632557544
2020-10-20,XAU,0.034038628244759644
2020-10-20,COPPER,0.014778209396478087
2020-10-20,WTI,-0.02245801571386934
2020-10-20,BTC,-0.07262899352666126
2020-10-20,ETH,0.08021610115885548
2020-10-20,US10Y,-0.04956901830962497
2020-10-20,CN10Y,-0.020591290279067424
2020-10-21,000300.SH,0.020700742043701682
2020-10-21,SPX,0.012114326646296185
2020-10-21,HSI,0.035946945864894504
2020-10-21,N225,0.0016276559878995239
2020-10-21,SX5E,0.03835168911367594
2020-10-21,000688.SH,-0.00661758421151837
2020-10-21,SOX,-0.05591139073732363
2020-10-21,NDX,0.001795215365355607
2020-10-21,XAU,0.042328584084875415
2020-10-21,COPPER,-0.0012883371485019352
2020-10-21,WTI,-0.060524309419699114
2020-10-21,BTC,-0.057360449401386966
2020-10-21,ETH,0.09098911242506404
2020-10-21,US10Y,-0.053428682975408176
2020-10-21,CN10Y,-0.00872351763792523
2020-10-22,000300.SH,-0.004433525676600214
2020-10-22,SPX,0.032742026351398223
2020-10-22,HSI,0.021109600483261545
2020-10-22,N225,-0.014425590540471938
2020-10-22,SX5E,0.06908056985306624
2020-10-22,000688.SH,-0.022116571178489752
2020-10-22,SOX,-0.020017992689453354
2020-10-22,NDX,0.03049886413508203
2020-10-22,XAU,0.04310942761752262
2020-10-22,COPPER,-0.005122936081292944
2020-10-22,WTI,-0.007328650659842506
2020-10-22,BTC,-0.12139234740660831
2020-10-22,ETH,0.0731047899535027
2020-10-22,US10Y,-0.053311949457855945
2020-10-22,CN10Y,-0.02149571470321878
2020-10-23,000300.SH,0.005257318645202851
2020-10-23,SPX,0.019728360277871674
2020-10-23,HSI,0.019734514512288793
2020-10-23,N225,0.004217291288706525
2020-10-23,SX5E,0.07427496055772637
2020-10-23,000688.SH,-0.010874001934768972
2020-10-23,SOX,-0.02156777166210206
2020-10-23,NDX,0.021347384674262712
2020-10-23,XAU,0.06000363982062547
2020-10-23,COPPER,-0.013105793450472575
2020-10-23,WTI,-0.03137669347857831
2020-10-23,BTC,-0.10082088516847516
2020-10-23,ETH,0.10475070197710856
2020-10-23,US10Y,-0.11809460972246671
2020-10-23,CN10Y,-0.013474416336929593
2020-10-27,000300.SH,0.02058229979598366
2020-10-27,SPX,0.007481672743738154
2020-10-27,HSI,0.016169779837612485
2020-10-27,N225,0.006937796756355372
2020-10-27,SX5E,0.06094059682378255
2020-10-27,000688.SH,0.033228273921604046
2020-10-27,SOX,-0.031713653686495154
2020-10-27,NDX,0.0015194977160637169
2020-10-27,XAU,0.05262110198861449
2020-10-27,COPPER,0.009673220956397825
2020-10-27,WTI,-0.011684722164190548
2020-10-27,BTC,-0.11497922777408784
2020-10-27,ETH,0.0907529808466503
2020-10-27,US10Y,-0.13436129865100332
2020-10-27,CN10Y,-0.007168319111026108
2020-10-28,000300.SH,0.01802966720275525
2020-10-28,SPX,0.025727324916165743
2020-10-28,HSI,0.016886219658120025
2020-10-28,N225,0.009954854645787213
2020-10-28,SX5E,0.09146162874323419
2020-10-28,000688.SH,0.006735185770130422
2020-10-28,SOX,-0.009024374049893164
2020-10-28,NDX,0.007484539794000801
2020-10-28,XAU,0.04868108512380029
2020-10-28,COPPER,0.019089300062733124
2020-10-28,WTI,-0.01426183731276974
2020-10-28,BTC,-0.18013429267853015
2020-10-28,ETH,0.044741598883189335
2020-10-28,US10Y,-0.09074843596880972
2020-10-28,CN10Y,0.005377535210086163
2020-10-29,000300.SH,0.008114487698669452
2020-10-29,SPX,0.05092313707324238
2020-10-29,HSI,0.014704241852679965
2020-10-29,N225,0.00585180393317811
2020-10-29,SX5E,0.12124487320976496
2020-10-29,000688.SH,-0.010044997049604576
2020-10-29,SOX,0.01841416541160966
2020-10-29,NDX,0.042710740607512745
2020-10-29,XAU,0.05241602452713684
2020-10-29,COPPER,0.008788107396263898
2020-10-29,WTI,0.037434329804162045
2020-10-29,BTC,-0.1797800648544062
2020-10-29,ETH,-0.024867093016323605
2020-10-29,US10Y,-0.1289517755660255
2020-10-29,CN10Y,-0.016957981027860274
2020-10-30,000300.SH,-0.005796162402047764
2020-10-30,SPX,0.038190995559407095
2020-10-30,HSI,0.020606358336569822
2020-10-30,N225,0.010084382624483839
2020-10-30,SX5E,0.1271046807561786
2020-10-30,000688.SH,-0.025576957835372532
2020-10-30,SOX,-0.013532281206599023
2020-10-30,NDX,0.011215659498165276
2020-10-30,XAU,0.06371427988103612
2020-10-30,COPPER,0.019572256555874946
2020-10-30,WTI,0.12229808061235695
2020-10-30,BTC,-0.17016197410824854
2020-10-30,ETH,-0.002481479923391188
2020-10-30,US10Y,-0.18174875849267672
2020-10-30,CN10Y,-0.013489079855736961
2020-11-02,000300.SH,0.00032918960107243024
2020-11-02,SPX,0.03428883147556834
2020-11-02,HSI,0.020007376018311276
2020-11-02,N225,0.017140924914917838
2020-11-02,SX5E,0.11644048765856299
2020-11-02,000688.SH,0.005463663859959044
2020-11-02,SOX,-0.009515730185725426
2020-11-02,NDX,0.013105626136145434
2020-11-02,XAU,0.04485130826590259
2020-11-02,COPPER,0.018943909461952818
2020-11-02,WTI,0.14313728965152103
2020-11-02,BTC,-0.19783270408877396
2020-11-02,ETH,0.04016585706800732
2020-11-02,US10Y,-0.2356262495776001
2020-11-02,CN10Y,-0.010899780259821698
2020-11-04,000300.SH,0.02014594094057462
2020-11-04,SPX,0.017635898924528194
2020-11-04,HSI,0.013636597047739061
2020-11-04,N225,0.005892901974093647
2020-11-04,SX5E,0.09030963989032294
2020-11-04,000688.SH,0.0185859904915896
2020-11-04,SOX,-0.020365401957399124
2020-11-04,NDX,0.0050000492823035585
2020-11-04,XAU,0.043454373100056794
2020-11-04,COPPER,0.022327459307595984
2020-11-04,WTI,0.11817404085591444
2020-11-04,BTC,-0.1820418584993569
2020-11-04,ETH,0.05669330546077245
2020-11-04,US10Y,-0.19410201339304362
2020-11-04,CN10Y,-0.015346923425691739
2020-11-05,000300.SH,0.016031699235746474
2020-11-05,SPX,-0.003173536974254154
2020-11-05,HSI,-0.003847716563247538
2020-11-05,N225,-0.00441843958480059
2020-11-05,SX5E,0.04006513449084274
2020-11-05,000688.SH,0.035187599548486
2020-11-05,SOX,-0.026064701716837307
2020-11-05,NDX,-0.011411844602059691
2020-11-05,XAU,0.02526568218453165
2020-11-05,COPPER,0.011142335820551285
2020-11-05,WTI,0.08151149122706812
2020-11-05,BTC,-0.17861416723271994
2020-11-05,ETH,0.05563454652128087
2020-11-05,US10Y,-0.02723267887301606
2020-11-05,CN10Y,-0.010075403481572459
2020-11-06,000300.SH,-0.012612054919982012
2020-11-06,SPX,-0.002563202006441275
2020-11-06,HSI,-0.04567379176046171
2020-11-06,N225,-0.029306167797569328
2020-11-06,SX5E,0.02957657199497917
2020-11-06,000688.SH,0.010840985129785293
2020-11-06,SOX,-0.03322905609708638
2020-11-06,NDX,-0.01069195468268042
2020-11-06,XAU,0.014486802111510379
2020-11-06,COPPER,0.023710611231074288
2020-11-06,WTI,0.13098383450263076
2020-11-06,BTC,-0.19581140081185458
2020-11-06,ETH,0.16876117599025187
2020-11-06,US10Y,-0.029294741103468393
2020-11-06,CN10Y,-0.01917761178068829
2020-11-09,000300.SH,-0.008247483368174463
2020-11-09,SPX,0.020761918222194885
2020-11-09,HSI,-0.04564591789410392
2020-11-09,N225,-0.03187130940258284
2020-11-09,SX5E,0.03155059460950868
2020-11-09,000688.SH,0.01592769996115735
2020-11-09,SOX,-0.02414904333725322
2020-11-09,NDX,0.020145785491557128
2020-11-09,XAU,0.013273091458440647
2020-11-09,COPPER,0.0213286692227291
2020-11-09,WTI,0.16242479955953304
2020-11-09,BTC,-0.18719668302749312
2020-11-09,ETH,0.10528574799794485
2020-11-09,US10Y,-0.0844737167112854
2020-11-09,CN10Y,-0.009114152782173316
2020-11-10,000300.SH,-0.023447991853983947
2020-11-10,SPX,0.03435699985934522
2020-11-10,HSI,-0.042786162435927096
2020-11-10,N225,-0.03727130560877902
2020-11-10,SX5E,0.005077443191629699
2020-11-10,000688.SH,-0.028496527014317118
2020-11-10,SOX,0.029545556324408757
2020-11-10,NDX,0.07050411323864689
2020-11-10,XAU,0.07440376929319346
2020-11-10,COPPER,0.03978935319263435
2020-11-10,WTI,0.12240719336086191
2020-11-10,BTC,-0.15905666220160222
2020-11-10,ETH,0.15363456998897537
2020-11-10,US10Y,-0.21267455625542045
2020-11-10,CN10Y,-0.025985793079666423
2020-11-12,000300.SH,-0.015508751355461425
2020-11-12,SPX,0.03214187737202461
2020-11-12,HSI,-0.0616940777456668
2020-11-12,N225,-0.038395095690190464
2020-11-12,SX5E,-0.006607154656028493
2020-11-12,000688.SH,0.03922282601181791
2020-11-12,SOX,0.06363692815903821
2020-11-12,NDX,0.0855560395252537
2020-11-12,XAU,0.07644287274615306
2020-11-12,COPPER,0.03237028272054967
2020-11-12,WTI,0.03807404114056225
2020-11-12,BTC,-0.141947181756907
2020-11-12,ETH,0.15913703842191093
2020-11-12,US10Y,-0.24654127686030214
2020-11-12,CN10Y,-0.015888368032754632
2020-11-13,000300.SH,-0.011949927148893506
2020-11-13,SPX,0.03864770092800892
2020-11-13,HSI,-0.052357593533035256
2020-11-13,N225,-0.07890918543955772
2020-11-13,SX5E,-0.011081360287767418
2020-11-13,000688.SH,0.07425487545771461
2020-11-13,SOX,0.03500978103191809
2020-11-13,NDX,0.07101274933574785
2020-11-13,XAU,0.06716500675361539
2020-11-13,COPPER,0.04302686836418127
2020-11-13,WTI,0.07311885934358472
2020-11-13,BTC,-0.2246754024822849
2020-11-13,ETH,0.10858000869270275
2020-11-13,US10Y,-0.10908052228877962
2020-11-13,CN10Y,-0.0227618587271557
2020-11-16,000300.SH,-0.0033062543661303637
2020-11-16,SPX,0.03981805019501968
2020-11-16,HSI,-0.041118747525442166
2020-11-16,N225,-0.058713876486388566
2020-11-16,SX5E,0.0028436615326135964
2020-11-16,000688.SH,0.06342903640133722
2020-11-16,SOX,0.0604707488181878
2020-11-16,NDX,0.06478590896308378
2020-11-16,XAU,0.06787812879152177
2020-11-16,COPPER,0.02747509002916517
2020-11-16,WTI,0.08656148214053837
2020-11-16,BTC,-0.2518973614223822
2020-11-16,ETH,-0.006381283583910113
2020-11-16,US10Y,-0.030810335810768953
2020-11-16,CN10Y,-0.021034247676445433
2020-11-17,000300.SH,0.01442962064967703
2020-11-17,SPX,0.03733480999766721
2020-11-17,HSI,-0.024241815060222053
2020-11-17,N225,-0.07756347959779741
2020-11-17,SX5E,-0.0013488403810411258
2020-11-17,000688.SH,0.07227737010284417
2020-11-17,SOX,0.05176589415224918
2020-11-17,NDX,0.08670573814313702
2020-11-17,XAU,0.05424644351702575
2020-11-17,COPPER,0.006389206723294703
2020-11-17,WTI,0.07435585447685289
2020-11-17,BTC,-0.23440028085012998
2020-11-17,ETH,0.07530759861752544
2020-11-17,US10Y,-0.12164080984440509
2020-11-17,CN10Y,-0.0136173106466781
2020-11-18,000300.SH,0.017811382686379114
2020-11-18,SPX,0.04485489307629118
2020-11-18,HSI,-0.04294057009863776
2020-11-18,N225,-0.0858440501515722
2020-11-18,SX5E,-0.02365176285794648
2020-11-18,000688.SH,0.06401980083228657
2020-11-18,SOX,0.06436928240433078
2020-11-18,NDX,0.08746746736125066
2020-11-18,XAU,0.06544898056949125
2020-11-18,COPPER,0.02725462813041552
2020-11-18,WTI,0.07828956951418715
2020-11-18,BTC,-0.27378053534703845
2020-11-18,ETH,0.043051477154125266
2020-11-18,US10Y,-0.054529214186345
2020-11-18,CN10Y,-0.011821349087218023
2020-11-19,000300.SH,0.01768880454739565
2020-11-19,SPX,0.057368942988147986
2020-11-19,HSI,-0.03787401035026667
2020-11-19,N225,-0.07902377134445207
2020-11-19,SX5E,-0.010890042222401045
2020-11-19,000688.SH,0.06301539710684947
2020-11-19,SOX,0.0683107785198275
2020-11-19,NDX,0.09154168266977368
2020-11-19,XAU,0.06533448276309431
2020-11-19,COPPER,0.024708387036567206
2020-11-19,WTI,0.07000498408352063
2020-11-19,BTC,-0.2934155765963088
2020-11-19,ETH,0.02505116080435424
2020-11-19,US10Y,-0.03570231673553997
2020-11-19,CN10Y,-0.026118903270562557
2020-11-20,000300.SH,0.0010525607602124773
2020-11-20,SPX,0.03468845885460075
2020-11-20,HSI,-0.025954495235762615
2020-11-20,N225,-0.06445309924581039
2020-11-20,SX5E,-0.00444537400350354
2020-11-20,000688.SH,0.03020678961169404
2020-11-20,SOX,0.042937837173642183
2020-11-20,NDX,0.06260963008742423
2020-11-20,XAU,0.06884561829877565
2020-11-20,COPPER,0.023322299274202464
2020-11-20,WTI,0.06301622086187053
2020-11-20,BTC,-0.26345885872607644
2020-11-20,ETH,0.06489188930664481
2020-11-20,US10Y,0.006699016741276993
2020-11-20,CN10Y,-0.03995849375919156
2020-11-24,000300.SH,0.0071468414718391625
2020-11-24,SPX,0.04997349003561953
2020-11-24,HSI,-0.026192354978543452
2020-11-24,N225,-0.06347220622876369
2020-11-24,SX5E,-0.009650495719810255
2020-11-24,000688.SH,0.04369627352856247
2020-11-24,SOX,0.05360700516919717
2020-11-24,NDX,0.07683133232135077
2020-11-24,XAU,0.06809502906255142
2020-11-24,COPPER,0.019532621567206785
2020-11-24,WTI,0.06121326378677976
2020-11-24,BTC,-0.29391279261865977
2020-11-24,ETH,-0.04106880325590688
2020-11-24,US10Y,0.08387546508027713
2020-11-24,CN10Y,-0.029674669221700527
2020-11-25,000300.SH,0.008577418326383607
2020-11-25,SPX,0.04534683996591731
2020-11-25,HSI,-0.01284199793479407
2020-11-25,N225,-0.07921277438323254
2020-11-25,SX5E,-0.01906082944088574
2020-11-25,000688.SH,0.04018775317403811
2020-11-25,SOX,0.05129669358734343
2020-11-25,NDX,0.08151829093088682
2020-11-25,XAU,0.11671785012976033
2020-11-25,COPPER,0.043451158985091
2020-11-25,WTI,0.00010082690654871634
2020-11-25,BTC,-0.21893179339173247
2020-11-25,ETH,-0.1108651103234252
2020-11-25,US10Y,0.07959705264610822
2020-11-25,CN10Y,-0.025881379178008052
2020-11-27,000300.SH,0.012636010659625527
2020-11-27,SPX,0.04253025874736566
2020-11-27,HSI,-0.020485490376458346
2020-11-27,N225,-0.09315103690153206
2020-11-27,SX5E,-0.029770698866917446
2020-11-27,000688.SH,0.035476179989329434
2020-11-27,SOX,0.04149771766453162
2020-11-27,NDX,0.06441921551081901
2020-11-27,XAU,0.09936115164824266
2020-11-27,COPPER,0.021714651595037677
2020-11-27,WTI,-0.01965140140128372
2020-11-27,BTC,-0.20322435435521186
2020-11-27,ETH,-0.033783994368699444
2020-11-27,US10Y,0.10686594463331746
2020-11-27,CN10Y,-0.02443415417816668
2020-11-30,000300.SH,-0.015282396158392142
2020-11-30,SPX,0.039217172260425856
2020-11-30,HSI,-0.02565817279609884
2020-11-30,N225,-0.1061454488182416
2020-11-30,SX5E,-0.030089064565066246
2020-11-30,000688.SH,0.007462228138968634
2020-11-30,SOX,0.020040296746212584
2020-11-30,NDX,0.05434662276262478
2020-11-30,XAU,0.10711144580478815
2020-11-30,COPPER,-0.0182978991810034
2020-11-30,WTI,-0.03891332267167638
2020-11-30,BTC,-0.12726595704659585
2020-11-30,ETH,0.03504403199930642
2020-11-30,US10Y,0.12505172989874297
2020-11-30,CN10Y,-0.026621266373995443
2020-12-01,000300.SH,-0.002380769055362558
2020-12-01,SPX,0.046284372306304195
2020-12-01,HSI,0.0028802622995356755
2020-12-01,N225,-0.0948504317741856
2020-12-01,SX5E,-0.04246315801343648
2020-12-01,000688.SH,0.06104869229156888
2020-12-01,SOX,0.018553781079138087
2020-12-01,NDX,0.07177479397701889
2020-12-01,XAU,0.1283625046596671
2020-12-01,COPPER,-0.02501155682429232
2020-12-01,WTI,-0.019724718430860582
2020-12-01,BTC,-0.16451405103962297
2020-12-01,ETH,-0.06315970006674633
2020-12-01,US10Y,0.10449213560738851
2020-12-01,CN10Y,-0.021292157016114997
2020-12-02,000300.SH,-0.004382710412904748
2020-12-02,SPX,0.021212384716184675
2020-12-02,HSI,0.002847878709493554
2020-12-02,N225,-0.10747404480327317
2020-12-02,SX5E,-0.07149654521360319
2020-12-02,000688.SH,0.07678207594845347
2020-12-02,SOX,-0.0004586968014058043
2020-12-02,NDX,0.04132280199153282
2020-12-02,XAU,0.10290467266295644
2020-12-02,COPPER,-0.028989559764341886
2020-12-02,WTI,-0.018653858443650688
2020-12-02,BTC,-0.0947398214732356
2020-12-02,ETH,0.0448174836681622
2020-12-02,US10Y,0.057158774978211715
2020-12-02,CN10Y,-0.0208508357625804
2020-12-03,000300.SH,0.0037183701889740637
2020-12-03,SPX,0.032015156868094724
2020-12-03,HSI,-0.0003004085429086315
2020-12-03,N225,-0.11067798105651264
2020-12-03,SX5E,-0.07026317811303287
2020-12-03,000688.SH,0.07796377436228147
2020-12-03,SOX,0.024550107719880716
2020-12-03,NDX,0.060005794968014246
2020-12-03,XAU,0.08751436389203178
2020-12-03,COPPER,-0.030649925745169698
2020-12-03,WTI,-0.06450074715487493
2020-12-03,BTC,-0.10360477675141606
2020-12-03,ETH,0.02083867984073175
2020-12-03,US10Y,0.0988278561541119
2020-12-03,CN10Y,-0.025437086630206426
2020-12-04,000300.SH,-0.007273228935014522
2020-12-04,SPX,0.02784934839449163
2020-12-04,HSI,-0.023411056252611036
2020-12-04,N225,-0.12510894687368826
2020-12-04,SX5E,-0.06467341019517565
2020-12-04,000688.SH,0.06733541570277483
2020-12-04,SOX,0.01931982871628489
2020-12-04,NDX,0.04128916641245482
2020-12-04,XAU,0.09237366749285636
2020-12-04,COPPER,-0.02288788821458551
2020-12-04,WTI,-0.08104108474265266
2020-12-04,BTC,-0.09048903782710807
2020-12-04,ETH,0.009251540759168397
2020-12-04,US10Y,0.18188569170064656
2020-12-04,CN10Y,-0.02442000613784246
2020-12-07,000300.SH,-0.006709495896395246
2020-12-07,SPX,0.023970988560848477
2020-12-07,HSI,-0.016668850969279947
2020-12-07,N225,-0.11004888387582831
2020-12-07,SX5E,-0.05506936689808607
2020-12-07,000688.SH,0.07255952195133326
2020-12-07,SOX,-0.014021641398408979
2020-12-07,NDX,0.030826174445282788
2020-12-07,XAU,0.09782183922749194
2020-12-07,COPPER,-0.028132200905469307
2020-12-07,WTI,-0.062402394432942786
2020-12-07,BTC,-0.0684679639993003
2020-12-07,ETH,0.056499884229245734
2020-12-07,US10Y,0.09934050716490145
2020-12-07,CN10Y,-0.019498117203393305
2020-12-08,000300.SH,0.013111236339127388
2020-12-08,SPX,0.046345407370239136
2020-12-08,HSI,0.0032302616945114847
2020-12-08,N225,-0.08828200030500544
2020-12-08,SX5E,-0.019676078931661137
2020-12-08,000688.SH,0.10110748735379804
2020-12-08,SOX,0.005863177091332306
2020-12-08,NDX,0.06373254887253577
2020-12-08,XAU,0.07478403250205681
2020-12-08,COPPER,-0.03657250010913867
2020-12-08,WTI,-0.021720623029447758
2020-12-08,BTC,-0.09424699618657173
2020-12-08,ETH,-0.015793372182233235
2020-12-08,US10Y,-0.006909095989097412
2020-12-08,CN10Y,-0.02497348449044605
2020-12-09,000300.SH,0.017145612469160586
2020-12-09,SPX,0.0335171390882927
2020-12-09,HSI,0.027088165525999096
2020-12-09,N225,-0.07414724045042545
2020-12-09,SX5E,-0.023153275145376837
2020-12-09,000688.SH,0.10144397244831771
2020-12-09,SOX,0.0017435502728125347
2020-12-09,NDX,0.05153632530242257
2020-12-09,XAU,0.07798469266586278
2020-12-09,COPPER,-0.05458605031957493
2020-12-09,WTI,-0.07066587162193984
2020-12-09,BTC,-0.014675904200723056
2020-12-09,ETH,-0.03487919104427968
2020-12-09,US10Y,-0.023515872494742046
2020-12-09,CN10Y,-0.014836052495806502
2020-12-10,000300.SH,0.02623295691876587
2020-12-10,SPX,0.032432030482775334
2020-12-10,HSI,0.01507837992502608
2020-12-10,N225,-0.08008831325292505
2020-12-10,SX5E,-0.034192823439358984
2020-12-10,000688.SH,0.09644767604273598
2020-12-10,SOX,0.033365523122517116
2020-12-10,NDX,0.06343145478683423
2020-12-10,XAU,0.09090130015132031
2020-12-10,COPPER,-0.04903184014238547
2020-12-10,WTI,-0.11023425475695275
2020-12-10,BTC,-0.044285360054478216
2020-12-10,ETH,-0.0043663239366590265
2020-12-10,US10Y,-0.01963374005617826
2020-12-10,CN10Y,-0.016056665791037518
2020-12-11,000300.SH,0.03646689005314792
2020-12-11,SPX,0.027211667984451786
2020-12-11,HSI,0.01943829452598267
2020-12-11,N225,-0.06096298342366898
2020-12-11,SX5E,0.015801824142171867
2020-12-11,000688.SH,0.11685110998141474
2020-12-11,SOX,-0.005393137202070094
2020-12-11,NDX,0.018091612905672703
2020-12-11,XAU,0.03722293933823589
2020-12-11,COPPER,-0.09203374638537173
2020-12-11,WTI,-0.09588115648557037
2020-12-11,BTC,-0.07958228427983442
2020-12-11,ETH,-0.06801019295107293
2020-12-11,US10Y,0.13525228321184132
2020-12-11,CN10Y,-0.004473121415330692
2020-12-14,000300.SH,0.0372146746349198
2020-12-14,SPX,0.018806124116616373
2020-12-14,HSI,0.02239873184039443
2020-12-14,N225,-0.0564918120054952
2020-12-14,SX5E,0.029726969493891513
2020-12-14,000688.SH,0.08140525150124527
2020-12-14,SOX,-0.03663187990525082
2020-12-14,NDX,-0.006263937951274811
2020-12-14,XAU,0.03950611500271192
2020-12-14,COPPER,-0.07756594086419352
2020-12-14,WTI,-0.047190065152372285
2020-12-14,BTC,-0.087382163784564
2020-12-14,ETH,-0.060203223317884164
2020-12-14,US10Y,0.16201498013466253
2020-12-14,CN10Y,-0.01934382374340733
2020-12-15,000300.SH,0.02395633868532285
2020-12-15,SPX,0.03161419045158466
2020-12-15,HSI,0.027226186068475353
2020-12-15,N225,-0.031948625625035684
2020-12-15,SX5E,0.028959638939184053
2020-12-15,000688.SH,0.057838912131329946
2020-12-15,SOX,-0.00964323577186133
2020-12-15,NDX,0.01603736735207294
2020-12-15,XAU,0.05001034339428278
2020-12-15,COPPER,-0.07321631383447566
2020-12-15,WTI,-0.06550984451533617
2020-12-15,BTC,-0.06582974513004426
2020-12-15,ETH,-0.06608434625359319
2020-12-15,US10Y,0.08105905257965759
2020-12-15,CN10Y,-0.004469918471564185
2020-12-16,000300.SH,0.011284790187355495
2020-12-16,SPX,0.032684140488115715
2020-12-16,HSI,0.033250542474925475
2020-12-16,N225,-0.0354283163246512
2020-12-16,SX5E,0.02504560881934269
2020-12-16,000688.SH,0.08193742471225235
2020-12-16,SOX,-0.01108294530444194
2020-12-16,NDX,0.014778767003353035
2020-12-16,XAU,0.04112992878068499
2020-12-16,COPPER,-0.06527310075740721
2020-12-16,WTI,-0.09649381200041209
2020-12-16,BTC,-0.06869737153598347
2020-12-16,ETH,-0.03513847483140437
2020-12-16,US10Y,0.07140363529689729
2020-12-16,CN10Y,0.0005991829913729427
2020-12-17,000300.SH,0.020273806677947794
2020-12-17,SPX,0.04518277057020888
2020-12-17,HSI,0.03229250792827796
2020-12-17,N225,-0.016434641481557506
2020-12-17,SX5E,0.030862231896063644
2020-12-17,000688.SH,0.10213615513831308
2020-12-17,SOX,0.017617538553014594
2020-12-17,NDX,0.017874787536142543
2020-12-17,XAU,0.03379659684233187
2020-12-17,COPPER,-0.057745802454285934
2020-12-17,WTI,-0.06582294043020487
2020-12-17,BTC,-0.1311495377018956
2020-12-17,ETH,-0.13066861189481221
2020-12-17,US10Y,0.10043243099273877
2020-12-17,CN10Y,0.001352707827716701
2020-12-18,000300.SH,0.010135033428793563
2020-12-18,SPX,0.04436833593913379
2020-12-18,HSI,0.029958707481453746
2020-12-18,N225,-0.011579515804009278
2020-12-18,SX5E,0.03434300541265473
2020-12-18,000688.SH,0.08162457059497474
2020-12-18,SOX,0.02116442620204811
2020-12-18,NDX,0.018719357580206524
2020-12-18,XAU,0.020255064755205103
2020-12-18,COPPER,-0.06954910080420684
2020-12-18,WTI,-0.06509601536031616
2020-12-18,BTC,-0.11890191336413244
2020-12-18,ETH,-0.05291742349837631
2020-12-18,US10Y,0.05358881044000321
2020-12-18,CN10Y,0.0038866569965672047
2020-12-21,000300.SH,0.014756987671608318
2020-12-21,SPX,0.03969191681324663
2020-12-21,HSI,0.04359635842797094
2020-12-21,N225,-0.019942408306864966
2020-12-21,SX5E,0.0454900970866355
2020-12-21,000688.SH,0.07683262420729961
2020-12-21,SOX,0.023554284745073678
2020-12-21,NDX,0.016434006707906807
2020-12-21,XAU,0.019625727749331766
2020-12-21,COPPER,-0.07874313754225103
2020-12-21,WTI,-0.06995611008747267
2020-12-21,BTC,-0.11893205515627071
2020-12-21,ETH,-0.06575329036979158
2020-12-21,US10Y,0.06092944299446293
2020-12-21,CN10Y,0.012415555059114444
2020-12-22,000300.SH,0.007722476648705345
2020-12-22,SPX,0.03767836505878598
2020-12-22,HSI,0.03796121276578798
2020-12-22,N225,-0.025198850071308277
2020-12-22,SX5E,0.05476154904067042
2020-12-22,000688.SH,0.06420172043429298
2020-12-22,SOX,0.031838767188056415
2020-12-22,NDX,0.017842580266238993
2020-12-22,XAU,0.015110941695510742
2020-12-22,COPPER,-0.06290820565200322
2020-12-22,WTI,-0.053408657384694885
2020-12-22,BTC,-0.12234474862037924
2020-12-22,ETH,-0.049304209166948616
2020-12-22,US10Y,0.019192283522127793
2020-12-22,CN10Y,0.026854774275157277
2020-12-23,000300.SH,0.02282656711063185
2020-12-23,SPX,0.024181586357880806
2020-12-23,HSI,0.04322533783133792
2020-12-23,N225,-0.02127564019994924
2020-12-23,SX5E,0.03742438659349424
2020-12-23,000688.SH,0.07827174201353779
2020-12-23,SOX,0.014796113872266248
2020-12-23,NDX,-0.0002616286219192447
2020-12-23,XAU,0.022701856583270258
2020-12-23,COPPER,-0.026337915337102218
2020-12-23,WTI,-0.02856889269786639
2020-12-23,BTC,-0.13932737613347215
2020-12-23,ETH,-0.04296237721785339
2020-12-23,US10Y,-0.010732498140524783
2020-12-23,CN10Y,0.026038737986268053
2020-12-28,000300.SH,0.0090388041119426
2020-12-28,SPX,0.020470634043790396
2020-12-28,HSI,0.025342290118661116
2020-12-28,N225,-0.006421440984568961
2020-12-28,SX5E,0.01722884300179684
2020-12-28,000688.SH,0.04201133007614793
2020-12-28,SOX,0.007937691296419823
2020-12-28,NDX,-0.00756278708727356
2020-12-28,XAU,-0.02766844505472506
2020-12-28,COPPER,-0.0486095481838197
2020-12-28,WTI,-0.03130366448372725
2020-12-28,BTC,-0.13211831661669093
2020-12-28,ETH,0.1374967094344131
2020-12-28,US10Y,-0.02833342736081273
2020-12-28,CN10Y,0.02249132768844623
2020-12-29,000300.SH,0.0006356612563671333
2020-12-29,SPX,0.03468406676786322
2020-12-29,HSI,0.04743996186928843
2020-12-29,N225,-0.001153142653285569
2020-12-29,SX5E,0.03805217182278907
2020-12-29,000688.SH,0.05911082880169283
2020-12-29,SOX,0.03396569233560852
2020-12-29,NDX,0.009522759701985285
2020-12-29,XAU,-0.015639350205932906
2020-12-29,COPPER,-0.03332560121093725
2020-12-29,WTI,0.032214349969581356
2020-12-29,BTC,-0.24395062039864404
2020-12-29,ETH,-0.03671911324008521
2020-12-29,US10Y,0.042343417617195095
2020-12-29,CN10Y,0.03281891756651378
2020-12-30,000300.SH,0.02455613496348753
2020-12-30,SPX,0.05005304298296452
2020-12-30,HSI,0.05246371378292396
2020-12-30,N225,-0.011300897287988948
2020-12-30,SX5E,0.05030076944187383
2020-12-30,000688.SH,0.06421294807324486
2020-12-30,SOX,0.06306843881529124
2020-12-30,NDX,0.02875464728483919
2020-12-30,XAU,-0.02323813770874905
2020-12-30,COPPER,0.011831632924565303
2020-12-30,WTI,0.029886806989216884
2020-12-30,BTC,-0.3163036790965964
2020-12-30,ETH,-0.08617281274904987
2020-12-30,US10Y,0.01624707945677062
2020-12-30,CN10Y,0.045640312127206
2021-01-04,000300.SH,0.0027167307123819057
2021-01-04,SPX,0.03456790710065297
2021-01-04,HSI,0.006253172418841397
2021-01-04,N225,-0.015000556078351657
2021-01-04,SX5E,0.03811740551014969
2021-01-04,000688.SH,0.03676710855842727
2021-01-04,SOX,0.0438814092654058
2021-01-04,NDX,0.01797617490351406
2021-01-04,XAU,-0.04057609413717072
2021-01-04,COPPER,0.015405763188975453
2021-01-04,WTI,0.0027135216064820694
2021-01-04,BTC,-0.23765017104536962
2021-01-04,ETH,0.04438537838780511
2021-01-04,US10Y,0.009240435391683711
2021-01-04,CN10Y,0.04120181421657221
2021-01-05,000300.SH,0.010687244313040467
2021-01-05,SPX,0.07124934332682323
2021-01-05,HSI,0.018278224452288515
2021-01-05,N225,0.014517057713469304
2021-01-05,SX5E,0.07302644763085159
2021-01-05,000688.SH,0.014606221984115826
2021-01-05,SOX,0.0841639400002911
2021-01-05,NDX,0.05767116532120174
2021-01-05,XAU,-0.03144343635747213
2021-01-05,COPPER,0.03865418100566914
2021-01-05,WTI,0.025136217476295783
2021-01-05,BTC,-0.31549486940596955
2021-01-05,ETH,-0.2290468638616398
2021-01-05,US10Y,0.13565215621940632
2021-01-05,CN10Y,0.032342970181627996
2021-01-06,000300.SH,-0.001756915876925903
2021-01-06,SPX,0.07111135863606
2021-01-06,HSI,0.016241775425628723
2021-01-06,N225,0.022117126998126426
2021-01-06,SX5E,0.08497059620773964
2021-01-06,000688.SH,0.017665814042670223
2021-01-06,SOX,0.0740986473692336
2021-01-06,NDX,0.052295800166211936
2021-01-06,XAU,-0.02174684202423734
2021-01-06,COPPER,0.017071669282558245
2021-01-06,WTI,-0.007834351470819782
2021-01-06,BTC,-0.3229844072492108
2021-01-06,ETH,-0.20115543748117276
2021-01-06,US10Y,0.14581994841802837
2021-01-06,CN10Y,0.05408521755610891
2021-01-07,000300.SH,-0.003975810679245983
2021-01-07,SPX,0.0744035912246114
2021-01-07,HSI,0.03002627254655576
2021-01-07,N225,0.030469533625514807
2021-01-07,SX5E,0.07819600921036672
2021-01-07,000688.SH,0.030666160298871172
2021-01-07,SOX,0.09018096416756802
2021-01-07,NDX,0.07433101957783919
2021-01-07,XAU,0.00660073612286485
2021-01-07,COPPER,0.017309103501757045
2021-01-07,WTI,0.004808153260028638
2021-01-07,BTC,-0.35319468014556593
2021-01-07,ETH,-0.185129898198456
2021-01-07,US10Y,0.051121354975541544
2021-01-07,CN10Y,0.05418749051174822
2021-01-08,000300.SH,-0.011168039461984117
2021-01-08,SPX,0.07847548357958427
2021-01-08,HSI,0.046739702181176325
2021-01-08,N225,0.016500517831335965
2021-01-08,SX5E,0.09305426502718245
2021-01-08,000688.SH,0.05392265905305061
2021-01-08,SOX,0.09387782765324991
2021-01-08,NDX,0.06251818776765679
2021-01-08,XAU,0.013951937675565976
2021-01-08,COPPER,0.022986465325678263
2021-01-08,WTI,0.019030609388097572
2021-01-08,BTC,-0.425817432166856
2021-01-08,ETH,-0.20103703645563253
2021-01-08,US10Y,0.08818230297350975
2021-01-08,CN10Y,0.04878254962838418
2021-01-12,000300.SH,-0.012475918888062156
2021-01-12,SPX,0.0748530790254315
2021-01-12,HSI,0.025176533448607326
2021-01-12,N225,-0.012448198466355389
2021-01-12,SX5E,0.08906826072028792
2021-01-12,000688.SH,0.05983799042635414
2021-01-12,SOX,0.104892562737465
2021-01-12,NDX,0.0584198626303255
2021-01-12,XAU,0.06271638439535679
2021-01-12,COPPER,0.03355344858682675
2021-01-12,WTI,-0.02139938194567689
2021-01-12,BTC,-0.4090050651290964
2021-01-12,ETH,-0.11740497071829961
2021-01-12,US10Y,0.020301394918510414
2021-01-12,CN10Y,0.04391401825832449
2021-01-13,000300.SH,-0.03709366385039846
2021-01-13,SPX,0.08272666319613449
2021-01-13,HSI,0.0021147635788215657
2021-01-13,N225,-0.019117085029488397
2021-01-13,SX5E,0.0922980904752715
2021-01-13,000688.SH,0.034191330889219135
2021-01-13,SOX,0.08929567626710577
2021-01-13,NDX,0.07774462726310699
2021-01-13,XAU,0.06442173210810817
2021-01-13,COPPER,0.03808409413328118
2021-01-13,WTI,-0.03327639836008272
2021-01-13,BTC,-0.31974010208080283
2021-01-13,ETH,-0.08776449987379126
2021-01-13,US10Y,-0.023427417811793007
2021-01-13,CN10Y,0.03954218909530735
2021-01-14,000300.SH,-0.04314846353243835
2021-01-14,SPX,0.07785828709083228
2021-01-14,HSI,0.014091696065243423
2021-01-14,N225,-0.013689469895040544
2021-01-14,SX5E,0.09791554544459129
2021-01-14,000688.SH,0.011180010261948996
2021-01-14,SOX,0.06655162729812472
2021-01-14,NDX,0.05521857105930181
2021-01-14,XAU,0.054104822769582415
2021-01-14,COPPER,0.049037812472544184
2021-01-14,WTI,-0.0177071930568653
2021-01-14,BTC,-0.38086109350352243
2021-01-14,ETH,-0.08893346751372344
2021-01-14,US10Y,0.0638270056817731
2021-01-14,CN10Y,0.05455430935764719
2021-01-15,000300.SH,-0.015448123136527592
2021-01-15,SPX,0.09294973231649473
2021-01-15,HSI,0.00858716922280253
2021-01-15,N225,-0.01858191241225425
2021-01-15,SX5E,0.10292185482360253
2021-01-15,000688.SH,-0.013480136647261361
2021-01-15,SOX,0.06320102623837469
2021-01-15,NDX,0.0763993158223206
2021-01-15,XAU,0.05496108131699439
2021-01-15,COPPER,0.06367234697772108
2021-01-15,WTI,0.008042394243630402
2021-01-15,BTC,-0.38667318844713944
2021-01-15,ETH,-0.105062741309074
2021-01-15,US10Y,0.014385146945460996
2021-01-15,CN10Y,0.05412603404485393
2021-01-19,000300.SH,-0.02771527323030253
2021-01-19,SPX,0.09553372572926114
2021-01-19,HSI,0.007327712591764558
2021-01-19,N225,-0.01986435162461067
2021-01-19,SX5E,0.0975947759155176
2021-01-19,000688.SH,-0.014683678181181482
2021-01-19,SOX,0.06730363020165858
2021-01-19,NDX,0.07909771158738099
2021-01-19,XAU,0.0663160569736573
2021-01-19,COPPER,0.06802882500726362
2021-01-19,WTI,0.024812744984261
2021-01-19,BTC,-0.373490842912759
2021-01-19,ETH,-0.13822024178250147
2021-01-19,US10Y,0.016913073371428857
2021-01-19,CN10Y,0.05104613136916081
2021-01-20,000300.SH,-0.012350703328638718
2021-01-20,SPX,0.08261996737085392
2021-01-20,HSI,-0.03334069405481449
2021-01-20,N225,-0.018170544891416972
2021-01-20,SX5E,0.10730981442976953
2021-01-20,000688.SH,-0.0022476948341788074
2021-01-20,SOX,0.046264411261407345
2021-01-20,NDX,0.06948000371446507
2021-01-20,XAU,0.052315939792633
2021-01-20,COPPER,0.054907676234081534
2021-01-20,WTI,0.017464883724965394
2021-01-20,BTC,-0.2547919940348512
2021-01-20,ETH,-0.1820445322804033
2021-01-20,US10Y,0.02843974315890143
2021-01-20,CN10Y,0.0441437237372255
2021-01-21,000300.SH,-0.017392953741904547
2021-01-21,SPX,0.07952773616149526
2021-01-21,HSI,-0.051720946170187285
2021-01-21,N225,-0.015502599101033198
2021-01-21,SX5E,0.10433443775770587
2021-01-21,000688.SH,-0.03774244178013911
2021-01-21,SOX,0.06009295431463766
2021-01-21,NDX,0.054684318809884086
2021-01-21,XAU,0.04818983076444379
2021-01-21,COPPER,0.05604923851583674
2021-01-21,WTI,0.028562171975799792
2021-01-21,BTC,-0.22615386147859615
2021-01-21,ETH,-0.17016198897846163
2021-01-21,US10Y,0.046020260113515725
2021-01-21,CN10Y,0.04121384283700225
2021-01-22,000300.SH,-0.04377601880267823
2021-01-22,SPX,0.059353471199393784
2021-01-22,HSI,-0.05293911315313806
2021-01-22,N225,-0.028923307361810528
2021-01-22,SX5E,0.09053488130594017
2021-01-22,000688.SH,-0.061598229064814325
2021-01-22,SOX,0.013711407103503947
2021-01-22,NDX,0.029597774443311985
2021-01-22,XAU,0.049420422971414274
2021-01-22,COPPER,0.04818814117721394
2021-01-22,WTI,0.005584212141982986
2021-01-22,BTC,-0.0908208746729404
2021-01-22,ETH,-0.05527650298834577
2021-01-22,US10Y,-0.012795431360004647
2021-01-22,CN10Y,0.04973916706097028
2021-01-25,000300.SH,-0.03579811006950336
2021-01-25,SPX,0.058786537013266214
2021-01-25,HSI,-0.03322017613669137
2021-01-25,N225,-0.02449755587823668
2021-01-25,SX5E,0.09342954346052981
2021-01-25,000688.SH,-0.05501714272023849
2021-01-25,SOX,0.020422966590189117
2021-01-25,NDX,0.028721612503019918
2021-01-25,XAU,0.06562284329634632
2021-01-25,COPPER,0.06180315300084227
2021-01-25,WTI,0.028801673619899045
2021-01-25,BTC,-0.10099279785217731
2021-01-25,ETH,-0.1719376206555786
2021-01-25,US10Y,0.008471739970295569
2021-01-25,CN10Y,0.05540333385803699
2021-01-26,000300.SH,-0.04886682621123699
2021-01-26,SPX,0.052009369078929515
2021-01-26,HSI,-0.06387845360518751
2021-01-26,N225,-0.032293145816617165
2021-01-26,SX5E,0.10406212106587434
2021-01-26,000688.SH,-0.06488441959240818
2021-01-26,SOX,0.0144963627994691
2021-01-26,NDX,0.019133711875974742
2021-01-26,XAU,0.06328741621289176
2021-01-26,COPPER,0.06664931391806872
2021-01-26,WTI,0.02624484867916859
2021-01-26,BTC,-0.05331171971356397
2021-01-26,ETH,-0.20106984841649173
2021-01-26,US10Y,0.06471569055041905
2021-01-26,CN10Y,0.05370557917470914
2021-01-27,000300.SH,-0.015148657908887364
2021-01-27,SPX,0.05823268706615972
2021-01-27,HSI,-0.040627945694488604
2021-01-27,N225,-0.021678964581619605
2021-01-27,SX5E,0.07351409794495253
2021-01-27,000688.SH,-0.027601867203677657
2021-01-27,SOX,0.035544135696689114
2021-01-27,NDX,0.02362965197082931
2021-01-27,XAU,0.06688752642200689
2021-01-27,COPPER,0.059730113016033745
2021-01-27,WTI,0.012458919092877507
2021-01-27,BTC,-0.06265465600651511
2021-01-27,ETH,-0.28222559088399
2021-01-27,US10Y,0.08151423492727987
2021-01-27,CN10Y,0.03842631614234904
2021-01-28,000300.SH,-0.04010567515766457
2021-01-28,SPX,0.07186288285839199
2021-01-28,HSI,-0.05014075724403182
2021-01-28,N225,-0.03950297100659618
2021-01-28,SX5E,0.09199082985796907
2021-01-28,000688.SH,-0.040433027674843885
2021-01-28,SOX,0.07071379319089813
2021-01-28,NDX,0.04378137355059809
2021-01-28,XAU,0.06016632398644321
2021-01-28,COPPER,0.05320831201639637
2021-01-28,WTI,-0.01940674892459251
2021-01-28,BTC,-0.02052818001319307
2021-01-28,ETH,-0.2628074743234883
2021-01-28,US10Y,0.05455293844865326
2021-01-28,CN10Y,0.026648380435059734
2021-01-29,000300.SH,-0.0011365866951238424
2021-01-29,SPX,0.06865187373416033
2021-01-29,HSI,-0.013022543182125212
2021-01-29,N225,-0.018548246467702388
2021-01-29,SX5E,0.10469898568787973
2021-01-29,000688.SH,0.0005160812295572845
2021-01-29,SOX,0.051186924015292304
2021-01-29,NDX,0.03763077903478995
2021-01-29,XAU,0.06631897743206146
2021-01-29,COPPER,0.05859833481511066
2021-01-29,WTI,0.024965036909111504
2021-01-29,BTC,-0.10640129821910205
2021-01-29,ETH,-0.3527634316021305
2021-01-29,US10Y,0.06729204250146957
2021-01-29,CN10Y,0.012013070806750698
2021-02-01,000300.SH,0.0013334937079662124
2021-02-01,SPX,0.07657369640073514
2021-02-01,HSI,-0.02015580507251745
2021-02-01,N225,0.0012285855704770449
2021-02-01,SX5E,0.10951439465232121
2021-02-01,000688.SH,-0.03195380066391854
2021-02-01,SOX,0.04425975319660682
2021-02-01,NDX,0.052183318107723614
2021-02-01,XAU,0.05412439115192182
2021-02-01,COPPER,0.05964686826091194
2021-02-01,WTI,-0.010643452484259873
2021-02-01,BTC,-0.03952876513412638
2021-02-01,ETH,-0.2644641482979262
2021-02-01,US10Y,-0.032828224073571353
2021-02-01,CN10Y,0.0007096946776555804
2021-02-02,000300.SH,-0.013929075809033437
2021-02-02,SPX,0.061081150812336865
2021-02-02,HSI,-0.030780374125980114
2021-02-02,N225,0.013392991641265905
2021-02-02,SX5E,0.10023804478702104
2021-02-02,000688.SH,-0.03139249763953545
2021-02-02,SOX,0.00747227606974963
2021-02-02,NDX,0.030515699212939458
2021-02-02,XAU,0.049319461309877605
2021-02-02,COPPER,0.051767570677278066
2021-02-02,WTI,-0.02608242413332943
2021-02-02,BTC,0.017048976142945378
2021-02-02,ETH,-0.21719623886532838
2021-02-02,US10Y,-0.011792239455170377
2021-02-02,CN10Y,0.0003366793749628428
2021-02-03,000300.SH,-0.013472744535314185
2021-02-03,SPX,0.052470361161268755
2021-02-03,HSI,-0.019840668249275356
2021-02-03,N225,0.0007369966534727639
2021-02-03,SX5E,0.08469250917779655
2021-02-03,000688.SH,-0.019512960883003916
2021-02-03,SOX,0.01552856643272884
2021-02-03,NDX,0.020245094340346347
2021-02-03,XAU,0.06985675395347977
2021-02-03,COPPER,0.059566492823317996
2021-02-03,WTI,-0.04496920083141556
2021-02-03,BTC,0.06488975366949173
2021-02-03,ETH,-0.2052446076424725
2021-02-03,US10Y,-0.04859461700582497
2021-02-03,CN10Y,-0.01635172906459685
2021-02-04,000300.SH,0.0032271227824473515
2021-02-04,SPX,0.023828990597468347
2021-02-04,HSI,-0.02560607278291945
2021-02-04,N225,-0.024242106673090215
2021-02-04,SX5E,0.0540940311786655
2021-02-04,000688.SH,0.03569194009500311
2021-02-04,SOX,0.011226909376218619
2021-02-04,NDX,-0.0028866298956981094
2021-02-04,XAU,0.08209783902743373
2021-02-04,COPPER,0.040458366729016225
2021-02-04,WTI,-0.10183010137853608
2021-02-04,BTC,0.06376137432828177
2021-02-04,ETH,-0.038081851567958555
2021-02-04,US10Y,-0.1128418079015395
2021-02-04,CN10Y,-0.008898003914793269
2021-02-05,000300.SH,0.013350228353887637
2021-02-05,SPX,0.006585017378452537
2021-02-05,HSI,-0.02293029040237065
2021-02-05,N225,-0.02329295064583305
2021-02-05,SX5E,0.02487989560458033
2021-02-05,000688.SH,0.042595458107845416
2021-02-05,SOX,0.0030972560659953477
2021-02-05,NDX,-0.017956774592486954
2021-02-05,XAU,0.1001846933457409
2021-02-05,COPPER,0.05695914348965661
2021-02-05,WTI,-0.07550525779571439
2021-02-05,BTC,0.08422523012052004
2021-02-05,ETH,-0.05459336970393897
2021-02-05,US10Y,-0.10564272042617162
2021-02-05,CN10Y,-0.03195555890016358
2021-02-08,000300.SH,0.014969136333512318
2021-02-08,SPX,0.002681214552734093
2021-02-08,HSI,-0.03244402106254448
2021-02-08,N225,-0.04393637445457803
2021-02-08,SX5E,0.03211262879802552
2021-02-08,000688.SH,0.0524134686069455
2021-02-08,SOX,0.0009275493073339948
2021-02-08,NDX,-0.03881899131624393
2021-02-08,XAU,0.06646177674591185
2021-02-08,COPPER,0.0322366112802038
2021-02-08,WTI,-0.07929101395424791
2021-02-08,BTC,0.1341428726302984
2021-02-08,ETH,-0.04192660294597204
2021-02-08,US10Y,-0.07030800126722418
2021-02-08,CN10Y,-0.02922025325415533
2021-02-09,000300.SH,0.017110661683483557
2021-02-09,SPX,0.011100001887704734
2021-02-09,HSI,-0.03920653183737792
2021-02-09,N225,-0.04645026282426552
2021-02-09,SX5E,0.03350633434015988
2021-02-09,000688.SH,0.022603192018731542
2021-02-09,SOX,0.012253426604975394
2021-02-09,NDX,-0.0182664063305494
2021-02-09,XAU,0.05083605907201966
2021-02-09,COPPER,0.03429133216115261
2021-02-09,WTI,-0.08815040986881915
2021-02-09,BTC,0.05544457925869732
2021-02-09,ETH,0.025022321377448004
2021-02-09,US10Y,-0.033254796875387155
2021-02-09,CN10Y,-0.036839500667974145
2021-02-10,000300.SH,-0.011100387992080005
2021-02-10,SPX,0.014628766361654954
2021-02-10,HSI,-0.03453691649433523
2021-02-10,N225,-0.028059396660282097
2021-02-10,SX5E,0.03737100781331183
2021-02-10,000688.SH,-0.014431006675794597
2021-02-10,SOX,0.012106457248437324
2021-02-10,NDX,-0.00788253308036784
2021-02-10,XAU,0.011547163355820038
2021-02-10,COPPER,0.011444923422608926
2021-02-10,WTI,-0.06220605810000392
2021-02-10,BTC,0.08415117460635765
2021-02-10,ETH,0.00010718355874371477
2021-02-10,US10Y,0.015348328243089102
2021-02-10,CN10Y,-0.02848870560716047
2021-02-18,000300.SH,-0.00651185638899409
2021-02-18,SPX,0.018299179635442423
2021-02-18,HSI,-0.033870778636820864
2021-02-18,N225,-0.024407617282091832
2021-02-18,SX5E,0.04280983213741618
2021-02-18,000688.SH,0.003140363897435528
2021-02-18,SOX,0.039742722331021885
2021-02-18,NDX,-0.012660719466094294
2021-02-18,XAU,0.014448999080946125
2021-02-18,COPPER,-0.004095666570653985
2021-02-18,WTI,-0.04095142112332002
2021-02-18,BTC,0.0024383481168991916
2021-02-18,ETH,-0.04435819379536168
2021-02-18,US10Y,0.0788492425769293
2021-02-18,CN10Y,-0.03287243451275454
2021-02-19,000300.SH,-2.8212177829438356e-05
2021-02-19,SPX,0.024995430946061548
2021-02-19,HSI,-0.04941490379329143
2021-02-19,N225,-0.0302515652466662
2021-02-19,SX5E,0.04261533958614635
2021-02-19,000688.SH,0.01311347502182965
2021-02-19,SOX,0.02968467030824872
2021-02-19,NDX,-0.0022221519329528004
2021-02-19,XAU,0.04307891751313939
2021-02-19,COPPER,-0.0361886596332775
2021-02-19,WTI,-0.06773629303240929
2021-02-19,BTC,0.06299196704698776
2021-02-19,ETH,0.07594728210017801
2021-02-19,US10Y,-0.05241595385987007
2021-02-19,CN10Y,-0.054169342846295564
2021-02-22,000300.SH,-0.02682427232867709
2021-02-22,SPX,0.016130892801807958
2021-02-22,HSI,-0.04550506855219748
2021-02-22,N225,-0.0171084258273408
2021-02-22,SX5E,0.03228759879625915
2021-02-22,000688.SH,0.038059249272816814
2021-02-22,SOX,0.018439695458936776
2021-02-22,NDX,-0.010893308838740874
2021-02-22,XAU,0.036460590311697814
2021-02-22,COPPER,-0.06043223217944206
2021-02-22,WTI,-0.03702224244172687
2021-02-22,BTC,0.023097009968364883
2021-02-22,ETH,0.1389089398538711
2021-02-22,US10Y,-0.05566671107365443
2021-02-22,CN10Y,-0.04993171522197567
2021-02-24,000300.SH,0.007183835818816129
2021-02-24,SPX,0.02326151714772461
2021-02-24,HSI,-0.029109633634569913
2021-02-24,N225,-0.025082235825158568
2021-02-24,SX5E,0.03258129446252595
2021-02-24,000688.SH,0.06916028293965915
2021-02-24,SOX,0.043713938609508715
2021-02-24,NDX,0.014441535237253602
2021-02-24,XAU,0.01496573995123496
2021-02-24,COPPER,-0.09881461967407226
2021-02-24,WTI,-0.1129870061634323
2021-02-24,BTC,0.0021526612618224597
2021-02-24,ETH,0.20034488658942354
2021-02-24,US10Y,-0.10127570760069564
2021-02-24,CN10Y,-0.04053648912004125
2021-02-25,000300.SH,0.02191826024927194
2021-02-25,SPX,0.0058097173001145815
2021-02-25,HSI,0.019217823897550293
2021-02-25,N225,-0.0131072316473148
2021-02-25,SX5E,0.014918424154176685
2021-02-25,000688.SH,0.07628702074289516
2021-02-25,SOX,0.028930452540188237
2021-02-25,NDX,0.010647612433354443
2021-02-25,XAU,0.02126435623775707
2021-02-25,COPPER,-0.14335293961727213
2021-02-25,WTI,-0.13160007686477868
2021-02-25,BTC,-0.032276013200919745
2021-02-25,ETH,0.3054356551392426
2021-02-25,US10Y,-0.15059145344354044
2021-02-25,CN10Y,-0.033501607920726005
2021-02-26,000300.SH,0.017501451093003627
2021-02-26,SPX,0.03702255893787791
2021-02-26,HSI,0.013276687972291926
2021-02-26,N225,-0.038385376280920716
2021-02-26,SX5E,0.020378507651592
2021-02-26,000688.SH,0.10998217471700503
2021-02-26,SOX,0.07089005312656221
2021-02-26,NDX,0.061655189895299806
2021-02-26,XAU,0.057933473102174005
2021-02-26,COPPER,-0.11813094241621709
2021-02-26,WTI,-0.14150497748322322
2021-02-26,BTC,-0.06349545145745678
2021-02-26,ETH,0.2906199351934639
2021-02-26,US10Y,-0.2820042229034935
2021-02-26,CN10Y,-0.03573906114795983
2021-03-01,000300.SH,0.05799879633684164
2021-03-01,SPX,0.045031929584841215
2021-03-01,HSI,0.04804420566316725
2021-03-01,N225,0.007988984880106933
2021-03-01,SX5E,0.03693596278109766
2021-03-01,000688.SH,0.12858119563503675
2021-03-01,SOX,0.06393962262077053
2021-03-01,NDX,0.06619615767024872
2021-03-01,XAU,0.07651648771458694
2021-03-01,COPPER,-0.09506371855220674
2021-03-01,WTI,-0.10590948408943651
2021-03-01,BTC,-0.19590404868985972
2021-03-01,ETH,0.11429282050412942
2021-03-01,US10Y,-0.20150708479328633
2021-03-01,CN10Y,-0.0471418272660386
2021-03-02,000300.SH,0.04857771521407905
2021-03-02,SPX,0.02283456657068733
2021-03-02,HSI,0.021109818879025126
2021-03-02,N225,-0.014321751760429387
2021-03-02,SX5E,0.01762123757528811
2021-03-02,000688.SH,0.11090315543430225
2021-03-02,SOX,0.02244491155911204
2021-03-02,NDX,0.03935311117521767
2021-03-02,XAU,0.07629453455323794
2021-03-02,COPPER,-0.09564912144058417
2021-03-02,WTI,-0.09967402576400829
2021-03-02,BTC,-0.12838989277965274
2021-03-02,ETH,0.23339681284131994
2021-03-02,US10Y,-0.21188946965436975
2021-03-02,CN10Y,-0.042611602403225944
2021-03-03,000300.SH,0.06593616920831527
2021-03-03,SPX,0.028141869338325656
2021-03-03,HSI,0.052002640389446686
2021-03-03,N225,-0.004270448118150507
2021-03-03,SX5E,-0.0035073448886272784
2021-03-03,000688.SH,0.1197847626074441
2021-03-03,SOX,0.04381821968195615
2021-03-03,NDX,0.0582361194129578
2021-03-03,XAU,0.06721025494238249
2021-03-03,COPPER,-0.12541918827831988
2021-03-03,WTI,-0.07760460641724927
2021-03-03,BTC,-0.19141138450511538
2021-03-03,ETH,0.2563895055792841
2021-03-03,US10Y,-0.25168302306249574
2021-03-03,CN10Y,-0.03762354589015485
2021-03-04,000300.SH,0.02976143718319122
2021-03-04,SPX,0.04307700976262642
2021-03-04,HSI,0.0026081359321352728
2021-03-04,N225,-0.016038420325560243
2021-03-04,SX5E,0.00995111461734536
2021-03-04,000688.SH,0.10311245058865744
2021-03-04,SOX,0.06558344365263764
2021-03-04,NDX,0.09110815062035953
2021-03-04,XAU,0.0804834724752119
2021-03-04,COPPER,-0.10062060570716401
2021-03-04,WTI,-0.10263887775837256
2021-03-04,BTC,-0.18810611946859854
2021-03-04,ETH,0.2923999146460941
2021-03-04,US10Y,-0.2787194807371986
2021-03-04,CN10Y,-0.0319616254813657
2021-03-05,000300.SH,0.06593215849829885
2021-03-05,SPX,0.038078729205954065
2021-03-05,HSI,0.023007150775380836
2021-03-05,N225,0.008572102079632476
2021-03-05,SX5E,0.005417725235081425
2021-03-05,000688.SH,0.11712273714334419
2021-03-05,SOX,0.07049287284494032
2021-03-05,NDX,0.08705004449538127
2021-03-05,XAU,0.087022315148862
2021-03-05,COPPER,-0.07700966420665128
2021-03-05,WTI,-0.14304237560654742
2021-03-05,BTC,-0.19165803480937982
2021-03-05,ETH,0.270837750339858
2021-03-05,US10Y,-0.3275143969871976
2021-03-05,CN10Y,-0.03430911415695821
2021-03-08,000300.SH,0.04216283435901001
2021-03-08,SPX,0.025277702833418486
2021-03-08,HSI,0.0023572113838497936
2021-03-08,N225,-0.0038444282322344925
2021-03-08,SX5E,0.016879642339695806
2021-03-08,000688.SH,0.08787687499879979
2021-03-08,SOX,0.057347278819134456
2021-03-08,NDX,0.07490494859335328
2021-03-08,XAU,0.08645812463667922
2021-03-08,COPPER,-0.10968378491368533
2021-03-08,WTI,-0.18295580743485662
2021-03-08,BTC,-0.1013472713482393
2021-03-08,ETH,0.33679896701054696
2021-03-08,US10Y,-0.3145984894692919
2021-03-08,CN10Y,-0.01763380357618095
2021-03-09,000300.SH,0.0751170056234364
2021-03-09,SPX,0.01431106638507441
2021-03-09,HSI,0.015100934566381802
2021-03-09,N225,-0.015907366405864924
2021-03-09,SX5E,-0.02677732229804586
2021-03-09,000688.SH,0.13140935190655273
2021-03-09,SOX,0.10116293861231887
2021-03-09,NDX,0.08648064109334706
2021-03-09,XAU,0.10021853722286186
2021-03-09,COPPER,-0.10976449386898643
2021-03-09,WTI,-0.165759968449886
2021-03-09,BTC,-0.11539379617627939
2021-03-09,ETH,0.2216350550451
2021-03-09,US10Y,-0.2901405721521773
2021-03-09,CN10Y,-0.021692011103834122
2021-03-10,000300.SH,0.10936852478150963
2021-03-10,SPX,0.013765606259588314
2021-03-10,HSI,0.028869384436996964
2021-03-10,N225,-0.009501044394357918
2021-03-10,SX5E,-0.021808877478012623
2021-03-10,000688.SH,0.16721445537975121
2021-03-10,SOX,0.07752397371052536
2021-03-10,NDX,0.06943554540282919
2021-03-10,XAU,0.08719516759506289
2021-03-10,COPPER,-0.09061234021558262
2021-03-10,WTI,-0.13000612044488485
2021-03-10,BTC,-0.18120480402267766
2021-03-10,ETH,0.19061032241865458
2021-03-10,US10Y,-0.2847564801879497
2021-03-10,CN10Y,-0.026093313241453572
2021-03-11,000300.SH,0.11173675035733047
2021-03-11,SPX,0.009967926397801466
2021-03-11,HSI,0.0297536675540065
2021-03-11,N225,-0.00545467419629514
2021-03-11,SX5E,-0.02669771311856735
2021-03-11,000688.SH,0.17076484551017435
2021-03-11,SOX,0.09392870580765644
2021-03-11,NDX,0.07631398000332894
2021-03-11,XAU,0.0656317774069527
2021-03-11,COPPER,-0.10952571124347546
2021-03-11,WTI,-0.12896797303819285
2021-03-11,BTC,-0.21698498254141724
2021-03-11,ETH,0.20570662323616593
2021-03-11,US10Y,-0.2595199934066764
2021-03-11,CN10Y,-0.016653228728793063
2021-03-12,000300.SH,0.08714729612398886
2021-03-12,SPX,0.000758586305797602
2021-03-12,HSI,0.019086753377770983
2021-03-12,N225,0.002345551975091751
2021-03-12,SX5E,-0.028535378376700293
2021-03-12,000688.SH,0.12514028047361808
2021-03-12,SOX,0.0371249434723077
2021-03-12,NDX,0.0504148187362924
2021-03-12,XAU,0.06696464410213061
2021-03-12,COPPER,-0.12264437062957266
2021-03-12,WTI,-0.1338605909453075
2021-03-12,BTC,-0.16414558962359313
2021-03-12,ETH,0.31007332827670253
2021-03-12,US10Y,-0.23689833000536117
2021-03-12,CN10Y,-0.012971943263166447
2021-03-15,000300.SH,0.08277876092086643
2021-03-15,SPX,0.012355939925339324
2021-03-15,HSI,0.035644655071944885
2021-03-15,N225,-0.024644809923819462
2021-03-15,SX5E,-0.014356523636661142
2021-03-15,000688.SH,0.11970620687702037
2021-03-15,SOX,0.05906266094632955
2021-03-15,NDX,0.07284217105357277
2021-03-15,XAU,0.042183818201911284
2021-03-15,COPPER,-0.1259242628587145
2021-03-15,WTI,-0.11715132763897528
2021-03-15,BTC,-0.15900273203385684
2021-03-15,ETH,0.3246002062965905
2021-03-15,US10Y,-0.2990336940419176
2021-03-15,CN10Y,-0.00906106915963096
2021-03-16,000300.SH,0.10105429729318402
2021-03-16,SPX,0.0030580431626500834
2021-03-16,HSI,0.033445025116969944
2021-03-16,N225,-0.015026938585884718
2021-03-16,SX5E,-0.017521667682920433
2021-03-16,000688.SH,0.12692919566095834
2021-03-16,SOX,0.017827040511967075
2021-03-16,NDX,0.0582038295800756
2021-03-16,XAU,0.049771147469621885
2021-03-16,COPPER,-0.10469405835436649
2021-03-16,WTI,-0.10977691908080257
2021-03-16,BTC,-0.15267721528987718
2021-03-16,ETH,0.29191608586950324
2021-03-16,US10Y,-0.2643657313289376
2021-03-16,CN10Y,-0.018142134342141854
2021-03-17,000300.SH,0.10046806820717498
2021-03-17,SPX,0.0022223325917769643
2021-03-17,HSI,0.022191596761830766
2021-03-17,N225,-0.004760620086277765
2021-03-17,SX5E,-0.03175309774571533
2021-03-17,000688.SH,0.13282279818067372
2021-03-17,SOX,0.021158217397966878
2021-03-17,NDX,0.05055785186681639
2021-03-17,XAU,0.05694387372274122
2021-03-17,COPPER,-0.08173447606777189
2021-03-17,WTI,-0.0988209927385179
2021-03-17,BTC,-0.05219521340349713
2021-03-17,ETH,0.17200646332823977
2021-03-17,US10Y,-0.2817828777772885
2021-03-17,CN10Y,-0.007323924238152604
2021-03-18,000300.SH,0.1196881490406766
2021-03-18,SPX,-0.0011239908500273016
2021-03-18,HSI,0.02926526141144007
2021-03-18,N225,0.0008789221649377829
2021-03-18,SX5E,-0.03218155653691078
2021-03-18,000688.SH,0.1536936540017395
2021-03-18,SOX,0.007258101601582878
2021-03-18,NDX,0.047815107891528826
2021-03-18,XAU,0.0527226794239371
2021-03-18,COPPER,-0.09015424208388996
2021-03-18,WTI,-0.0865437292248316
2021-03-18,BTC,-0.07772491384653692
2021-03-18,ETH,0.18116741996448107
2021-03-18,US10Y,-0.2970390389846233
2021-03-18,CN10Y,-0.007721823973504371
2021-03-19,000300.SH,0.12908454422531304
2021-03-19,SPX,0.009696307828833992
2021-03-19,HSI,0.03146241006102233
2021-03-19,N225,-0.010738736128619624
2021-03-19,SX5E,-0.043626760430233245
2021-03-19,000688.SH,0.1530808513853357
2021-03-19,SOX,0.04425153497987368
2021-03-19,NDX,0.07203474300015342
2021-03-19,XAU,0.060302495538668864
2021-03-19,COPPER,-0.06060577758005235
2021-03-19,WTI,-0.014622268870003924
2021-03-19,BTC,-0.12974602285418815
2021-03-19,ETH,0.13996606534496264
2021-03-19,US10Y,-0.37645383615781824
2021-03-19,CN10Y,-0.004085550343248496
2021-03-22,000300.SH,0.14247656498324843
2021-03-22,SPX,0.0017291290495675166
2021-03-22,HSI,0.0577673126059555
2021-03-22,N225,0.017841814889049103
2021-03-22,SX5E,-0.039195384628521374
2021-03-22,000688.SH,0.15097984278679674
2021-03-22,SOX,0.03871630900193632
2021-03-22,NDX,0.05803465322848673
2021-03-22,XAU,0.019377360586815207
2021-03-22,COPPER,-0.04845534051265145
2021-03-22,WTI,-0.031677933593118254
2021-03-22,BTC,-0.11462965048055757
2021-03-22,ETH,0.04783937984830517
2021-03-22,US10Y,-0.31540271229733946
2021-03-22,CN10Y,0.014598654532027213
2021-03-23,000300.SH,0.12880648398792285
2021-03-23,SPX,-0.013705101076609341
2021-03-23,HSI,0.057012448119597665
2021-03-23,N225,0.025229238011887218
2021-03-23,SX5E,-0.036307389277062556
2021-03-23,000688.SH,0.13617430654793108
2021-03-23,SOX,0.026891709911757943
2021-03-23,NDX,0.02995442056848911
2021-03-23,XAU,0.0271516698129675
2021-03-23,COPPER,-0.027995390790647532
2021-03-23,WTI,-0.05752324493271925
2021-03-23,BTC,-0.04692971632184326
2021-03-23,ETH,0.008846642831248974
2021-03-23,US10Y,-0.26632685615911816
2021-03-23,CN10Y,0.00872077876619768
2021-03-24,000300.SH,0.10348462228748206
2021-03-24,SPX,-0.01615581554459255
2021-03-24,HSI,0.055523353373688085
2021-03-24,N225,0.032522026487024416
2021-03-24,SX5E,-0.039972322036090205
2021-03-24,000688.SH,0.11160098472474546
2021-03-24,SOX,0.010140135654372707
2021-03-24,NDX,0.005196830174801706
2021-03-24,XAU,0.04706851183640594
2021-03-24,COPPER,0.015432072931656417
2021-03-24,WTI,0.05629404577867348
2021-03-24,BTC,-0.10164136704909432
2021-03-24,ETH,-0.09233431536223771
2021-03-24,US10Y,-0.20638863337619429
2021-03-24,CN10Y,0.019229870119358738
2021-03-25,000300.SH,0.08985872677805522
2021-03-25,SPX,0.001044222675946476
2021-03-25,HSI,0.0539569984597562
2021-03-25,N225,0.035529679010349535
2021-03-25,SX5E,-0.039937016917340674
2021-03-25,000688.SH,0.10496227326472134
2021-03-25,SOX,0.04763041219039232
2021-03-25,NDX,0.026330125061634492
2021-03-25,XAU,0.03853560489417458
2021-03-25,COPPER,0.05662103839374415
2021-03-25,WTI,0.016079660287669953
2021-03-25,BTC,-0.14272459496017742
2021-03-25,ETH,-0.11946188442505998
2021-03-25,US10Y,-0.18933637101041287
2021-03-25,CN10Y,0.020911126296546678
2021-03-26,000300.SH,0.09782734319242267
2021-03-26,SPX,-0.026299407600157695
2021-03-26,HSI,0.06759189924347157
2021-03-26,N225,0.04221469907709642
2021-03-26,SX5E,-0.04304164149893924
2021-03-26,000688.SH,0.09581047912173156
2021-03-26,SOX,-0.007173277813082237
2021-03-26,NDX,-0.0054420831845033175
2021-03-26,XAU,0.023379068855350113
2021-03-26,COPPER,0.03909775893545918
2021-03-26,WTI,0.059779320640476655
2021-03-26,BTC,-0.13987418452060976
2021-03-26,ETH,-0.15630678406917917
2021-03-26,US10Y,-0.07261248431275709
2021-03-26,CN10Y,0.02504929393322027
2021-03-29,000300.SH,0.06870796450133766
2021-03-29,SPX,-0.030987558383925216
2021-03-29,HSI,0.03427311954205548
2021-03-29,N225,0.00459030443549289
2021-03-29,SX5E,-0.0496310315655895
2021-03-29,000688.SH,0.06252684846836966
2021-03-29,SOX,0.003677440786053615
2021-03-29,NDX,0.004493094677986911
2021-03-29,XAU,0.004908382260866996
2021-03-29,COPPER,0.018889424018817238
2021-03-29,WTI,0.010271406619739621
2021-03-29,BTC,-0.03918132301023762
2021-03-29,ETH,0.008644393256694152
2021-03-29,US10Y,-0.1261160079700285
2021-03-29,CN10Y,0.024933542362366452
2021-03-30,000300.SH,0.07942518917952666
2021-03-30,SPX,-0.009913067537634355
2021-03-30,HSI,0.04856039348519414
2021-03-30,N225,0.018026924152481454
2021-03-30,SX5E,-0.03890362298814068
2021-03-30,000688.SH,0.08991705905684994
2021-03-30,SOX,0.04833306632693627
2021-03-30,NDX,0.0313284799732811
2021-03-30,XAU,0.008162488497185583
2021-03-30,COPPER,0.025397088681723724
2021-03-30,WTI,-0.028956268590719092
2021-03-30,BTC,-0.0678164581102122
2021-03-30,ETH,-0.05261580434982625
2021-03-30,US10Y,-0.1678681732837612
2021-03-30,CN10Y,0.016922705507114725
2021-03-31,000300.SH,0.06104071378523184
2021-03-31,SPX,-0.010960631666012344
2021-03-31,HSI,0.031949345308179444
2021-03-31,N225,0.011831829706209822
2021-03-31,SX5E,-0.04578023367893926
2021-03-31,000688.SH,0.09022295513929755
2021-03-31,SOX,0.02845069254208578
2021-03-31,NDX,0.024118450579995156
2021-03-31,XAU,0.03231150136619185
2021-03-31,COPPER,0.07141376720396897
2021-03-31,WTI,-0.017889223597838604
2021-03-31,BTC,-0.062290130181299544
2021-03-31,ETH,-0.04990748939827419
2021-03-31,US10Y,-0.17803551933566272
2021-03-31,CN10Y,0.013523972226866061
2021-04-01,000300.SH,0.08876090861305982
2021-04-01,SPX,-0.028391560742895103
2021-04-01,HSI,0.06543979931738882
2021-04-01,N225,0.024911652345026677
2021-04-01,SX5E,-0.043812358091488125
2021-04-01,000688.SH,0.0956048377621442
2021-04-01,SOX,-0.029863936792081
2021-04-01,NDX,-0.020424325491787895
2021-04-01,XAU,0.0031162123962148007
2021-04-01,COPPER,0.04465897327549662
2021-04-01,WTI,0.02424410617964333
2021-04-01,BTC,-0.03545130735808771
2021-04-01,ETH,-0.058232830952611295
2021-04-01,US10Y,-0.15220531797902812
2021-04-01,CN10Y,0.02164514751900475
2021-04-07,000300.SH,0.055051748495503955
2021-04-07,SPX,-0.04451643004203549
2021-04-07,HSI,0.0345389829467736
2021-04-07,N225,0.0062801595656395304
2021-04-07,SX5E,-0.04488136918317481
2021-04-07,000688.SH,0.06349551777937805
2021-04-07,SOX,-0.09436511602597107
2021-04-07,NDX,-0.04520931614261279
2021-04-07,XAU,-0.01671753637740936
2021-04-07,COPPER,0.00951870246904742
2021-04-07,WTI,0.05135864573127641
2021-04-07,BTC,0.025469611377353762
2021-04-07,ETH,0.03547448223362598
2021-04-07,US10Y,-0.05798638270011576
2021-04-07,CN10Y,0.022488299872720306
2021-04-08,000300.SH,0.050170305132811205
2021-04-08,SPX,-0.042385458603649256
2021-04-08,HSI,0.036204967348353406
2021-04-08,N225,-0.01015290384746558
2021-04-08,SX5E,-0.059619390598520706
2021-04-08,000688.SH,0.04012330343169249
2021-04-08,SOX,-0.0763871516876649
2021-04-08,NDX,-0.05310392877222154
2021-04-08,XAU,-0.020159859765237757
2021-04-08,COPPER,0.034760186976102156
2021-04-08,WTI,0.10225402053104668
2021-04-08,BTC,0.04776339604979679
2021-04-08,ETH,-0.013102409079262384
2021-04-08,US10Y,-0.04497855735965035
2021-04-08,CN10Y,0.0086134802438695
2021-04-09,000300.SH,0.015261739570369056
2021-04-09,SPX,-0.05072275949146207
2021-04-09,HSI,0.0075840672944100145
2021-04-09,N225,-0.01222771358748826
2021-04-09,SX5E,-0.038905012895270145
2021-04-09,000688.SH,0.006944535232498189
2021-04-09,SOX,-0.1371361029225615
2021-04-09,NDX,-0.09096938654721874
2021-04-09,XAU,-0.04093533607560018
2021-04-09,COPPER,0.023423847430769286
2021-04-09,WTI,0.08785560933348938
2021-04-09,BTC,0.08978936356118908
2021-04-09,ETH,0.13313176229201054
2021-04-09,US10Y,-0.0006166701616077408
2021-04-09,CN10Y,0.007522056966472889
2021-04-12,000300.SH,0.0043660414527918745
2021-04-12,SPX,-0.04815538403735575
2021-04-12,HSI,0.021634821858636123
2021-04-12,N225,-0.00858130089709509
2021-04-12,SX5E,-0.036796871513176226
2021-04-12,000688.SH,-0.0166842359418945
2021-04-12,SOX,-0.08298800796059144
2021-04-12,NDX,-0.061708673796236485
2021-04-12,XAU,-0.014517552880403219
2021-04-12,COPPER,0.013642516168798503
2021-04-12,WTI,0.07876358709101695
2021-04-12,BTC,0.09090145800472488
2021-04-12,ETH,0.0990445684756468
2021-04-12,US10Y,-0.05171928470613056
2021-04-12,CN10Y,0.012798318681267956
2021-04-13,000300.SH,0.028195863255508116
2021-04-13,SPX,-0.04202573639103312
2021-04-13,HSI,0.034695623221677116
2021-04-13,N225,-0.0006882749731048302
2021-04-13,SX5E,-0.023634087120104896
2021-04-13,000688.SH,0.0071967524337751484
2021-04-13,SOX,-0.09035953998773405
2021-04-13,NDX,-0.06329735955149601
2021-04-13,XAU,-0.0015341581414760738
2021-04-13,COPPER,0.02436526846474554
2021-04-13,WTI,0.08755344896577998
2021-04-13,BTC,0.07830995250462346
2021-04-13,ETH,0.023684727696276185
2021-04-13,US10Y,-0.07675107149240912
2021-04-13,CN10Y,0.014288591114972361
2021-04-14,000300.SH,0.05107202047706694
2021-04-14,SPX,-0.03669858688224859
2021-04-14,HSI,0.04710227213686999
2021-04-14,N225,-0.003837407549777943
2021-04-14,SX5E,-0.0211083731024943
2021-04-14,000688.SH,0.03477584651521745
2021-04-14,SOX,-0.051423529982704684
2021-04-14,NDX,-0.05389414663754877
2021-04-14,XAU,-0.013129344225764217
2021-04-14,COPPER,0.04510640041061528
2021-04-14,WTI,0.09511913450387778
2021-04-14,BTC,0.015501876338365951
2021-04-14,ETH,-0.09277636967730896
2021-04-14,US10Y,-0.04464518124136739
2021-04-14,CN10Y,0.02883538891720139
2021-04-15,000300.SH,0.04886958880858533
2021-04-15,SPX,-0.028354720356885313
2021-04-15,HSI,0.014806602574034922
2021-04-15,N225,0.021572153426648984
2021-04-15,SX5E,-0.023970056332627915
2021-04-15,000688.SH,0.022069172423694917
2021-04-15,SOX,-0.04242591256577069
2021-04-15,NDX,-0.045620726581870955
2021-04-15,XAU,-0.0047645667175086
2021-04-15,COPPER,0.034367918266746414
2021-04-15,WTI,0.05626624569056907
2021-04-15,BTC,0.043258573634487124
2021-04-15,ETH,-0.15345583671015747
2021-04-15,US10Y,0.025840209941214578
2021-04-15,CN10Y,0.03154135449883953
2021-04-16,000300.SH,0.03685866825232641
2021-04-16,SPX,-0.02919079801567995
2021-04-16,HSI,0.026362751317912214
2021-04-16,N225,0.02683465107315998
2021-04-16,SX5E,-0.026090818346801374
2021-04-16,000688.SH,-0.01214458809230697
2021-04-16,SOX,-0.02860637419369749
2021-04-16,NDX,-0.04553130789297598
2021-04-16,XAU,-0.017898605005854065
2021-04-16,COPPER,0.008042004172799738
2021-04-16,WTI,0.04680725290324905
2021-04-16,BTC,0.04571731472555709
2021-04-16,ETH,-0.13244947459272882
2021-04-16,US10Y,0.06804662512225497
2021-04-16,CN10Y,0.033242698572785105
2021-04-19,000300.SH,0.04016386556026906
2021-04-19,SPX,-0.03638022541989255
2021-04-19,HSI,0.024406538401413887
2021-04-19,N225,0.028378938981361793
2021-04-19,SX5E,-0.03231540305399072
2021-04-19,000688.SH,-0.024925152043326848
2021-04-19,SOX,-0.015206452840966955
2021-04-19,NDX,-0.043895128400098606
2021-04-19,XAU,-0.024895952639200924
2021-04-19,COPPER,0.00021389256315067218
2021-04-19,WTI,0.04351341154307407
2021-04-19,BTC,0.07769801062278182
2021-04-19,ETH,-0.11467093484227861
2021-04-19,US10Y,0.04556811026503046
2021-04-19,CN10Y,0.03234648130267338
2021-04-20,000300.SH,0.013834104729810136
2021-04-20,SPX,-0.03591462957236982
2021-04-20,HSI,0.010461723748520883
2021-04-20,N225,0.019552833955010097
2021-04-20,SX5E,-0.03609054036294683
2021-04-20,000688.SH,-0.03787663021918758
2021-04-20,SOX,0.0033856503445833536
2021-04-20,NDX,-0.04052358240364908
2021-04-20,XAU,-0.01527031680905282
2021-04-20,COPPER,-0.007816633059761498
2021-04-20,WTI,0.020640701207490397
2021-04-20,BTC,0.13144037104015227
2021-04-20,ETH,-0.08641074819400843
2021-04-20,US10Y,0.027965994967765327
2021-04-20,CN10Y,0.032621700627643475
2021-04-21,000300.SH,0.026134711659699553
2021-04-21,SPX,-0.04081962447131984
2021-04-21,HSI,0.025485314446343645
2021-04-21,N225,0.052076308658924736
2021-04-21,SX5E,-0.008712120010270438
2021-04-21,000688.SH,-0.024802331913686262
2021-04-21,SOX,-0.016378448063959057
2021-04-21,NDX,-0.06078722809440571
2021-04-21,XAU,-0.024468472740819265
2021-04-21,COPPER,-0.015412763263444105
2021-04-21,WTI,-0.034298906389194986
2021-04-21,BTC,0.13082517621383252
2021-04-21,ETH,-0.14261558417433937
2021-04-21,US10Y,0.10018842808246729
2021-04-21,CN10Y,0.033585540060171094
2021-04-22,000300.SH,-0.004324960879726785
2021-04-22,SPX,-0.052057057700220746
2021-04-22,HSI,0.02739302163150064
2021-04-22,N225,0.056933864293301495
2021-04-22,SX5E,-0.026897531644888374
2021-04-22,000688.SH,-0.031296521647251316
2021-04-22,SOX,-0.03534899735454408
2021-04-22,NDX,-0.06550963237752774
2021-04-22,XAU,-0.02734560922645751
2021-04-22,COPPER,-0.027422293456783126
2021-04-22,WTI,0.017161243422160542
2021-04-22,BTC,0.17127608609012523
2021-04-22,ETH,-0.15194154256008455
2021-04-22,US10Y,0.122094509559908
2021-04-22,CN10Y,0.027285421850488104
2021-04-23,000300.SH,0.010526474934706194
2021-04-23,SPX,-0.03319428779601502
2021-04-23,HSI,0.02214799781538756
2021-04-23,N225,0.015176580265879598
2021-04-23,SX5E,-0.0346806819599044
2021-04-23,000688.SH,-0.033953551336196486
2021-04-23,SOX,0.015725138002224377
2021-04-23,NDX,-0.032766459699597246
2021-04-23,XAU,-0.024445839299307624
2021-04-23,COPPER,-0.008899603271482908
2021-04-23,WTI,0.006623608479116184
2021-04-23,BTC,0.1741258367180844
2021-04-23,ETH,-0.19700119048304016
2021-04-23,US10Y,0.09770254614138667
2021-04-23,CN10Y,0.0229134314887586
2021-04-26,000300.SH,-0.00047878240377576594
2021-04-26,SPX,-0.044090640841571827
2021-04-26,HSI,0.00702261560358276
2021-04-26,N225,0.023064243700377532
2021-04-26,SX5E,-0.029519537302058158
2021-04-26,000688.SH,-0.037400015077475805
2021-04-26,SOX,-0.013360003475706974
2021-04-26,NDX,-0.041471803300645926
2021-04-26,XAU,-0.02586987238274304
2021-04-26,COPPER,-0.0399088887404802
2021-04-26,WTI,-0.05321978977965305
2021-04-26,BTC,0.26684244632395543
2021-04-26,ETH,-0.09311781927483423
2021-04-26,US10Y,0.0674072511021353
2021-04-26,CN10Y,0.014100595848893683
2021-04-27,000300.SH,0.0033285677031737702
2021-04-27,SPX,-0.041856470928831886
2021-04-27,HSI,0.002566034447981737
2021-04-27,N225,0.009720475322642835
2021-04-27,SX5E,-0.02251115938644081
2021-04-27,000688.SH,-0.04328704923900971
2021-04-27,SOX,-0.0204795507272695
2021-04-27,NDX,-0.05236894491284747
2021-04-27,XAU,-0.022390961724454796
2021-04-27,COPPER,-0.051952146646235715
2021-04-27,WTI,0.019585570420740533
2021-04-27,BTC,0.259405116298487
2021-04-27,ETH,-0.11466771601955716
2021-04-27,US10Y,0.07435110607143672
2021-04-27,CN10Y,0.0005571293201842159
2021-04-28,000300.SH,0.004455601113659618
2021-04-28,SPX,-0.03163858294988352
2021-04-28,HSI,0.009245574978023505
2021-04-28,N225,0.031182990436237297
2021-04-28,SX5E,-0.01662269499947295
2021-04-28,000688.SH,-0.0380979281924603
2021-04-28,SOX,0.0009048007737862129
2021-04-28,NDX,-0.04308028326791898
2021-04-28,XAU,-0.02372922186986481
2021-04-28,COPPER,-0.061294247969681
2021-04-28,WTI,-0.03258162791978248
2021-04-28,BTC,0.26432930241138564
2021-04-28,ETH,-0.1167204130636598
2021-04-28,US10Y,0.055439085120768186
2021-04-28,CN10Y,-0.0017923546011367787
2021-04-30,000300.SH,0.01100046065581358
2021-04-30,SPX,-0.023324687093211095
2021-04-30,HSI,0.00838128834047805
2021-04-30,N225,0.034913510669264666
2021-04-30,SX5E,-0.016581597159709537
2021-04-30,000688.SH,-0.02641050903362887
2021-04-30,SOX,0.043376798384306386
2021-04-30,NDX,-0.034330980207146915
2021-04-30,XAU,-0.02614951900642082
2021-04-30,COPPER,-0.05890800895773179
2021-04-30,WTI,-0.01312138509886721
2021-04-30,BTC,0.24280595573669492
2021-04-30,ETH,-0.2092171935662173
2021-04-30,US10Y,0.06402513466993565
2021-04-30,CN10Y,0.003540731666440247
2021-05-06,000300.SH,0.007669287619977955
2021-05-06,SPX,-0.02767161984059105
2021-05-06,HSI,0.014929366380310467
2021-05-06,N225,0.045940261914555906
2021-05-06,SX5E,-0.005708012894199008
2021-05-06,000688.SH,-0.03343388286958013
2021-05-06,SOX,0.0389764700664965
2021-05-06,NDX,-0.03728946047328749
2021-05-06,XAU,-0.030113012860873655
2021-05-06,COPPER,-0.0653959871545795
2021-05-06,WTI,-0.0011281066480506698
2021-05-06,BTC,0.19913204745051225
2021-05-06,ETH,-0.1999633673849739
2021-05-06,US10Y,0.08109864424009844
2021-05-06,CN10Y,0.012957372454183814
2021-05-07,000300.SH,0.03638349684619987
2021-05-07,SPX,-0.02743761009283468
2021-05-07,HSI,0.03616089941364291
2021-05-07,N225,0.040057013639775145
2021-05-07,SX5E,0.0053287928228602
2021-05-07,000688.SH,-0.018793134008640335
2021-05-07,SOX,0.0707401005979206
2021-05-07,NDX,-0.014606075980941047
2021-05-07,XAU,-0.07092127806118632
2021-05-07,COPPER,-0.1018950885201371
2021-05-07,WTI,-0.030857959514309554
2021-05-07,BTC,0.300684869504335
2021-05-07,ETH,-0.3793652709751716
2021-05-07,US10Y,0.13308468141583948
2021-05-07,CN10Y,0.021436562912647554
2021-05-10,000300.SH,0.03997753447045396
2021-05-10,SPX,-0.03078957816718917
2021-05-10,HSI,0.030470940037573533
2021-05-10,N225,0.03126565438288897
2021-05-10,SX5E,-0.004860354389948999
2021-05-10,000688.SH,0.01652528411537133
2021-05-10,SOX,0.08345159286816746
2021-05-10,NDX,-0.006761546402661276
2021-05-10,XAU,-0.06649753621570165
2021-05-10,COPPER,-0.12997276492836507
2021-05-10,WTI,-0.04563199864423543
2021-05-10,BTC,0.2824184021060502
2021-05-10,ETH,-0.3390110563928481
2021-05-10,US10Y,0.12579763140361716
2021-05-10,CN10Y,0.01361779575682733
2021-05-11,000300.SH,0.048649376441443036
2021-05-11,SPX,-0.012417368361627976
2021-05-11,HSI,0.04611246823838333
2021-05-11,N225,0.029162354862667092
2021-05-11,SX5E,0.0016602716939086988
2021-05-11,000688.SH,0.034564362621154
2021-05-11,SOX,0.15762527256421172
2021-05-11,NDX,0.03290410903547576
2021-05-11,XAU,-0.05728910323671682
2021-05-11,COPPER,-0.11661331200181209
2021-05-11,WTI,-0.020019689388937615
2021-05-11,BTC,0.267378948394044
2021-05-11,ETH,-0.5035459903200563
2021-05-11,US10Y,0.07200410943208127
2021-05-11,CN10Y,0.019824190025782125
2021-05-12,000300.SH,0.04207979773306637
2021-05-12,SPX,0.012040487673403837
2021-05-12,HSI,0.058659064207210294
2021-05-12,N225,0.07319558152518907
2021-05-12,SX5E,0.02426325647154757
2021-05-12,000688.SH,0.05785387277165484
2021-05-12,SOX,0.16511842348502095
2021-05-12,NDX,0.05614562551017992
2021-05-12,XAU,-0.05346338384091993
2021-05-12,COPPER,-0.12554862425919133
2021-05-12,WTI,-0.054822183407631175
2021-05-12,BTC,0.2109942698189807
2021-05-12,ETH,-0.5578987171922891
2021-05-12,US10Y,0.06082890381722002
2021-05-12,CN10Y,0.030553625686558207
2021-05-14,000300.SH,0.02672140838295678
2021-05-14,SPX,0.025020190033702677
2021-05-14,HSI,0.046562680013322845
2021-05-14,N225,0.07091065092894068
2021-05-14,SX5E,0.020362033624379456
2021-05-14,000688.SH,0.030114151559308903
2021-05-14,SOX,0.18446605089668985
2021-05-14,NDX,0.07662312196916427
2021-05-14,XAU,-0.03395212050558228
2021-05-14,COPPER,-0.1212097915083481
2021-05-14,WTI,-0.07354596351571868
2021-05-14,BTC,0.26403242435715496
2021-05-14,ETH,-0.5381381752303003
2021-05-14,US10Y,-0.008797064769115848
2021-05-14,CN10Y,0.03083040376344499
2021-05-17,000300.SH,0.005360903007439169
2021-05-17,SPX,0.012476794367171196
2021-05-17,HSI,0.05123950975609308
2021-05-17,N225,0.08470598737428074
2021-05-17,SX5E,0.007644252761457349
2021-05-17,000688.SH,-0.0023885856787124946
2021-05-17,SOX,0.16410275798708157
2021-05-17,NDX,0.06163950654529525
2021-05-17,XAU,-0.05457230332942783
2021-05-17,COPPER,-0.11078224799182426
2021-05-17,WTI,-0.06833689822074715
2021-05-17,BTC,0.31810668391062913
2021-05-17,ETH,-0.5467023069642737
2021-05-17,US10Y,0.05212344041413948
2021-05-17,CN10Y,0.025382506061398673
2021-05-18,000300.SH,-0.032508831522424425
2021-05-18,SPX,0.00711862939320879
2021-05-18,HSI,0.028715937490916194
2021-05-18,N225,0.0748124443107698
2021-05-18,SX5E,0.0012257803244865913
2021-05-18,000688.SH,-0.05142728966741598
2021-05-18,SOX,0.13333116986731677
2021-05-18,NDX,0.05600607601788245
2021-05-18,XAU,-0.07625998001602693
2021-05-18,COPPER,-0.1410372717102774
2021-05-18,WTI,-0.08617535029475742
2021-05-18,BTC,0.4082205131966106
2021-05-18,ETH,-0.3899341704480516
2021-05-18,US10Y,0.052204567293279804
2021-05-18,CN10Y,0.01570777576448299
2021-05-20,000300.SH,-0.03849283805089557
2021-05-20,SPX,0.014269079081068076
2021-05-20,HSI,0.010658641307202446
2021-05-20,N225,0.05594715617168883
2021-05-20,SX5E,-0.0007302564719463625
2021-05-20,000688.SH,-0.05148407066506021
2021-05-20,SOX,0.12898266289298826
2021-05-20,NDX,0.06935786873744995
2021-05-20,XAU,-0.06974128920226215
2021-05-20,COPPER,-0.14057839370201322
2021-05-20,WTI,-0.06242181473236422
2021-05-20,BTC,0.44670256287020754
2021-05-20,ETH,-0.3846862646560345
2021-05-20,US10Y,0.014513629688586816
2021-05-20,CN10Y,0.007703326731384447
2021-05-21,000300.SH,-0.039047248295608586
2021-05-21,SPX,-0.008891358456697484
2021-05-21,HSI,0.0171907106974898
2021-05-21,N225,0.04637814815689582
2021-05-21,SX5E,-0.005143216771895926
2021-05-21,000688.SH,-0.05551455287387669
2021-05-21,SOX,0.04267811436193032
2021-05-21,NDX,0.02146663232776292
2021-05-21,XAU,-0.08111481515776957
2021-05-21,COPPER,-0.10612084274069944
2021-05-21,WTI,0.011054470271396548
2021-05-21,BTC,0.39043569215154666
2021-05-21,ETH,-0.2628257403355846
2021-05-21,US10Y,0.008471047495823555
2021-05-21,CN10Y,0.020982959169286677
2021-05-25,000300.SH,-0.04230428592913989
2021-05-25,SPX,-0.005758854742393786
2021-05-25,HSI,0.0036187300402001936
2021-05-25,N225,0.027721057728829553
2021-05-25,SX5E,-0.013241049906837148
2021-05-25,000688.SH,-0.044348231620394446
2021-05-25,SOX,0.043649671399003345
2021-05-25,NDX,0.03270885397473972
2021-05-25,XAU,-0.06865302587879013
2021-05-25,COPPER,-0.0874627228823431
2021-05-25,WTI,-0.023908501125294003
2021-05-25,BTC,0.3971158882424849
2021-05-25,ETH,-0.19621016796369306
2021-05-25,US10Y,-0.048722393138669176
2021-05-25,CN10Y,0.025795031802296958
2021-05-26,000300.SH,-0.06559762629265542
2021-05-26,SPX,0.0001517512850625364
2021-05-26,HSI,0.005385405118069602
2021-05-26,N225,0.033805650423433316
2021-05-26,SX5E,0.000666012042516098
2021-05-26,000688.SH,-0.06780733864076652
2021-05-26,SOX,0.035312385562501915
2021-05-26,NDX,0.02837409718825834
2021-05-26,XAU,-0.069980970314793
2021-05-26,COPPER,-0.0847420991756154
2021-05-26,WTI,-0.04707111473521865
2021-05-26,BTC,0.4192386380539667
2021-05-26,ETH,-0.2325728964791532
2021-05-26,US10Y,0.019367405233477533
2021-05-26,CN10Y,0.025470700730916163
2021-05-27,000300.SH,-0.035426926405100645
2021-05-27,SPX,0.0015537503764432178
2021-05-27,HSI,0.011372066362236075
2021-05-27,N225,0.0410697325556261
2021-05-27,SX5E,0.004713785323863781
2021-05-27,000688.SH,-0.0365092841820073
2021-05-27,SOX,0.029213876678873305
2021-05-27,NDX,0.026701190489416146
2021-05-27,XAU,-0.07144155501410346
2021-05-27,COPPER,-0.056278538643971955
2021-05-27,WTI,-0.030640261116547524
2021-05-27,BTC,0.3738841592748247
2021-05-27,ETH,-0.3179359145217479
2021-05-27,US10Y,0.02737425062025988
2021-05-27,CN10Y,0.03234966820193566
2021-05-28,000300.SH,-0.03818912519816805
2021-05-28,SPX,-0.004869751427817499
2021-05-28,HSI,0.016085202083325888
2021-05-28,N225,0.026542881434330628
2021-05-28,SX5E,-0.01584042893303224
2021-05-28,000688.SH,-0.06627491997381617
2021-05-28,SOX,0.011666482135505633
2021-05-28,NDX,0.024879386904295593
2021-05-28,XAU,-0.06662887009592462
2021-05-28,COPPER,-0.09386834236261736
2021-05-28,WTI,-0.05721338771977307
2021-05-28,BTC,0.4185484615524817
2021-05-28,ETH,-0.1743253124269234
2021-05-28,US10Y,-0.00883348492663115
2021-05-28,CN10Y,0.028321208954764275
2021-06-01,000300.SH,-0.03756836227422647
2021-06-01,SPX,-0.0019462687951467142
2021-06-01,HSI,-0.007117293621006018
2021-06-01,N225,-0.02028899381028238
2021-06-01,SX5E,-0.017324601482663175
2021-06-01,000688.SH,-0.06645771950809555
2021-06-01,SOX,0.018721441371257613
2021-06-01,NDX,0.024719235392413837
2021-06-01,XAU,-0.06493607885011782
2021-06-01,COPPER,-0.08282245059798278
2021-06-01,WTI,-0.0816015972368031
2021-06-01,BTC,0.40969402839826663
2021-06-01,ETH,-0.10461592355476143
2021-06-01,US10Y,0.007496471266431838
2021-06-01,CN10Y,0.02404811330271568
2021-06-02,000300.SH,-0.03628729255813662
2021-06-02,SPX,-0.0034187857866719226
2021-06-02,HSI,-0.006911050792000832
2021-06-02,N225,0.022138552617166504
2021-06-02,SX5E,-0.004222441596058335
2021-06-02,000688.SH,-0.09723955980102214
2021-06-02,SOX,0.014553925702203728
2021-06-02,NDX,0.023913470606462883
2021-06-02,XAU,-0.0652737610046031
2021-06-02,COPPER,-0.07402106904244386
2021-06-02,WTI,-0.08266977296649204
2021-06-02,BTC,0.389256980887755
2021-06-02,ETH,-0.09956831909104641
2021-06-02,US10Y,-0.020957533642971322
2021-06-02,CN10Y,0.040706656467858676
2021-06-03,000300.SH,-0.018533974523989846
2021-06-03,SPX,0.004688814903919355
2021-06-03,HSI,0.008018484027093249
2021-06-03,N225,0.010205808416610236
2021-06-03,SX5E,-0.009813167615122704
2021-06-03,000688.SH,-0.07009498552215102
2021-06-03,SOX,0.023844202161397605
2021-06-03,NDX,0.03354234310767819
2021-06-03,XAU,-0.07348777453617172
2021-06-03,COPPER,-0.049709662322707675
2021-06-03,WTI,-0.08910372875608884
2021-06-03,BTC,0.3429762374520284
2021-06-03,ETH,-0.1489641336663641
2021-06-03,US10Y,0.0009940862424627737
2021-06-03,CN10Y,0.035437450631406284
2021-06-04,000300.SH,-0.027585287103379923
2021-06-04,SPX,0.0048096499359220725
2021-06-04,HSI,0.008512058597989562
2021-06-04,N225,0.0038143626337912608
2021-06-04,SX5E,-0.009653409392898417
2021-06-04,000688.SH,-0.0640286507057568
2021-06-04,SOX,0.0450308930231124
2021-06-04,NDX,0.04346809279617353
2021-06-04,XAU,-0.05116474202411728
2021-06-04,COPPER,-0.0021741473482554605
2021-06-04,WTI,-0.09954725852477735
2021-06-04,BTC,0.31029041300016336
2021-06-04,ETH,-0.17735906608032853
2021-06-04,US10Y,-0.031572081388879424
2021-06-04,CN10Y,0.047159172581241054
2021-06-07,000300.SH,-0.0346325768249842
2021-06-07,SPX,-0.009599616685008748
2021-06-07,HSI,0.002478287094214531
2021-06-07,N225,-0.002931997979096098
2021-06-07,SX5E,-0.01782343705042097
2021-06-07,000688.SH,-0.083661498740072
2021-06-07,SOX,0.001072480425292125
2021-06-07,NDX,0.014342849034829974
2021-06-07,XAU,-0.0664853131066751
2021-06-07,COPPER,-0.012090477255101746
2021-06-07,WTI,-0.09706174263989824
2021-06-07,BTC,0.3490609320690842
2021-06-07,ETH,-0.11705567130407422
2021-06-07,US10Y,0.038596030285764096
2021-06-07,CN10Y,0.035791752676146454
2021-06-08,000300.SH,-0.032441447343714166
2021-06-08,SPX,-0.014993724718327018
2021-06-08,HSI,0.007522714605070734
2021-06-08,N225,-0.008681041451264783
2021-06-08,SX5E,-0.02175533369578545
2021-06-08,000688.SH,-0.0810864376262793
2021-06-08,SOX,-0.01902189031403511
2021-06-08,NDX,0.0010484480614062356
2021-06-08,XAU,-0.06912980311015988
2021-06-08,COPPER,-0.017433323241624343
2021-06-08,WTI,-0.09232732182648139
2021-06-08,BTC,0.3960405615120532
2021-06-08,ETH,-0.10626824121661703
2021-06-08,US10Y,0.031869102875897184
2021-06-08,CN10Y,0.026657737489861097
2021-06-09,000300.SH,-0.0243987111545045
2021-06-09,SPX,-0.017489910679624566
2021-06-09,HSI,-0.005637853108258435
2021-06-09,N225,-0.016440828529275826
2021-06-09,SX5E,-0.03188110012539743
2021-06-09,000688.SH,-0.07448403193594062
2021-06-09,SOX,-0.038686836469154336
2021-06-09,NDX,-0.004703084525206923
2021-06-09,XAU,-0.07405909974152285
2021-06-09,COPPER,-0.03475302446519855
2021-06-09,WTI,-0.11091068729382136
2021-06-09,BTC,0.43848095791375885
2021-06-09,ETH,-0.09231531387553027
2021-06-09,US10Y,0.07141706094912638
2021-06-09,CN10Y,0.01586246304055036
2021-06-10,000300.SH,-0.04176225202039641
2021-06-10,SPX,-0.015576678061807342
2021-06-10,HSI,-0.014118017473941057
2021-06-10,N225,-0.0024757506728896334
2021-06-10,SX5E,-0.030717678936449954
2021-06-10,000688.SH,-0.0930131874095014
2021-06-10,SOX,-0.06166791536390584
2021-06-10,NDX,-0.028794717953153727
2021-06-10,XAU,-0.04460262432683019
2021-06-10,COPPER,-0.0004250878898352014
2021-06-10,WTI,-0.08947150983051436
2021-06-10,BTC,0.2660080106549051
2021-06-10,ETH,0.10782775921055422
2021-06-10,US10Y,0.03632330740263377
2021-06-10,CN10Y,0.01246634267113183
2021-06-11,000300.SH,-0.0639578781498048
2021-06-11,SPX,-0.016285802438521124
2021-06-11,HSI,-0.018303677836953115
2021-06-11,N225,-0.008587918301753077
2021-06-11,SX5E,-0.023834902429918394
2021-06-11,000688.SH,-0.14770735270622118
2021-06-11,SOX,-0.06708315706468429
2021-06-11,NDX,-0.035776935195753236
2021-06-11,XAU,-0.04234677400094262
2021-06-11,COPPER,0.029510113807106275
2021-06-11,WTI,-0.1003107938167803
2021-06-11,BTC,0.2750007211807638
2021-06-11,ETH,0.1223546757331385
2021-06-11,US10Y,0.08110107947569808
2021-06-11,CN10Y,0.016228601744625242
2021-06-15,000300.SH,-0.05652292086856648
2021-06-15,SPX,-0.029274576976108854
2021-06-15,HSI,-0.023358381851771054
2021-06-15,N225,-0.0038474709811609966
2021-06-15,SX5E,-0.03454637580421783
2021-06-15,000688.SH,-0.1460077248206555
2021-06-15,SOX,-0.11970618821015862
2021-06-15,NDX,-0.06556400438583808
2021-06-15,XAU,-0.028055032202477948
2021-06-15,COPPER,0.003781039069511013
2021-06-15,WTI,-0.11038987735880876
2021-06-15,BTC,0.22606139689197347
2021-06-15,ETH,0.2993014907678377
2021-06-15,US10Y,0.08502319246689345
2021-06-15,CN10Y,0.003105434263548248
2021-06-16,000300.SH,-0.03823882980174806
2021-06-16,SPX,-0.034729206683778255
2021-06-16,HSI,-0.035314551873062414
2021-06-16,N225,-0.049962870339223475
2021-06-16,SX5E,-0.05689693066338998
2021-06-16,000688.SH,-0.14822411088813608
2021-06-16,SOX,-0.11533078444154034
2021-06-16,NDX,-0.06464395597351366
2021-06-16,XAU,-0.015095676519070251
2021-06-16,COPPER,0.07757663402815472
2021-06-16,WTI,-0.11653293214532118
2021-06-16,BTC,0.19784845677220236
2021-06-16,ETH,0.33474257928934975
2021-06-16,US10Y,0.06056210277237649
2021-06-16,CN10Y,0.004240076466700139
2021-06-17,000300.SH,-0.012309626723220798
2021-06-17,SPX,-0.04672926621394422
2021-06-17,HSI,-0.013312775343634457
2021-06-17,N225,-0.05154475253102809
2021-06-17,SX5E,-0.054258127741170115
2021-06-17,000688.SH,-0.10817651327625251
2021-06-17,SOX,-0.1373171068910256
2021-06-17,NDX,-0.08234586763890787
2021-06-17,XAU,-0.0031116042890365347
2021-06-17,COPPER,0.08286225234467048
2021-06-17,WTI,-0.10080746948283681
2021-06-17,BTC,0.14475597770178592
2021-06-17,ETH,0.31940794683220003
2021-06-17,US10Y,0.0639778032470325
2021-06-17,CN10Y,-0.0010908699946321166
2021-06-18,000300.SH,-0.009205937876093868
2021-06-18,SPX,-0.025313926263112473
2021-06-18,HSI,-0.03169346870009186
2021-06-18,N225,-0.0531637634058075
2021-06-18,SX5E,-0.04207275107889055
2021-06-18,000688.SH,-0.1382324008705117
2021-06-18,SOX,-0.12654605410682854
2021-06-18,NDX,-0.07309595356549856
2021-06-18,XAU,0.031573246614987734
2021-06-18,COPPER,0.08456443445690981
2021-06-18,WTI,-0.10420374048686915
2021-06-18,BTC,0.10601451763957652
2021-06-18,ETH,0.3276771548755972
2021-06-18,US10Y,0.05549618255402508
2021-06-18,CN10Y,-0.001797539787392419
2021-06-21,000300.SH,0.006746583447550442
2021-06-21,SPX,-0.01308977920090013
2021-06-21,HSI,-0.029926086569283375
2021-06-21,N225,-0.05386803691911149
2021-06-21,SX5E,-0.02463444703177084
2021-06-21,000688.SH,-0.1328336083869223
2021-06-21,SOX,-0.09533547137317532
2021-06-21,NDX,-0.06820395289792028
2021-06-21,XAU,0.04818442044831813
2021-06-21,COPPER,0.1105120119279396
2021-06-21,WTI,-0.09737626822097262
2021-06-21,BTC,0.05150189260225077
2021-06-21,ETH,0.17479814261020749
2021-06-21,US10Y,0.11556800479333623
2021-06-21,CN10Y,0.007956594770453398
2021-06-22,000300.SH,0.006690538000805369
2021-06-22,SPX,-0.03999046565289595
2021-06-22,HSI,-0.007826048779478402
2021-06-22,N225,-0.004795623445503685
2021-06-22,SX5E,-0.03406090181874441
2021-06-22,000688.SH,-0.16535642235495684
2021-06-22,SOX,-0.1193929410540075
2021-06-22,NDX,-0.0864740126553461
2021-06-22,XAU,0.03498853475781094
2021-06-22,COPPER,0.08787390856724087
2021-06-22,WTI,-0.15403959383514038
2021-06-22,BTC,0.10608380305584506
2021-06-22,ETH,0.27948851208737796
2021-06-22,US10Y,0.0837507719775328
2021-06-22,CN10Y,0.01305994114945986
2021-06-23,000300.SH,0.007958356948005669
2021-06-23,SPX,-0.027547056247348423
2021-06-23,HSI,0.0034176420917427135
2021-06-23,N225,-0.03248069366307832
2021-06-23,SX5E,-0.031788991399106854
2021-06-23,000688.SH,-0.14842116706216466
2021-06-23,SOX,-0.05330405721501898
2021-06-23,NDX,-0.06317781443950159
2021-06-23,XAU,0.044669430465064594
2021-06-23,COPPER,0.055648823754425925
2021-06-23,WTI,-0.1896878366744195
2021-06-23,BTC,0.11521087612717398
2021-06-23,ETH,0.21969379498531932
2021-06-23,US10Y,0.09670661495690568
2021-06-23,CN10Y,0.0031020773720001897
2021-06-24,000300.SH,-3.244947436343041e-05
2021-06-24,SPX,-0.018145110742535022
2021-06-24,HSI,-0.005737810740576856
2021-06-24,N225,-0.012372915358464211
2021-06-24,SX5E,-0.008926892079199816
2021-06-24,000688.SH,-0.15845959467821055
2021-06-24,SOX,-0.040129341212353474
2021-06-24,NDX,-0.0587915819244378
2021-06-24,XAU,0.05059164209211542
2021-06-24,COPPER,0.0465151820828551
2021-06-24,WTI,-0.1427848019253315
2021-06-24,BTC,0.08764296781443813
2021-06-24,ETH,0.17315762524191738
2021-06-24,US10Y,0.08560684434766488
2021-06-24,CN10Y,0.001866236556481603
2021-06-25,000300.SH,0.026681013078972193
2021-06-25,SPX,-0.023892011515838234
2021-06-25,HSI,-0.0013890394955359295
2021-06-25,N225,-0.014359955989806236
2021-06-25,SX5E,-0.022996269151628848
2021-06-25,000688.SH,-0.10513840694582476
2021-06-25,SOX,-0.049655379256003794
2021-06-25,NDX,-0.05690188296977917
2021-06-25,XAU,0.06164889014445047
2021-06-25,COPPER,0.03489163458573148
2021-06-25,WTI,-0.11981122297772044
2021-06-25,BTC,0.03059934202577517
2021-06-25,ETH,0.19601472185713278
2021-06-25,US10Y,0.044045195018859076
2021-06-25,CN10Y,0.00026337159121600094
2021-06-28,000300.SH,0.006426204959814864
2021-06-28,SPX,-0.03086421434177109
2021-06-28,HSI,-0.011970538443566546
2021-06-28,N225,-0.024738990249333334
2021-06-28,SX5E,-0.02667927034888766
2021-06-28,000688.SH,-0.13465211065596286
2021-06-28,SOX,-0.05665090314823382
2021-06-28,NDX,-0.058921727861831176
2021-06-28,XAU,0.05601215042556035
2021-06-28,COPPER,0.03600799097966062
2021-06-28,WTI,-0.1370200438368342
2021-06-28,BTC,0.09326171669464445
2021-06-28,ETH,0.27571025755157275
2021-06-28,US10Y,0.022898562231844687
2021-06-28,CN10Y,-0.008819083956677324
2021-06-29,000300.SH,0.010550622821806528
2021-06-29,SPX,-0.027503920552387755
2021-06-29,HSI,-0.009698945871116155
2021-06-29,N225,-0.02155837775873868
2021-06-29,SX5E,-0.015766808805111998
2021-06-29,000688.SH,-0.12314236940508556
2021-06-29,SOX,-0.06567385878665069
2021-06-29,NDX,-0.06969987541091578
2021-06-29,XAU,0.060954708814578554
2021-06-29,COPPER,0.07504296153377414
2021-06-29,WTI,-0.09910623580594885
2021-06-29,BTC,0.0448047361500991
2021-06-29,ETH,0.17686253577668723
2021-06-29,US10Y,0.07005336338323748
2021-06-29,CN10Y,-0.006118536084227716
2021-06-30,000300.SH,0.025916839000418163
2021-06-30,SPX,-0.019574164686921726
2021-06-30,HSI,0.007008872450569077
2021-06-30,N225,0.015338343465881959
2021-06-30,SX5E,-0.008512018746453662
2021-06-30,000688.SH,-0.12324233133256816
2021-06-30,SOX,-0.04855555377454459
2021-06-30,NDX,-0.06155638535916804
2021-06-30,XAU,0.07842969746085274
2021-06-30,COPPER,0.09156108568693377
2021-06-30,WTI,-0.10182517002372897
2021-06-30,BTC,-0.013357808493999486
2021-06-30,ETH,0.1117160868490303
2021-06-30,US10Y,0.0472900616873245
2021-06-30,CN10Y,-0.0006375541836259799
2021-07-02,000300.SH,0.016934953694294135
2021-07-02,SPX,-0.027827074543134392
2021-07-02,HSI,0.018039529640248846
2021-07-02,N225,-0.0016012026809899106
2021-07-02,SX5E,-0.0009715314362054497
2021-07-02,000688.SH,-0.09416631608728844
2021-07-02,SOX,-0.0644300108160402
2021-07-02,NDX,-0.07091297182301914
2021-07-02,XAU,0.0682204318346899
2021-07-02,COPPER,0.07144560680448381
2021-07-02,WTI,-0.08985147126884337
2021-07-02,BTC,0.00013507981779885617
2021-07-02,ETH,0.08419995925651969
2021-07-02,US10Y,0.1028580369135973
2021-07-02,CN10Y,-0.012073019306111786
2021-07-06,000300.SH,0.031580817308658096
2021-07-06,SPX,-0.042458342180948225
2021-07-06,HSI,0.02724583561269352
2021-07-06,N225,-0.0007359974710902618
2021-07-06,SX5E,-0.0031755244031205446
2021-07-06,000688.SH,-0.09012901168696955
2021-07-06,SOX,-0.05632197369652132
2021-07-06,NDX,-0.08533518454409886
2021-07-06,XAU,0.061137747204713225
2021-07-06,COPPER,0.058366449753588234
2021-07-06,WTI,-0.10628572010815933
2021-07-06,BTC,0.01894443053670636
2021-07-06,ETH,0.09753334366285124
2021-07-06,US10Y,0.0948141102555871
2021-07-06,CN10Y,-0.005180980243889888
2021-07-07,000300.SH,0.024124314087554454
2021-07-07,SPX,-0.044711943349410935
2021-07-07,HSI,0.02373697155720087
2021-07-07,N225,0.007399300220213607
2021-07-07,SX5E,0.001993230150865737
2021-07-07,000688.SH,-0.09595649760675044
2021-07-07,SOX,-0.07329582497000103
2021-07-07,NDX,-0.1007835583898125
2021-07-07,XAU,0.03533339948907502
2021-07-07,COPPER,0.03539331724076632
2021-07-07,WTI,-0.08762568549689753
2021-07-07,BTC,0.04699933114161467
2021-07-07,ETH,0.06864342568424679
2021-07-07,US10Y,0.1688714720998103
2021-07-07,CN10Y,-0.010121251858475483
2021-07-08,000300.SH,0.019054247747859222
2021-07-08,SPX,-0.038107974758807894
2021-07-08,HSI,0.027496425151547713
2021-07-08,N225,0.014218883021806402
2021-07-08,SX5E,-0.0012462745570689538
2021-07-08,000688.SH,-0.10707412459709094
2021-07-08,SOX,-0.03368240700740763
2021-07-08,NDX,-0.0832748991761249
2021-07-08,XAU,0.04328566260034973
2021-07-08,COPPER,0.03400406702615886
2021-07-08,WTI,-0.05629749991791218
2021-07-08,BTC,-0.0024578524692542205
2021-07-08,ETH,0.016171987750117623
2021-07-08,US10Y,0.15610538626496157
2021-07-08,CN10Y,0.011804372920865419
2021-07-09,000300.SH,0.028626612204127717
2021-07-09,SPX,-0.030631668585857377
2021-07-09,HSI,0.05134490353187647
2021-07-09,N225,0.023909056074986904
2021-07-09,SX5E,0.021312750151717855
2021-07-09,000688.SH,-0.1306025364678932
2021-07-09,SOX,-0.02923347103170841
2021-07-09,NDX,-0.07512017931411308
2021-07-09,XAU,0.04633702679780972
2021-07-09,COPPER,0.042325529571864924
2021-07-09,WTI,-0.07435713202049019
2021-07-09,BTC,-0.10045608606617161
2021-07-09,ETH,-0.003733939776620978
2021-07-09,US10Y,0.1906589581901446
2021-07-09,CN10Y,0.039620176740326404
2021-07-12,000300.SH,0.027453667393808775
2021-07-12,SPX,-0.03588586805019478
2021-07-12,HSI,0.049277380909347294
2021-07-12,N225,0.03394374397187875
2021-07-12,SX5E,0.004893006065125209
2021-07-12,000688.SH,-0.11957648579967306
2021-07-12,SOX,-0.03961708557539574
2021-07-12,NDX,-0.07472082665204156
2021-07-12,XAU,0.043543450916047895
2021-07-12,COPPER,0.04009300964804024
2021-07-12,WTI,-0.07192678022726502
2021-07-12,BTC,-0.06459296212314411
2021-07-12,ETH,0.06967063480552732
2021-07-12,US10Y,0.1051556585589821
2021-07-12,CN10Y,0.032289456158956495
2021-07-13,000300.SH,0.01279324941018014
2021-07-13,SPX,-0.04515361118806316
2021-07-13,HSI,0.03824425580787086
2021-07-13,N225,0.004478521045767701
2021-07-13,SX5E,-0.0027101259670016054
2021-07-13,000688.SH,-0.12922777608396244
2021-07-13,SOX,-0.06522686338417168
2021-07-13,NDX,-0.08273241957517914
2021-07-13,XAU,0.0399506023481009
2021-07-13,COPPER,0.02977875034179138
2021-07-13,WTI,-0.07765608932912871
2021-07-13,BTC,0.040006657484731686
2021-07-13,ETH,0.10354637369308531
2021-07-13,US10Y,0.08147063012190212
2021-07-13,CN10Y,0.05243784527407638
2021-07-14,000300.SH,0.018467015058209794
2021-07-14,SPX,-0.035896610559670444
2021-07-14,HSI,0.022619211694474627
2021-07-14,N225,0.0034173636328561022
2021-07-14,SX5E,-0.002904073661777052
2021-07-14,000688.SH,-0.10511096898898208
2021-07-14,SOX,-0.04523077448310083
2021-07-14,NDX,-0.070595937542218
2021-07-14,XAU,0.0456128457708854
2021-07-14,COPPER,0.034670794873449456
2021-07-14,WTI,-0.08451460181017503
2021-07-14,BTC,0.038409484272861914
2021-07-14,ETH,0.10568185911523835
2021-07-14,US10Y,0.018649944690188082
2021-07-14,CN10Y,0.05672444793775947
2021-07-15,000300.SH,0.02030760398065055
2021-07-15,SPX,-0.03653666859708855
2021-07-15,HSI,0.03136621096377559
2021-07-15,N225,0.005433154264094367
2021-07-15,SX5E,0.0024785762760950922
2021-07-15,000688.SH,-0.0942273744330133
2021-07-15,SOX,-0.040298002545464714
2021-07-15,NDX,-0.07116391409621829
2021-07-15,XAU,0.021375034157678236
2021-07-15,COPPER,0.051226342815488254
2021-07-15,WTI,-0.04629536605548647
2021-07-15,BTC,0.032189091955199124
2021-07-15,ETH,-0.006761561330294423
2021-07-15,US10Y,0.0693523168020892
2021-07-15,CN10Y,0.06155455584249508
2021-07-16,000300.SH,-0.007816744313225895
2021-07-16,SPX,-0.04036102554032166
2021-07-16,HSI,0.011691457188051188
2021-07-16,N225,0.027308446399247163
2021-07-16,SX5E,0.013278684769785044
2021-07-16,000688.SH,-0.09449995669483757
2021-07-16,SOX,-0.02893239925063304
2021-07-16,NDX,-0.07004736150434471
2021-07-16,XAU,0.0064401634238126304
2021-07-16,COPPER,-0.017773616424509083
2021-07-16,WTI,-0.017879033398061364
2021-07-16,BTC,0.05324666122811941
2021-07-16,ETH,-0.029106403707122537
2021-07-16,US10Y,0.14476483420125494
2021-07-16,CN10Y,0.049686293622785135
2021-07-19,000300.SH,-0.011007077509053116
2021-07-19,SPX,-0.03579083850508549
2021-07-19,HSI,0.006679201007850252
2021-07-19,N225,0.03334193923661616
2021-07-19,SX5E,0.020284667273628897
2021-07-19,000688.SH,-0.09599865299932148
2021-07-19,SOX,-0.007991571829183641
2021-07-19,NDX,-0.06193173250036237
2021-07-19,XAU,-0.007523790245931566
2021-07-19,COPPER,-0.02825050611597658
2021-07-19,WTI,-0.01596805451007527
2021-07-19,BTC,0.03155414806369281
2021-07-19,ETH,-0.06784132812060104
2021-07-19,US10Y,0.18300330576035714
2021-07-19,CN10Y,0.05744029099344497
2021-07-20,000300.SH,-0.012370233848256047
2021-07-20,SPX,-0.026926869745844795
2021-07-20,HSI,0.02481049206913228
2021-07-20,N225,0.029662573566258652
2021-07-20,SX5E,0.042530357817288915
2021-07-20,000688.SH,-0.045513034705932646
2021-07-20,SOX,-0.009939787251479933
2021-07-20,NDX,-0.046226722576267296
2021-07-20,XAU,-0.032023813866396786
2021-07-20,COPPER,-0.03700256273456948
2021-07-20,WTI,0.02765003021588175
2021-07-20,BTC,-0.03671077726441507
2021-07-20,ETH,-0.17470300991246382
2021-07-20,US10Y,0.23984589285877495
2021-07-20,CN10Y,0.05691746537828895
2021-07-21,000300.SH,-0.0065025156996909445
2021-07-21,SPX,-0.048438051722061684
2021-07-21,HSI,0.04607536213924274
2021-07-21,N225,0.04287746482154571
2021-07-21,SX5E,0.02077522228187086
2021-07-21,000688.SH,-0.02875721276293068
2021-07-21,SOX,-0.03371092139651527
2021-07-21,NDX,-0.05888811365418645
2021-07-21,XAU,-0.03166416915140262
2021-07-21,COPPER,-0.05154781096426753
2021-07-21,WTI,0.04629878387384225
2021-07-21,BTC,-0.000865067758748235
2021-07-21,ETH,-0.11367699743353919
2021-07-21,US10Y,0.1587636801455575
2021-07-21,CN10Y,0.05926034728128327
2021-07-26,000300.SH,-0.009250801547075988
2021-07-26,SPX,-0.02909628439643908
2021-07-26,HSI,0.04492771846829848
2021-07-26,N225,0.017905092403664856
2021-07-26,SX5E,0.02142151882022819
2021-07-26,000688.SH,-0.020635417614691207
2021-07-26,SOX,-0.030795509167168604
2021-07-26,NDX,-0.0471344185274825
2021-07-26,XAU,-0.010721780620486288
2021-07-26,COPPER,-0.022747880268108422
2021-07-26,WTI,0.05177416041210346
2021-07-26,BTC,-0.044825512083805044
2021-07-26,ETH,-0.12427265206437121
2021-07-26,US10Y,0.14630170335913611
2021-07-26,CN10Y,0.05715006282619721
2021-07-27,000300.SH,0.03761994572321037
2021-07-27,SPX,-0.03251404687993446
2021-07-27,HSI,0.07638169853790938
2021-07-27,N225,0.04416272478343296
2021-07-27,SX5E,0.012509234806984995
2021-07-27,000688.SH,-0.01407415958103171
2021-07-27,SOX,-0.01351723820745496
2021-07-27,NDX,-0.051028976030784275
2021-07-27,XAU,-0.008897385530760924
2021-07-27,COPPER,-0.0710566828529725
2021-07-27,WTI,0.03742474923408308
2021-07-27,BTC,-0.10444774963271553
2021-07-27,ETH,-0.13433201975846726
2021-07-27,US10Y,0.15039366633375717
2021-07-27,CN10Y,0.07137623905474369
2021-07-28,000300.SH,0.07564791230514926
2021-07-28,SPX,-0.03363725941471452
2021-07-28,HSI,0.13378010695958967
2021-07-28,N225,0.03368761862295404
2021-07-28,SX5E,0.007459831027719757
2021-07-28,000688.SH,-0.003879468873113528
2021-07-28,SOX,-0.0008835375596800803
2021-07-28,NDX,-0.04476825933539458
2021-07-28,XAU,-0.012731614945319924
2021-07-28,COPPER,-0.05159951080431715
2021-07-28,WTI,0.0321216791101463
2021-07-28,BTC,-0.1808172641955576
2021-07-28,ETH,-0.20526992650727333
2021-07-28,US10Y,0.19485787203186605
2021-07-28,CN10Y,0.0560318215779456
2021-07-29,000300.SH,0.07447684124865478
2021-07-29,SPX,-0.028062054286432575
2021-07-29,HSI,0.11983011904407606
2021-07-29,N225,0.046920358977943735
2021-07-29,SX5E,0.00994120103048099
2021-07-29,000688.SH,-0.00650352157757671
2021-07-29,SOX,-0.002087420135172236
2021-07-29,NDX,-0.04302824317698426
2021-07-29,XAU,-0.01953101248999676
2021-07-29,COPPER,-0.03536669405389419
2021-07-29,WTI,0.025164605282487224
2021-07-29,BTC,-0.16976418640441468
2021-07-29,ETH,-0.2022916320011982
2021-07-29,US10Y,0.18219154648202554
2021-07-29,CN10Y,0.04811009206000123
2021-07-30,000300.SH,0.07424741852849409
2021-07-30,SPX,-0.02205357066982003
2021-07-30,HSI,0.10454961712801775
2021-07-30,N225,0.05346593940457544
2021-07-30,SX5E,0.012309111408927235
2021-07-30,000688.SH,-0.025266091995686954
2021-07-30,SOX,-0.011714920867676793
2021-07-30,NDX,-0.03954553178063331
2021-07-30,XAU,-0.02771237173173674
2021-07-30,COPPER,-0.040407454578205396
2021-07-30,WTI,0.037175209258968674
2021-07-30,BTC,-0.18167997538098918
2021-07-30,ETH,-0.20382468428696765
2021-07-30,US10Y,0.20602519900163277
2021-07-30,CN10Y,0.0644321065611001
2021-08-02,000300.SH,0.08063684956021407
2021-08-02,SPX,-0.020157262827606104
2021-08-02,HSI,0.11274924952797563
2021-08-02,N225,0.0634156407782404
2021-08-02,SX5E,0.008882799617790928
2021-08-02,000688.SH,-0.01510606085186025
2021-08-02,SOX,-0.0066702105630236045
2021-08-02,NDX,-0.027681418070255818
2021-08-02,XAU,-0.024531546281783032
2021-08-02,COPPER,-0.040171587899799244
2021-08-02,WTI,0.002560780622806006
2021-08-02,BTC,-0.21809383848843306
2021-08-02,ETH,-0.20593801085931418
2021-08-02,US10Y,0.207898422892732
2021-08-02,CN10Y,0.0822061928423162
2021-08-03,000300.SH,0.042501851340088076
2021-08-03,SPX,-0.01979873380838962
2021-08-03,HSI,0.09154684544736359
2021-08-03,N225,0.03496864135825984
2021-08-03,SX5E,0.005450736609580629
2021-08-03,000688.SH,-0.02281130797808866
2021-08-03,SOX,-0.008942032198746858
2021-08-03,NDX,-0.026555730324525795
2021-08-03,XAU,-0.03522561638212724
2021-08-03,COPPER,-0.03810186855661793
2021-08-03,WTI,0.03915879435775746
2021-08-03,BTC,-0.12638485247814457
2021-08-03,ETH,-0.26171182888836775
2021-08-03,US10Y,0.24028504966168354
2021-08-03,CN10Y,0.08562005184027514
2021-08-04,000300.SH,0.048031846025756456
2021-08-04,SPX,-0.029390060635667705
2021-08-04,HSI,0.08597669157298228
2021-08-04,N225,0.03640718327193846
2021-08-04,SX5E,-0.008167579997452313
2021-08-04,000688.SH,0.012724575067175798
2021-08-04,SOX,-0.020579111890556237
2021-08-04,NDX,-0.036998981439012854
2021-08-04,XAU,-0.029192380635161837
2021-08-04,COPPER,-0.0238627407802542
2021-08-04,WTI,0.05040795593322442
2021-08-04,BTC,-0.1579834623159977
2021-08-04,ETH,-0.22429597676436916
2021-08-04,US10Y,0.21818258622335218
2021-08-04,CN10Y,0.07873945636404232
2021-08-05,000300.SH,0.014676032859419782
2021-08-05,SPX,-0.006523352676093673
2021-08-05,HSI,0.06285019304068722
2021-08-05,N225,0.0445879717558098
2021-08-05,SX5E,-0.005205517349904008
2021-08-05,000688.SH,-0.03792315319661739
2021-08-05,SOX,-0.029665558961856974
2021-08-05,NDX,-0.0206005940307975
2021-08-05,XAU,-0.01761150486983522
2021-08-05,COPPER,-0.005684456508212674
2021-08-05,WTI,0.11538560576761077
2021-08-05,BTC,-0.16137462056533594
2021-08-05,ETH,-0.2461799127128808
2021-08-05,US10Y,0.213362871020377
2021-08-05,CN10Y,0.0799059964276296
2021-08-06,000300.SH,0.021777901796229793
2021-08-06,SPX,-0.012260246519031417
2021-08-06,HSI,0.06400888329553858
2021-08-06,N225,0.036931037862704165
2021-08-06,SX5E,-0.014120421708901203
2021-08-06,000688.SH,-0.03765602052545812
2021-08-06,SOX,-0.024594958565186377
2021-08-06,NDX,-0.020946714456672313
2021-08-06,XAU,-0.007214829597264209
2021-08-06,COPPER,-0.01149674804870479
2021-08-06,WTI,0.0880669888795449
2021-08-06,BTC,-0.15013755307784826
2021-08-06,ETH,-0.16130491345952142
2021-08-06,US10Y,0.13533154527908156
2021-08-06,CN10Y,0.09361604884548909
2021-08-10,000300.SH,0.03961197474065141
2021-08-10,SPX,-0.008088258681732876
2021-08-10,HSI,0.062428765908987806
2021-08-10,N225,0.026779259918652248
2021-08-10,SX5E,-0.008589142799011342
2021-08-10,000688.SH,0.001187236857132675
2021-08-10,SOX,-0.03010051575809641
2021-08-10,NDX,-0.012032034749618958
2021-08-10,XAU,0.021381261805593958
2021-08-10,COPPER,0.008975923305799053
2021-08-10,WTI,0.08944278229738242
2021-08-10,BTC,-0.1773186825175435
2021-08-10,ETH,-0.13549313666110607
2021-08-10,US10Y,0.043386993505605195
2021-08-10,CN10Y,0.07842757282730442
2021-08-11,000300.SH,0.009519978702906478
2021-08-11,SPX,-0.00768400305727923
2021-08-11,HSI,0.02410913687635118
2021-08-11,N225,0.02609409430998688
2021-08-11,SX5E,-0.024692110292646268
2021-08-11,000688.SH,0.03552845168753974
2021-08-11,SOX,-0.00968221850945462
2021-08-11,NDX,-0.004870645247515112
2021-08-11,XAU,0.04366812675371845
2021-08-11,COPPER,0.01404840642968145
2021-08-11,WTI,0.11356928533124966
2021-08-11,BTC,-0.14409417309253064
2021-08-11,ETH,-0.09584563564324278
2021-08-11,US10Y,-0.014077026802815602
2021-08-11,CN10Y,0.03440833255405053
2021-08-12,000300.SH,0.009693561165031587
2021-08-12,SPX,-0.0017824212995263752
2021-08-12,HSI,0.02632944103690201
2021-08-12,N225,0.01023887208070706
2021-08-12,SX5E,-0.01149533050665192
2021-08-12,000688.SH,0.023572527447949618
2021-08-12,SOX,0.0031018267076308847
2021-08-12,NDX,0.00045782501277507725
2021-08-12,XAU,0.030693267598101023
2021-08-12,COPPER,0.021549473658841505
2021-08-12,WTI,0.11671136294526925
2021-08-12,BTC,-0.15751937575947186
2021-08-12,ETH,-0.1644707201873153
2021-08-12,US10Y,0.053482727418270426
2021-08-12,CN10Y,0.03943696268148714
2021-08-13,000300.SH,0.02981782240683423
2021-08-13,SPX,-0.0025406000588387217
2021-08-13,HSI,0.037166799948645066
2021-08-13,N225,0.03346391208027278
2021-08-13,SX5E,-0.011797637428382919
2021-08-13,000688.SH,0.027788053656651997
2021-08-13,SOX,0.02474880100931439
2021-08-13,NDX,-0.001492579224284767
2021-08-13,XAU,0.02946811403755687
2021-08-13,COPPER,0.01745593668958601
2021-08-13,WTI,0.11345514482717343
2021-08-13,BTC,-0.17038087984030317
2021-08-13,ETH,-0.20226663969915412
2021-08-13,US10Y,0.048478984514226234
2021-08-13,CN10Y,0.02663476708070279
2021-08-16,000300.SH,0.03862136826781312
2021-08-16,SPX,-0.005098424962786532
2021-08-16,HSI,0.05999997919986652
2021-08-16,N225,0.04262464696868793
2021-08-16,SX5E,-0.009422210109689154
2021-08-16,000688.SH,0.04575315402239337
2021-08-16,SOX,0.017354112802870893
2021-08-16,NDX,-0.0020370932576795247
2021-08-16,XAU,0.014588225086126928
2021-08-16,COPPER,0.014344636705116862
2021-08-16,WTI,0.14615145133614757
2021-08-16,BTC,-0.22289438980090234
2021-08-16,ETH,-0.28673741196863833
2021-08-16,US10Y,0.13351891889061107
2021-08-16,CN10Y,0.013233036820061767
2021-08-17,000300.SH,0.02692769873880832
2021-08-17,SPX,-0.008529053619039394
2021-08-17,HSI,0.06044019374983665
2021-08-17,N225,0.0528889290001281
2021-08-17,SX5E,-0.004970143095423441
2021-08-17,000688.SH,0.0233184907733238
2021-08-17,SOX,0.014077397852204803
2021-08-17,NDX,-0.002899460427593735
2021-08-17,XAU,0.022899515864827403
2021-08-17,COPPER,0.012259308204498139
2021-08-17,WTI,0.1176872528405577
2021-08-17,BTC,-0.20461062697611898
2021-08-17,ETH,-0.23331612029964668
2021-08-17,US10Y,0.11207890488827406
2021-08-17,CN10Y,0.011747712505363418
2021-08-18,000300.SH,0.05934695548436446
2021-08-18,SPX,-0.006784577423817378
2021-08-18,HSI,0.08290756252329964
2021-08-18,N225,0.04290500027851958
2021-08-18,SX5E,-0.017793671201966642
2021-08-18,000688.SH,0.045052777370305386
2021-08-18,SOX,0.00897909729519202
2021-08-18,NDX,-0.0033412564414109147
2021-08-18,XAU,0.026412510009136685
2021-08-18,COPPER,0.043715236225169145
2021-08-18,WTI,0.10763301050259824
2021-08-18,BTC,-0.22617221852924652
2021-08-18,ETH,-0.2416913927998626
2021-08-18,US10Y,0.05532910061698054
2021-08-18,CN10Y,0.02350186609073849
2021-08-19,000300.SH,0.0367672658039304
2021-08-19,SPX,-0.002192658049366032
2021-08-19,HSI,0.07884174668741908
2021-08-19,N225,0.028855501720563496
2021-08-19,SX5E,-0.02129846635913231
2021-08-19,000688.SH,0.02258968323081281
2021-08-19,SOX,0.004589300808712974
2021-08-19,NDX,3.881924142480099e-05
2021-08-19,XAU,0.017635458734517447
2021-08-19,COPPER,0.07035574403355052
2021-08-19,WTI,0.13492561119626317
2021-08-19,BTC,-0.22082942826114826
2021-08-19,ETH,-0.22272244944651437
2021-08-19,US10Y,0.040944784786509154
2021-08-19,CN10Y,0.03149908587245726
2021-08-20,000300.SH,0.04965937045015747
2021-08-20,SPX,-0.01186711134466251
2021-08-20,HSI,0.0872055388852909
2021-08-20,N225,0.035276504743479556
2021-08-20,SX5E,-0.02562544160146369
2021-08-20,000688.SH,-0.003827281416779141
2021-08-20,SOX,0.009539254876910392
2021-08-20,NDX,-0.006830528635865363
2021-08-20,XAU,0.025381677143618976
2021-08-20,COPPER,0.07465337205955203
2021-08-20,WTI,0.09428432090333326
2021-08-20,BTC,-0.19294788605033994
2021-08-20,ETH,-0.15128142741056544
2021-08-20,US10Y,-0.022421584117621723
2021-08-20,CN10Y,0.038801221514955485
2021-08-23,000300.SH,0.06896220765101824
2021-08-23,SPX,-0.004077746172835449
2021-08-23,HSI,0.09851959028965755
2021-08-23,N225,0.03656009068074809
2021-08-23,SX5E,-0.02251630165036846
2021-08-23,000688.SH,0.015424517218689485
2021-08-23,SOX,0.018650481252543302
2021-08-23,NDX,-0.004266203432854549
2021-08-23,XAU,0.02319415630015288
2021-08-23,COPPER,0.0666958920490025
2021-08-23,WTI,0.12527817213695153
2021-08-23,BTC,-0.26727653267614393
2021-08-23,ETH,-0.18189360378103148
2021-08-23,US10Y,-0.0001496978094392299
2021-08-23,CN10Y,0.026894977943909756
2021-08-24,000300.SH,0.06248541521859445
2021-08-24,SPX,-0.009692056323678803
2021-08-24,HSI,0.08641989216253411
2021-08-24,N225,0.02068192243583195
2021-08-24,SX5E,-0.015152893860484146
2021-08-24,000688.SH,0.02092843359725629
2021-08-24,SOX,0.013076155534170728
2021-08-24,NDX,-0.015161295733751868
2021-08-24,XAU,0.0020792686192047972
2021-08-24,COPPER,0.049708342076292086
2021-08-24,WTI,0.11540513523572773
2021-08-24,BTC,-0.23903875202040206
2021-08-24,ETH,-0.17572565695664344
2021-08-24,US10Y,0.06654947999627189
2021-08-24,CN10Y,0.017436610019076565
2021-08-25,000300.SH,0.010680337908736025
2021-08-25,SPX,-0.00352662371776456
2021-08-25,HSI,0.023943267269715608
2021-08-25,N225,0.01590090053359695
2021-08-25,SX5E,-0.0036396580558620715
2021-08-25,000688.SH,0.0024777052497537335
2021-08-25,SOX,-0.0025950164984438035
2021-08-25,NDX,-0.005664349148773136
2021-08-25,XAU,-0.0019074447158796302
2021-08-25,COPPER,0.10217167797380576
2021-08-25,WTI,0.09607335183363758
2021-08-25,BTC,-0.12158042375808503
2021-08-25,ETH,-0.13904065642475966
2021-08-25,US10Y,0.020928257384487784
2021-08-25,CN10Y,0.005778674165834628
2021-08-26,000300.SH,-0.025106848765070588
2021-08-26,SPX,-0.007456217250642818
2021-08-26,HSI,-0.014648793554016253
2021-08-26,N225,0.024350911132355536
2021-08-26,SX5E,-0.009690401991265925
2021-08-26,000688.SH,0.021937647844944178
2021-08-26,SOX,-0.023002198745137696
2021-08-26,NDX,-0.014272133724150102
2021-08-26,XAU,0.006090893906298713
2021-08-26,COPPER,0.0991194891197393
2021-08-26,WTI,0.09608151268642046
2021-08-26,BTC,-0.052404430392415075
2021-08-26,ETH,-0.07132191300973455
2021-08-26,US10Y,-0.04868171149404077
2021-08-26,CN10Y,0.019004194236715833
2021-08-27,000300.SH,-0.00567105773454786
2021-08-27,SPX,-0.005919251358251309
2021-08-27,HSI,0.0077302653276148945
2021-08-27,N225,0.005380783262844604
2021-08-27,SX5E,-0.0034686035509119244
2021-08-27,000688.SH,0.02705941390095009
2021-08-27,SOX,-0.01348792221995659
2021-08-27,NDX,-0.008681777695062204
2021-08-27,XAU,0.009500176940965615
2021-08-27,COPPER,0.07506578148969832
2021-08-27,WTI,0.09320096805872427
2021-08-27,BTC,-0.04772344021684573
2021-08-27,ETH,-0.0998407915338198
2021-08-27,US10Y,-0.04851447876734771
2021-08-27,CN10Y,0.015369934095945491
2021-08-30,000300.SH,0.009082736534677302
2021-08-30,SPX,-0.012092207848854338
2021-08-30,HSI,0.042289374915199004
2021-08-30,N225,0.014827343636474843
2021-08-30,SX5E,-0.005614395587468026
2021-08-30,000688.SH,0.08512517996098226
2021-08-30,SOX,-0.015466631006506045
2021-08-30,NDX,-0.017837920924958867
2021-08-30,XAU,0.008087125867782458
2021-08-30,COPPER,0.06270853749112312
2021-08-30,WTI,0.09296550001543634
2021-08-30,BTC,-0.10723038937252868
2021-08-30,ETH,-0.15665972384813312
2021-08-30,US10Y,-0.004747007085651858
2021-08-30,CN10Y,0.004562477252425804
2021-08-31,000300.SH,0.0033718710820616394
2021-08-31,SPX,-0.02218005636493118
2021-08-31,HSI,0.022950808812173346
2021-08-31,N225,-0.008893244645129906
2021-08-31,SX5E,-0.014925111060504516
2021-08-31,000688.SH,0.09174064866322901
2021-08-31,SOX,-0.012512579989063173
2021-08-31,NDX,-0.03533870307655634
2021-08-31,XAU,0.0038862080357693913
2021-08-31,COPPER,0.042238066083506096
2021-08-31,WTI,0.08979497317625917
2021-08-31,BTC,-0.015890298028247183
2021-08-31,ETH,-0.1154881986568533
2021-08-31,US10Y,-0.023496103587357205
2021-08-31,CN10Y,-0.005258280444355658
2021-09-01,000300.SH,0.03127513978312682
2021-09-01,SPX,-0.0211283970589327
2021-09-01,HSI,0.021644029033887586
2021-09-01,N225,0.00030607446106174774
2021-09-01,SX5E,-0.005495603983147681
2021-09-01,000688.SH,0.11993207720291421
2021-09-01,SOX,0.005328825950809631
2021-09-01,NDX,-0.03203770071167309
2021-09-01,XAU,0.0019425709324969506
2021-09-01,COPPER,0.03822891434602269
2021-09-01,WTI,0.0722027785892436
2021-09-01,BTC,-0.07208837972637447
2021-09-01,ETH,-0.0929495418502984
2021-09-01,US10Y,-0.05853958915160077
2021-09-01,CN10Y,-0.008621197817535873
2021-09-02,000300.SH,0.02101518673112618
2021-09-02,SPX,-0.007670512399708668
2021-09-02,HSI,0.018820926206560763
2021-09-02,N225,-0.010719254554818602
2021-09-02,SX5E,-0.0047607789713104125
2021-09-02,000688.SH,0.1164212153193399
2021-09-02,SOX,0.02762502858486883
2021-09-02,NDX,-0.021570553440351713
2021-09-02,XAU,0.000867101446863359
2021-09-02,COPPER,0.05797060085122735
2021-09-02,WTI,0.0742378305831445
2021-09-02,BTC,-0.06503402702442346
2021-09-02,ETH,-0.15269402693083078
2021-09-02,US10Y,-0.05841905041949302
2021-09-02,CN10Y,0.003910314017806169
2021-09-03,000300.SH,0.029338806432547295
2021-09-03,SPX,-0.018074895007972654
2021-09-03,HSI,0.023810338853455047
2021-09-03,N225,-0.019196082438991548
2021-09-03,SX5E,-0.002831732395825592
2021-09-03,000688.SH,0.1567492388960723
2021-09-03,SOX,0.030888414257979252
2021-09-03,NDX,-0.0224855799772595
2021-09-03,XAU,0.0028378468926811822
2021-09-03,COPPER,0.03703650800608361
2021-09-03,WTI,0.013096897544046117
2021-09-03,BTC,-0.07005272508222027
2021-09-03,ETH,-0.11449218885050064
2021-09-03,US10Y,-0.048010536089854644
2021-09-03,CN10Y,0.00138568895976037
2021-09-07,000300.SH,0.029647628447723784
2021-09-07,SPX,-0.0118271581076188
2021-09-07,HSI,0.023780684451898612
2021-09-07,N225,-0.033671251339465316
2021-09-07,SX5E,0.008935515489578886
2021-09-07,000688.SH,0.15495567659469683
2021-09-07,SOX,0.022806045388204584
2021-09-07,NDX,-0.018809595120186366
2021-09-07,XAU,-0.012072072210468222
2021-09-07,COPPER,0.03154497268175967
2021-09-07,WTI,0.039914675572024313
2021-09-07,BTC,-0.05603241760639403
2021-09-07,ETH,-0.12701348039193408
2021-09-07,US10Y,-0.040774059255943455
2021-09-07,CN10Y,-0.011385164593876044
2021-09-08,000300.SH,-0.008300410703963836
2021-09-08,SPX,-0.010288524507581328
2021-09-08,HSI,0.002824918331949252
2021-09-08,N225,-0.06161532093226481
2021-09-08,SX5E,0.0019127325474129295
2021-09-08,000688.SH,0.11224754658387898
2021-09-08,SOX,0.01534369291079966
2021-09-08,NDX,-0.028702499731673946
2021-09-08,XAU,-0.018138221422290643
2021-09-08,COPPER,0.03625035195410854
2021-09-08,WTI,0.021957939583639903
2021-09-08,BTC,0.012474157715593948
2021-09-08,ETH,-0.03732384153284274
2021-09-08,US10Y,-0.022932412209393405
2021-09-08,CN10Y,-0.01571010858737221
2021-09-09,000300.SH,0.01762517237215155
2021-09-09,SPX,-0.015088027350185338
2021-09-09,HSI,0.016120559951606803
2021-09-09,N225,-0.07506114995120075
2021-09-09,SX5E,0.008493589963264934
2021-09-09,000688.SH,0.12315428485014755
2021-09-09,SOX,0.0013085773939807161
2021-09-09,NDX,-0.03488018717836648
2021-09-09,XAU,-0.03516555030169463
2021-09-09,COPPER,0.03562399138200319
2021-09-09,WTI,0.0010642613473893468
2021-09-09,BTC,0.01832764424545767
2021-09-09,ETH,-0.08603051980344092
2021-09-09,US10Y,0.021866221502941496
2021-09-09,CN10Y,0.00264113157594508
2021-09-10,000300.SH,0.011010079597076308
2021-09-10,SPX,-0.010819413051572644
2021-09-10,HSI,0.03859393777988544
2021-09-10,N225,-0.06627306896522829
2021-09-10,SX5E,0.008866342162669953
2021-09-10,000688.SH,0.12112519783138467
2021-09-10,SOX,-0.010806503196351746
2021-09-10,NDX,-0.035820120596610994
2021-09-10,XAU,-0.025291892525324055
2021-09-10,COPPER,0.023872123346937665
2021-09-10,WTI,0.026874868053438538
2021-09-10,BTC,-0.02383779340338873
2021-09-10,ETH,-0.10385277018557448
2021-09-10,US10Y,0.04223047944159232
2021-09-10,CN10Y,0.004128533711066198
2021-09-13,000300.SH,-0.004587040014531788
2021-09-13,SPX,0.0025289508861577985
2021-09-13,HSI,0.016338443684546095
2021-09-13,N225,-0.07772102307835478
2021-09-13,SX5E,0.01876316379064491
2021-09-13,000688.SH,0.11210838922341539
2021-09-13,SOX,-0.024501470708871112
2021-09-13,NDX,-0.02104040496112517
2021-09-13,XAU,-0.020187211269963867
2021-09-13,COPPER,-0.006240471393976172
2021-09-13,WTI,0.001177967399322053
2021-09-13,BTC,0.01794813733608349
2021-09-13,ETH,-0.03116146086808702
2021-09-13,US10Y,0.019144098870731957
2021-09-13,CN10Y,-0.002570068895991596
2021-09-14,000300.SH,-0.0070880354188495726
2021-09-14,SPX,-0.00048790718551637753
2021-09-14,HSI,0.024927685692940026
2021-09-14,N225,-0.08363429203980971
2021-09-14,SX5E,0.01208965411387454
2021-09-14,000688.SH,0.11721261844333423
2021-09-14,SOX,-0.03180175406169494
2021-09-14,NDX,-0.020079039293684715
2021-09-14,XAU,-0.008201971808349546
2021-09-14,COPPER,0.0020778016550283343
2021-09-14,WTI,-0.031205438002758053
2021-09-14,BTC,0.06142981499453063
2021-09-14,ETH,-0.008282214460587634
2021-09-14,US10Y,-0.02322238803175128
2021-09-14,CN10Y,-0.003734534596705829
2021-09-15,000300.SH,0.009135745329444979
2021-09-15,SPX,0.011813791281272946
2021-09-15,HSI,0.03200168951802031
2021-09-15,N225,-0.1027697142919995
2021-09-15,SX5E,0.010204788551557776
2021-09-15,000688.SH,0.1109461190658908
2021-09-15,SOX,-0.02780979549403079
2021-09-15,NDX,-0.011986991155470538
2021-09-15,XAU,-0.0104882284398728
2021-09-15,COPPER,0.014004677350003448
2021-09-15,WTI,-0.03109642496197705
2021-09-15,BTC,0.02517383119901761
2021-09-15,ETH,-0.03425643653783385
2021-09-15,US10Y,0.001532525352698537
2021-09-15,CN10Y,0.003594423233278298
2021-09-16,000300.SH,0.002957495456505182
2021-09-16,SPX,0.00354753561583414
2021-09-16,HSI,0.039866263832988955
2021-09-16,N225,-0.09320699889046039
2021-09-16,SX5E,0.028901263424632284
2021-09-16,000688.SH,0.10506327649560682
2021-09-16,SOX,-0.03789164643722622
2021-09-16,NDX,-0.02070512507958039
2021-09-16,XAU,-0.004573838501015616
2021-09-16,COPPER,-0.016256807820569888
2021-09-16,WTI,-0.05542738632199224
2021-09-16,BTC,0.0641855756249373
2021-09-16,ETH,-0.00888238293431047
2021-09-16,US10Y,-0.002465099931150983
2021-09-16,CN10Y,-0.005112124534198208
2021-09-17,000300.SH,0.026818439253657227
2021-09-17,SPX,-0.006641552830318409
2021-09-17,HSI,0.058173620338958607
2021-09-17,N225,-0.08245425037622842
2021-09-17,SX5E,0.020066034872568687
2021-09-17,000688.SH,0.1282020657870149
2021-09-17,SOX,-0.05755261086866626
2021-09-17,NDX,-0.03232089930628298
2021-09-17,XAU,0.01903258678461843
2021-09-17,COPPER,-0.01838478093456293
2021-09-17,WTI,-0.08851396815151891
2021-09-17,BTC,0.06744609975749549
2021-09-17,ETH,0.0008749011657317
2021-09-17,US10Y,-0.02239507181342025
2021-09-17,CN10Y,-0.012350613679046631
2021-09-24,000300.SH,0.008864486120121712
2021-09-24,SPX,0.0013572163459819805
2021-09-24,HSI,0.02424408759108159
2021-09-24,N225,-0.10210642064777908
2021-09-24,SX5E,0.010525552634239646
2021-09-24,000688.SH,0.1515218884391477
2021-09-24,SOX,-0.039116238920751216
2021-09-24,NDX,-0.018156863886015104
2021-09-24,XAU,0.014830394765069234
2021-09-24,COPPER,-0.030002410498673047
2021-09-24,WTI,-0.09366966316336524
2021-09-24,BTC,0.0951641592228769
2021-09-24,ETH,0.06642993068595676
2021-09-24,US10Y,-0.07710710181818718
2021-09-24,CN10Y,-0.012779016869704427
2021-09-27,000300.SH,-0.011631592928090653
2021-09-27,SPX,0.000636397903890305
2021-09-27,HSI,0.02994374854116842
2021-09-27,N225,-0.10863677668122607
2021-09-27,SX5E,0.0037087334456075358
2021-09-27,000688.SH,0.11524411678668184
2021-09-27,SOX,-0.05055065859302051
2021-09-27,NDX,-0.011831368941559266
2021-09-27,XAU,0.01704609507101507
2021-09-27,COPPER,-0.026437251951717988
2021-09-27,WTI,-0.16558729951792825
2021-09-27,BTC,0.1951399791518678
2021-09-27,ETH,0.1673037088743208
2021-09-27,US10Y,-0.14756400917185178
2021-09-27,CN10Y,-0.006783821989157102
2021-09-28,000300.SH,-0.007507751058802372
2021-09-28,SPX,0.008219314543468255
2021-09-28,HSI,0.03474554907193523
2021-09-28,N225,-0.09547004394487306
2021-09-28,SX5E,0.0032156254233450935
2021-09-28,000688.SH,0.13341178327466524
2021-09-28,SOX,-0.029644752869372258
2021-09-28,NDX,0.006756601098700453
2021-09-28,XAU,0.031856011392725356
2021-09-28,COPPER,-0.017282282223482933
2021-09-28,WTI,-0.1408573439848179
2021-09-28,BTC,0.157304609996646
2021-09-28,ETH,0.09788217631852122
2021-09-28,US10Y,-0.17651100123930727
2021-09-28,CN10Y,-0.006118495799350997
2021-09-29,000300.SH,-0.000747389619338392
2021-09-29,SPX,0.024680235718489915
2021-09-29,HSI,0.04200452395970792
2021-09-29,N225,-0.08951393319734074
2021-09-29,SX5E,0.021949518982210165
2021-09-29,000688.SH,0.1451238986944884
2021-09-29,SOX,-0.0019672711023327877
2021-09-29,NDX,0.03176478001167252
2021-09-29,XAU,0.038746356989302136
2021-09-29,COPPER,-0.014166405601231318
2021-09-29,WTI,-0.10996264675998159
2021-09-29,BTC,0.09727139676387014
2021-09-29,ETH,0.024755549966754248
2021-09-29,US10Y,-0.20001010521330498
2021-09-29,CN10Y,-0.00992850959296555
2021-09-30,000300.SH,0.009622159341599016
2021-09-30,SPX,0.02305454414339031
2021-09-30,HSI,0.031422092773233816
2021-09-30,N225,-0.07106370547036217
2021-09-30,SX5E,0.014095861668907885
2021-09-30,000688.SH,0.12455276745802384
2021-09-30,SOX,0.016091569998960078
2021-09-30,NDX,0.03095908049997019
2021-09-30,XAU,0.03609304349591452
2021-09-30,COPPER,-0.0006946360766178737
2021-09-30,WTI,-0.11807657705370801
2021-09-30,BTC,0.0860636381209916
2021-09-30,ETH,-0.00938430061529667
2021-09-30,US10Y,-0.1677737594654783
2021-09-30,CN10Y,-0.004961778819528231
2021-10-08,000300.SH,-0.01353861972171957
2021-10-08,SPX,0.03466413720025466
2021-10-08,HSI,0.02987448337825737
2021-10-08,N225,-0.06176730365442117
2021-10-08,SX5E,0.027406133156148073
2021-10-08,000688.SH,0.08775043494849748
2021-10-08,SOX,0.029239447186020232
2021-10-08,NDX,0.03569901639107115
2021-10-08,XAU,0.018948583354042543
2021-10-08,COPPER,0.025695137830209214
2021-10-08,WTI,-0.10889475103633584
2021-10-08,BTC,0.05032109548442087
2021-10-08,ETH,-0.021017459890398528
2021-10-08,US10Y,-0.13566899606431765
2021-10-08,CN10Y,0.001288661438271282
2021-10-12,000300.SH,-0.014161543802208973
2021-10-12,SPX,0.03750408843046951
2021-10-12,HSI,0.029656751491014384
2021-10-12,N225,-0.02229725798693101
2021-10-12,SX5E,0.0395340577328449
2021-10-12,000688.SH,0.09061209669601422
2021-10-12,SOX,0.06913934720627933
2021-10-12,NDX,0.049932829646691955
2021-10-12,XAU,0.036602488683905365
2021-10-12,COPPER,0.032843602738701856
2021-10-12,WTI,-0.11703452415114163
2021-10-12,BTC,-0.019558115576602905
2021-10-12,ETH,-0.017818994690478
2021-10-12,US10Y,-0.18343786891773742
2021-10-12,CN10Y,-0.011516957500821535
2021-10-15,000300.SH,-0.007514646275890288
2021-10-15,SPX,0.051104102765294895
2021-10-15,HSI,0.03004667891259038
2021-10-15,N225,-0.02243879678700908
2021-10-15,SX5E,0.04622502360486666
2021-10-15,000688.SH,0.11850983509378843
2021-10-15,SOX,0.09389459495084886
2021-10-15,NDX,0.07194341137441056
2021-10-15,XAU,0.030581868051061993
2021-10-15,COPPER,0.03290599671252365
2021-10-15,WTI,-0.12208544102317667
2021-10-15,BTC,-0.09595288280192187
2021-10-15,ETH,-0.005436882062903754
2021-10-15,US10Y,-0.18528111928993382
2021-10-15,CN10Y,-0.03650174322454984
2021-10-18,000300.SH,-0.010333796259779272
2021-10-18,SPX,0.039009099937005985
2021-10-18,HSI,0.041535819055205446
2021-10-18,N225,-0.03830148940097984
2021-10-18,SX5E,0.03296943227211932
2021-10-18,000688.SH,0.08165206956352575
2021-10-18,SOX,0.06512213768650307
2021-10-18,NDX,0.05437029343494036
2021-10-18,XAU,0.03145234072326541
2021-10-18,COPPER,-0.019852314873425515
2021-10-18,WTI,-0.1092433274333316
2021-10-18,BTC,-0.07561169527796649
2021-10-18,ETH,0.08504671464905846
2021-10-18,US10Y,-0.1419416762841002
2021-10-18,CN10Y,-0.035873607792040935
2021-10-19,000300.SH,0.011943641833488113
2021-10-19,SPX,0.03223815368504794
2021-10-19,HSI,0.04042347741314706
2021-10-19,N225,-0.028494812699687944
2021-10-19,SX5E,0.04216070474887264
2021-10-19,000688.SH,0.07320960997195579
2021-10-19,SOX,0.044515744604973255
2021-10-19,NDX,0.042028134096731076
2021-10-19,XAU,0.03319996645344227
2021-10-19,COPPER,-0.04555275075146572
2021-10-19,WTI,-0.11906265527707813
2021-10-19,BTC,-0.08873555816874623
2021-10-19,ETH,0.1788755812221007
2021-10-19,US10Y,-0.14759530725544937
2021-10-19,CN10Y,-0.06915392987733163
2021-10-20,000300.SH,0.004906606277872677
2021-10-20,SPX,0.03381455234210923
2021-10-20,HSI,0.03248378710100834
2021-10-20,N225,-0.030406567059035293
2021-10-20,SX5E,0.04631059225752381
2021-10-20,000688.SH,0.050836610942929246
2021-10-20,SOX,0.043052678173503556
2021-10-20,NDX,0.04045287885306878
2021-10-20,XAU,0.02936014636014084
2021-10-20,COPPER,-0.02162139565643447
2021-10-20,WTI,-0.09353598747104006
2021-10-20,BTC,-0.07449421481423749
2021-10-20,ETH,0.18130419787277963
2021-10-20,US10Y,-0.1874805909020302
2021-10-20,CN10Y,-0.05498329427815877
2021-10-21,000300.SH,0.002711068681329024
2021-10-21,SPX,0.03261923665734695
2021-10-21,HSI,0.013271512634203068
2021-10-21,N225,-0.013320276964015292
2021-10-21,SX5E,0.03993157237876475
2021-10-21,000688.SH,0.04870645741878024
2021-10-21,SOX,0.052313412344776176
2021-10-21,NDX,0.04746305087349549
2021-10-21,XAU,0.03279458202094709
2021-10-21,COPPER,-0.015418144578281088
2021-10-21,WTI,-0.11200168415861762
2021-10-21,BTC,-0.07920150996158075
2021-10-21,ETH,0.15422106993902246
2021-10-21,US10Y,-0.15460770672795243
2021-10-21,CN10Y,-0.04948264055821827
2021-10-22,000300.SH,0.02901174031806463
2021-10-22,SPX,0.02350520976317555
2021-10-22,HSI,0.03341685748027149
2021-10-22,N225,0.03346846545523467
2021-10-22,SX5E,0.04698729158068719
2021-10-22,000688.SH,0.08137900246020567
2021-10-22,SOX,0.03630916102514621
2021-10-22,NDX,0.03998723875573939
2021-10-22,XAU,0.013154440062505771
2021-10-22,COPPER,-0.00031593456368287157
2021-10-22,WTI,-0.11616935881122065
2021-10-22,BTC,-0.0944540391238349
2021-10-22,ETH,0.04278847388842361
2021-10-22,US10Y,-0.1380580288136562
2021-10-22,CN10Y,-0.031010519477059725
2021-10-25,000300.SH,0.018701419060330113
2021-10-25,SPX,0.023341129055805362
2021-10-25,HSI,0.028336045605671628
2021-10-25,N225,0.04027559355398635
2021-10-25,SX5E,0.02838874670883003
2021-10-25,000688.SH,0.05943992087015801
2021-10-25,SOX,0.03765173275971644
2021-10-25,NDX,0.045431338184164775
2021-10-25,XAU,0.004774109211039402
2021-10-25,COPPER,0.0028791245325249576
2021-10-25,WTI,-0.11715597793266119
2021-10-25,BTC,-0.08140303475190144
2021-10-25,ETH,0.09088130985555787
2021-10-25,US10Y,-0.1457031795364908
2021-10-25,CN10Y,-0.03583827717673163
2021-10-26,000300.SH,0.017442062184223363
2021-10-26,SPX,0.02037239192382473
2021-10-26,HSI,0.010130428576823758
2021-10-26,N225,0.04552530549497597
2021-10-26,SX5E,0.03611319601749432
2021-10-26,000688.SH,0.051168066110808486
2021-10-26,SOX,0.04515391005687225
2021-10-26,NDX,0.037981959194616444
2021-10-26,XAU,0.00044343757224034157
2021-10-26,COPPER,0.022379034622550698
2021-10-26,WTI,-0.11818040512359657
2021-10-26,BTC,-0.0568090569923033
2021-10-26,ETH,0.0752331387380138
2021-10-26,US10Y,-0.15469285772187805
2021-10-26,CN10Y,-0.032260610654666365
2021-10-27,000300.SH,0.027994917233875687
2021-10-27,SPX,0.007869643863891475
2021-10-27,HSI,0.03042771738087784
2021-10-27,N225,0.03851094810251441
2021-10-27,SX5E,0.022485194823534102
2021-10-27,000688.SH,0.06798861619964805
2021-10-27,SOX,0.047865316818831986
2021-10-27,NDX,0.024219125924112586
2021-10-27,XAU,0.00351459363033625
2021-10-27,COPPER,0.05686693298095822
2021-10-27,WTI,-0.10851759556397209
2021-10-27,BTC,-0.07211526361176747
2021-10-27,ETH,0.0021432228277410044
2021-10-27,US10Y,-0.11765729925072026
2021-10-27,CN10Y,-0.031596071359861935
2021-10-28,000300.SH,0.032724820385662184
2021-10-28,SPX,0.007518108523549669
2021-10-28,HSI,0.025497517293800877
2021-10-28,N225,0.03913905725978803
2021-10-28,SX5E,0.0202158212799841
2021-10-28,000688.SH,0.038824655006274474
2021-10-28,SOX,0.05744121584777397
2021-10-28,NDX,0.0138239476142978
2021-10-28,XAU,0.003121268908486358
2021-10-28,COPPER,0.04723700978072219
2021-10-28,WTI,-0.08619330838183048
2021-10-28,BTC,-0.09536433124372604
2021-10-28,ETH,0.012510637358670345
2021-10-28,US10Y,-0.09379812772949572
2021-10-28,CN10Y,-0.022698291903957876
2021-10-29,000300.SH,0.027373480862312935
2021-10-29,SPX,-0.0023054792323298585
2021-10-29,HSI,0.0201695812746315
2021-10-29,N225,0.056469929668208574
2021-10-29,SX5E,0.02293097923222839
2021-10-29,000688.SH,0.058554322473475987
2021-10-29,SOX,0.040847659432124844
2021-10-29,NDX,0.004508813668750535
2021-10-29,XAU,0.009740373275088398
2021-10-29,COPPER,0.040107415286079834
2021-10-29,WTI,-0.08274100007894591
2021-10-29,BTC,-0.04432341173243824
2021-10-29,ETH,0.009792349920107461
2021-10-29,US10Y,-0.13982598446844893
2021-10-29,CN10Y,-0.021299029580845685
2021-11-01,000300.SH,0.00787311879371401
2021-11-01,SPX,0.004169405047069019
2021-11-01,HSI,0.008179526414544013
2021-11-01,N225,0.04623897667931998
2021-11-01,SX5E,0.006920404103861279
2021-11-01,000688.SH,0.02061816085953736
2021-11-01,SOX,0.03949899915618124
2021-11-01,NDX,0.007328842673927248
2021-11-01,XAU,0.012418818366529692
2021-11-01,COPPER,0.07412457133010988
2021-11-01,WTI,-0.059811115650359584
2021-11-01,BTC,-0.05858067680175416
2021-11-01,ETH,0.01675674592990501
2021-11-01,US10Y,-0.10766734378326537
2021-11-01,CN10Y,-0.018068433119319802
2021-11-02,000300.SH,0.0010815313360143962
2021-11-02,SPX,0.00415806113633608
2021-11-02,HSI,0.005516608595597763
2021-11-02,N225,0.016930005939784165
2021-11-02,SX5E,0.009996240822241579
2021-11-02,000688.SH,-0.005178672953594099
2021-11-02,SOX,0.03221835795738222
2021-11-02,NDX,0.008296362108009585
2021-11-02,XAU,-0.015724750145832488
2021-11-02,COPPER,0.05195812061801944
2021-11-02,WTI,-0.0587954465711769
2021-11-02,BTC,-0.013228680236239857
2021-11-02,ETH,0.06773695579297372
2021-11-02,US10Y,-0.09303410282553656
2021-11-02,CN10Y,-0.011930591573979181
2021-11-04,000300.SH,0.023803442909738726
2021-11-04,SPX,-0.004468064964827092
2021-11-04,HSI,0.02142181939503074
2021-11-04,N225,0.029265079339409594
2021-11-04,SX5E,0.0016444088821422481
2021-11-04,000688.SH,-0.0023003550854613208
2021-11-04,SOX,0.012192653175661494
2021-11-04,NDX,-0.0032027516610796053
2021-11-04,XAU,-0.011737152125279874
2021-11-04,COPPER,0.05680773508801202
2021-11-04,WTI,-0.04862951763247877
2021-11-04,BTC,-0.022786148122637344
2021-11-04,ETH,0.004705824514517537
2021-11-04,US10Y,-0.047646270016043615
2021-11-04,CN10Y,-0.009070703696704893
2021-11-05,000300.SH,0.01801252591754136
2021-11-05,SPX,-0.007476871908421197
2021-11-05,HSI,-0.009271127502579933
2021-11-05,N225,0.015238026639434849
2021-11-05,SX5E,0.003420223369787919
2021-11-05,000688.SH,0.016372040329817223
2021-11-05,SOX,-0.01944156485405789
2021-11-05,NDX,-0.023596388971677425
2021-11-05,XAU,-0.015913876052435858
2021-11-05,COPPER,0.08552700179812099
2021-11-05,WTI,0.03353436278746733
2021-11-05,BTC,-0.058655691922211
2021-11-05,ETH,-0.07997245415678894
2021-11-05,US10Y,0.05320602980398402
2021-11-05,CN10Y,-0.010982235277981596
2021-11-08,000300.SH,0.028129380254847815
2021-11-08,SPX,-0.015845511390106874
2021-11-08,HSI,0.003944390009133575
2021-11-08,N225,0.02096474339570852
2021-11-08,SX5E,-0.0032666560905896397
2021-11-08,000688.SH,0.019472719853145127
2021-11-08,SOX,-0.0350846879085729
2021-11-08,NDX,-0.034447284225312645
2021-11-08,XAU,-0.03176514483413423
2021-11-08,COPPER,0.07490344403668556
2021-11-08,WTI,0.026218468524899712
2021-11-08,BTC,-0.08200483395728159
2021-11-08,ETH,-0.08543566837144781
2021-11-08,US10Y,0.10961963768529588
2021-11-08,CN10Y,0.004597003017729386
2021-11-09,000300.SH,0.03764709258094628
2021-11-09,SPX,-0.024458887342862532
2021-11-09,HSI,0.03363265726741811
2021-11-09,N225,0.025871871256126937
2021-11-09,SX5E,-0.014490376517816133
2021-11-09,000688.SH,0.022802778216313532
2021-11-09,SOX,-0.06521687970151384
2021-11-09,NDX,-0.04824182796932307
2021-11-09,XAU,-0.04081395392009846
2021-11-09,COPPER,0.08735548794296136
2021-11-09,WTI,0.028280057052110768
2021-11-09,BTC,-0.1093091145055037
2021-11-09,ETH,-0.06924313705587296
2021-11-09,US10Y,0.1352364703631679
2021-11-09,CN10Y,0.0009477623339456788
2021-11-10,000300.SH,0.027070502871017983
2021-11-10,SPX,-0.0198072996401486
2021-11-10,HSI,0.037739378917758984
2021-11-10,N225,0.012779012900138888
2021-11-10,SX5E,-0.007251806446834988
2021-11-10,000688.SH,0.0019825083875643374
2021-11-10,SOX,-0.07980986573935189
2021-11-10,NDX,-0.04256454683544986
2021-11-10,XAU,-0.04966665598666095
2021-11-10,COPPER,0.07502606163044973
2021-11-10,WTI,0.0050144435784413265
2021-11-10,BTC,-0.0924317645349827
2021-11-10,ETH,-0.040090990008140315
2021-11-10,US10Y,0.1746339794585813
2021-11-10,CN10Y,-0.002622958552383342
2021-11-12,000300.SH,0.03595250371169824
2021-11-12,SPX,-0.028282480528354675
2021-11-12,HSI,0.02237764667804365
2021-11-12,N225,0.013808834921902699
2021-11-12,SX5E,-0.021050665859417304
2021-11-12,000688.SH,0.012641087759460058
2021-11-12,SOX,-0.06155048957041875
2021-11-12,NDX,-0.03768312015161142
2021-11-12,XAU,-0.04238180221757798
2021-11-12,COPPER,0.062042237746696725
2021-11-12,WTI,0.03702597478594864
2021-11-12,BTC,-0.047826899147902745
2021-11-12,ETH,-0.017851332407841536
2021-11-12,US10Y,0.07680411515319027
2021-11-12,CN10Y,-0.004025610873816031
2021-11-15,000300.SH,0.029874273332764593
2021-11-15,SPX,-0.02809757357185843
2021-11-15,HSI,0.01012647377925748
2021-11-15,N225,-0.04989608508083908
2021-11-15,SX5E,-0.034308715120884056
2021-11-15,000688.SH,-0.015618622458622085
2021-11-15,SOX,-0.10942280218549244
2021-11-15,NDX,-0.05343803851353796
2021-11-15,XAU,-0.05285750235066593
2021-11-15,COPPER,0.047964176545838344
2021-11-15,WTI,0.06530881071383508
2021-11-15,BTC,0.08359218917810145
2021-11-15,ETH,0.02609876002126115
2021-11-15,US10Y,0.08427830619410759
2021-11-15,CN10Y,-0.003603650483265882
2021-11-16,000300.SH,0.02207295811124457
2021-11-16,SPX,-0.03668709129951189
2021-11-16,HSI,0.013211109309530261
2021-11-16,N225,-0.04911608227922561
2021-11-16,SX5E,-0.04157001391334732
2021-11-16,000688.SH,-0.04280717056658591
2021-11-16,SOX,-0.12935239416362662
2021-11-16,NDX,-0.06286966943673608
2021-11-16,XAU,-0.04932916929335343
2021-11-16,COPPER,0.06864553331313669
2021-11-16,WTI,0.07634458065751112
2021-11-16,BTC,0.13543882640460086
2021-11-16,ETH,0.03475815695751534
2021-11-16,US10Y,0.042500096919308436
2021-11-16,CN10Y,0.01876032927953937
2021-11-17,000300.SH,0.019240357141962355
2021-11-17,SPX,-0.03456069299876416
2021-11-17,HSI,-0.0020081522042256737
2021-11-17,N225,-0.02481817788410663
2021-11-17,SX5E,-0.03657046319781643
2021-11-17,000688.SH,-0.024953955041192074
2021-11-17,SOX,-0.13368099179116683
2021-11-17,NDX,-0.05904342849002867
2021-11-17,XAU,-0.04250267818552009
2021-11-17,COPPER,0.12008670907707313
2021-11-17,WTI,0.048253174814955606
2021-11-17,BTC,0.12735675568278182
2021-11-17,ETH,0.029812090789586083
2021-11-17,US10Y,-0.0026613474154044553
2021-11-17,CN10Y,0.016050799701865893
2021-11-18,000300.SH,0.0057970652003052365
2021-11-18,SPX,-0.03002092302876555
2021-11-18,HSI,0.002381688936564939
2021-11-18,N225,-0.022167044121874164
2021-11-18,SX5E,-0.04467706129438881
2021-11-18,000688.SH,-0.04474656621454037
2021-11-18,SOX,-0.1210135562862075
2021-11-18,NDX,-0.050196494061013015
2021-11-18,XAU,-0.05428931403915803
2021-11-18,COPPER,0.14660117300850603
2021-11-18,WTI,0.07914958780211145
2021-11-18,BTC,0.11530994250941806
2021-11-18,ETH,-0.03513735674634502
2021-11-18,US10Y,0.014093175880233899
2021-11-18,CN10Y,0.03891568245515271
2021-11-19,000300.SH,0.01966822927601212
2021-11-19,SPX,-0.03581167491522806
2021-11-19,HSI,0.022514762129276614
2021-11-19,N225,-0.014197316800863478
2021-11-19,SX5E,-0.04633429450646527
2021-11-19,000688.SH,-0.03532262138055412
2021-11-19,SOX,-0.13883295113540398
2021-11-19,NDX,-0.06333208714758613
2021-11-19,XAU,-0.04916272150821373
2021-11-19,COPPER,0.09283820592397779
2021-11-19,WTI,0.05798528146811182
2021-11-19,BTC,0.13542258180372724
2021-11-19,ETH,-0.016279495664634623
2021-11-19,US10Y,0.03936959249511199
2021-11-19,CN10Y,0.031474509962731725
2021-11-22,000300.SH,0.005900159785601903
2021-11-22,SPX,-0.03352570865461134
2021-11-22,HSI,0.044740863998100504
2021-11-22,N225,-0.01896825096271399
2021-11-22,SX5E,-0.04286450076057758
2021-11-22,000688.SH,-0.04745959017099938
2021-11-22,SOX,-0.1477104196862189
2021-11-22,NDX,-0.07303608658548502
2021-11-22,XAU,-0.034620763917466595
2021-11-22,COPPER,0.07470122506112087
2021-11-22,WTI,0.09768234961192893
2021-11-22,BTC,0.1263859567488607
2021-11-22,ETH,-0.0365331520906485
2021-11-22,US10Y,0.06327193181737253
2021-11-22,CN10Y,0.02203598580573574
2021-11-24,000300.SH,0.0054705018821655845
2021-11-24,SPX,-0.02468269346969167
2021-11-24,HSI,0.04607065935106708
2021-11-24,N225,-0.03736251113639656
2021-11-24,SX5E,-0.03890389048101704
2021-11-24,000688.SH,-0.07724484195521433
2021-11-24,SOX,-0.11669159285158325
2021-11-24,NDX,-0.05231910509109
2021-11-24,XAU,-0.011050693142628399
2021-11-24,COPPER,0.045083598872050185
2021-11-24,WTI,0.08310562323252974
2021-11-24,BTC,0.11591439262018927
2021-11-24,ETH,0.00516721656407999
2021-11-24,US10Y,0.030032867897786024
2021-11-24,CN10Y,0.027410467707753232
2021-11-26,000300.SH,0.012820840322010611
2021-11-26,SPX,-0.02676474024341637
2021-11-26,HSI,0.0630486702799636
2021-11-26,N225,-0.017888321463516318
2021-11-26,SX5E,-0.014196114534325004
2021-11-26,000688.SH,-0.06468217640026755
2021-11-26,SOX,-0.13090123234530399
2021-11-26,NDX,-0.057258579002328155
2021-11-26,XAU,0.004254100080032254
2021-11-26,COPPER,0.022413119126914138
2021-11-26,WTI,0.08153786467819191
2021-11-26,BTC,0.09906854712109894
2021-11-26,ETH,-0.03347658792226068
2021-11-26,US10Y,0.016171737761894695
2021-11-26,CN10Y,0.0458528725413118
2021-11-29,000300.SH,0.013424358681345543
2021-11-29,SPX,-0.02314503095026235
2021-11-29,HSI,0.06911635858654126
2021-11-29,N225,-0.011185514296808335
2021-11-29,SX5E,0.0067362722006895255
2021-11-29,000688.SH,-0.06879141053128138
2021-11-29,SOX,-0.12779093691257187
2021-11-29,NDX,-0.04969007239622767
2021-11-29,XAU,0.004600213604181877
2021-11-29,COPPER,0.008449823284080647
2021-11-29,WTI,0.14252295762920156
2021-11-29,BTC,0.030775159601972718
2021-11-29,ETH,-0.10433370669674077
2021-11-29,US10Y,0.05800572142998964
2021-11-29,CN10Y,0.051305806765889535
2021-11-30,000300.SH,0.019289732146656254
2021-11-30,SPX,-0.021812525410875458
2021-11-30,HSI,0.0839932673333912
2021-11-30,N225,0.024375096621493158
2021-11-30,SX5E,0.022105836180534418
2021-11-30,000688.SH,-0.06826696001666567
2021-11-30,SOX,-0.15023041778595855
2021-11-30,NDX,-0.05696454110997948
2021-11-30,XAU,0.0025085268041442708
2021-11-30,COPPER,0.017001383237369175
2021-11-30,WTI,0.15813396256511086
2021-11-30,BTC,-0.0005904820671676914
2021-11-30,ETH,-0.12707428031010798
2021-11-30,US10Y,0.04829434517166141
2021-11-30,CN10Y,0.04923705664039399
2021-12-01,000300.SH,0.010239817302113196
2021-12-01,SPX,-0.007020457565326094
2021-12-01,HSI,0.08493601642729223
2021-12-01,N225,0.04139342189526912
2021-12-01,SX5E,0.034373389931375106
2021-12-01,000688.SH,-0.07708357859819576
2021-12-01,SOX,-0.1400339819019673
2021-12-01,NDX,-0.037870105806225594
2021-12-01,XAU,0.010333843819515888
2021-12-01,COPPER,0.007105956575571944
2021-12-01,WTI,0.17522479927850187
2021-12-01,BTC,-0.003404264552502423
2021-12-01,ETH,-0.2011879989030585
2021-12-01,US10Y,0.05561569275891267
2021-12-01,CN10Y,0.04737744933872348
2021-12-02,000300.SH,-0.0030156987364586972
2021-12-02,SPX,0.006723206389896552
2021-12-02,HSI,0.06866782094053937
2021-12-02,N225,0.02622102512551939
2021-12-02,SX5E,0.0013484960730627236
2021-12-02,000688.SH,-0.07698178235059948
2021-12-02,SOX,-0.12128900403401062
2021-12-02,NDX,-0.018175383738859303
2021-12-02,XAU,0.005722531733758584
2021-12-02,COPPER,0.01652499312532894
2021-12-02,WTI,0.18644765645658862
2021-12-02,BTC,-0.026758161147107447
2021-12-02,ETH,-0.16264207423785823
2021-12-02,US10Y,0.058746444667221356
2021-12-02,CN10Y,0.03845992973297812
2021-12-03,000300.SH,0.0023993998993521184
2021-12-03,SPX,-0.007822063361425468
2021-12-03,HSI,0.054447723217744555
2021-12-03,N225,0.03483020771094751
2021-12-03,SX5E,0.02007639672285364
2021-12-03,000688.SH,-0.03213378059336314
2021-12-03,SOX,-0.12055061438643691
2021-12-03,NDX,-0.022942507229048805
2021-12-03,XAU,0.003984963863759837
2021-12-03,COPPER,-0.01743229787947686
2021-12-03,WTI,0.15723545888080864
2021-12-03,BTC,-0.003860817682933025
2021-12-03,ETH,-0.13584361865792943
2021-12-03,US10Y,0.034454421473619185
2021-12-03,CN10Y,0.03315712802152808
2021-12-06,000300.SH,-0.014571922173666827
2021-12-06,SPX,-0.0058142005615284265
2021-12-06,HSI,0.04116184724031102
2021-12-06,N225,0.05034692337511318
2021-12-06,SX5E,0.026706858779769065
2021-12-06,000688.SH,-0.04313555938842756
2021-12-06,SOX,-0.11388531479568109
2021-12-06,NDX,-0.01059473693924597
2021-12-06,XAU,-0.0007290450095515724
2021-12-06,COPPER,-0.02829160155695417
2021-12-06,WTI,0.15986598294135482
2021-12-06,BTC,-0.027344699232174578
2021-12-06,ETH,-0.15068246916872777
2021-12-06,US10Y,0.09889446397387217
2021-12-06,CN10Y,0.018073472515537578
2021-12-07,000300.SH,-0.023412827931418193
2021-12-07,SPX,-0.013659377202905868
2021-12-07,HSI,0.05641074085792345
2021-12-07,N225,0.04976325140891631
2021-12-07,SX5E,0.016562502711993474
2021-12-07,000688.SH,-0.01656593096138706
2021-12-07,SOX,-0.10036879164040177
2021-12-07,NDX,-0.014634170088903341
2021-12-07,XAU,-0.0013666185126163712
2021-12-07,COPPER,-0.0484387440756392
2021-12-07,WTI,0.09361149188497285
2021-12-07,BTC,0.06621757546473098
2021-12-07,ETH,-0.12382012562093767
2021-12-07,US10Y,0.028788959522045736
2021-12-07,CN10Y,0.03091206418362658
2021-12-08,000300.SH,-0.018852734641637673
2021-12-08,SPX,-0.014290638234000659
2021-12-08,HSI,0.04081334796848209
2021-12-08,N225,0.04133379709236859
2021-12-08,SX5E,0.00022329004190181634
2021-12-08,000688.SH,0.004063209650621572
2021-12-08,SOX,-0.08987333944992844
2021-12-08,NDX,-0.011464906683164109
2021-12-08,XAU,0.00019665002081701438
2021-12-08,COPPER,-0.04125216757314117
2021-12-08,WTI,0.04999629110013777
2021-12-08,BTC,0.0888277078749846
2021-12-08,ETH,-0.06759868295283192
2021-12-08,US10Y,-0.005435020195010996
2021-12-08,CN10Y,0.023313195980401394
2021-12-09,000300.SH,-0.036007760741301034
2021-12-09,SPX,-0.007208032656495213
2021-12-09,HSI,0.030815167153920905
2021-12-09,N225,0.021490344373994
2021-12-09,SX5E,0.02276564297233081
2021-12-09,000688.SH,-0.019881715087159954
2021-12-09,SOX,-0.06451043565550496
2021-12-09,NDX,-0.008161053056395385
2021-12-09,XAU,0.017104919545348634
2021-12-09,COPPER,-0.03060208070621515
2021-12-09,WTI,0.0758738785260822
2021-12-09,BTC,0.12570855488818414
2021-12-09,ETH,-0.06437284960310072
2021-12-09,US10Y,-0.07191968182227954
2021-12-09,CN10Y,0.008905101868591156
2021-12-10,000300.SH,-0.06223300481436943
2021-12-10,SPX,-0.015458512563162018
2021-12-10,HSI,0.0016553220498984507
2021-12-10,N225,0.022135138521385017
2021-12-10,SX5E,0.012938157149375247
2021-12-10,000688.SH,-0.045334676485014797
2021-12-10,SOX,-0.05304215764754963
2021-12-10,NDX,-0.011422739116386024
2021-12-10,XAU,0.02047537331331599
2021-12-10,COPPER,-0.04314001858375458
2021-12-10,WTI,0.07936648721434847
2021-12-10,BTC,0.17450420516030607
2021-12-10,ETH,-0.04689693602995703
2021-12-10,US10Y,-0.04370315787509374
2021-12-10,CN10Y,0.010156519706657867
2021-12-13,000300.SH,-0.05772121332175054
2021-12-13,SPX,-0.02923509701336884
2021-12-13,HSI,0.014308408288133364
2021-12-13,N225,0.02438022067524892
2021-12-13,SX5E,0.012416972347001839
2021-12-13,000688.SH,-0.03153787972511619
2021-12-13,SOX,-0.06390540238827654
2021-12-13,NDX,-0.030728943121579297
2021-12-13,XAU,0.020606055399318295
2021-12-13,COPPER,-0.04463420774195856
2021-12-13,WTI,0.08609686150200443
2021-12-13,BTC,0.1730415532695685
2021-12-13,ETH,-0.013491733860005413
2021-12-13,US10Y,-0.0722207313867241
2021-12-13,CN10Y,0.01262513707750399
2021-12-14,000300.SH,-0.06828292213094195
2021-12-14,SPX,-0.030564088063036232
2021-12-14,HSI,0.022956441004817606
2021-12-14,N225,0.010603280548983858
2021-12-14,SX5E,0.014668580268080824
2021-12-14,000688.SH,-0.037307566855097625
2021-12-14,SOX,-0.06993314525248785
2021-12-14,NDX,-0.03259430907423869
2021-12-14,XAU,0.02758438506584323
2021-12-14,COPPER,-0.06372111918794306
2021-12-14,WTI,0.052020776798884796
2021-12-14,BTC,0.14486837277051506
2021-12-14,ETH,-0.012995249875106696
2021-12-14,US10Y,0.029949907148772152
2021-12-14,CN10Y,0.01274665683295444
2021-12-15,000300.SH,-0.05218703874386027
2021-12-15,SPX,-0.021479248679455498
2021-12-15,HSI,0.044352570585601075
2021-12-15,N225,0.034949311983816934
2021-12-15,SX5E,0.024367247977635224
2021-12-15,000688.SH,-0.02547780913025533
2021-12-15,SOX,-0.04571066645814734
2021-12-15,NDX,-0.015072567291360951
2021-12-15,XAU,0.04371486612921157
2021-12-15,COPPER,-0.039890395120248945
2021-12-15,WTI,0.0442573713378808
2021-12-15,BTC,0.04831068641115945
2021-12-15,ETH,-0.08099293454661848
2021-12-15,US10Y,0.018514666708083962
2021-12-15,CN10Y,0.02234393883655761
2021-12-16,000300.SH,-0.042750153685646886
2021-12-16,SPX,-0.032001651734165824
2021-12-16,HSI,0.05943431732286737
2021-12-16,N225,0.04034767103933262
2021-12-16,SX5E,0.029504377634431714
2021-12-16,000688.SH,-0.01811535518911914
2021-12-16,SOX,-0.07445825396946038
2021-12-16,NDX,-0.0328526352912482
2021-12-16,XAU,0.039859518218238715
2021-12-16,COPPER,-0.03204355582764568
2021-12-16,WTI,0.045151691593051074
2021-12-16,BTC,0.06289442676320338
2021-12-16,ETH,-0.10629477369142623
2021-12-16,US10Y,0.04260329160414897
2021-12-16,CN10Y,0.018721085213438314
2021-12-17,000300.SH,-0.0460140667367971
2021-12-17,SPX,-0.018303718534106332
2021-12-17,HSI,0.07145164643662116
2021-12-17,N225,0.019864339087430627
2021-12-17,SX5E,0.02312846797718387
2021-12-17,000688.SH,-0.02335811988333723
2021-12-17,SOX,-0.013224119385414075
2021-12-17,NDX,0.0015092182575157792
2021-12-17,XAU,0.020752975687964192
2021-12-17,COPPER,-0.05378146757384095
2021-12-17,WTI,0.03730145830375311
2021-12-17,BTC,0.0505098007928989
2021-12-17,ETH,-0.14781913710378775
2021-12-17,US10Y,0.062395116284507446
2021-12-17,CN10Y,0.015587606389408195
2021-12-20,000300.SH,-0.030636675361150337
2021-12-20,SPX,-0.016554981305880987
2021-12-20,HSI,0.07814046024123984
2021-12-20,N225,0.03281186968606631
2021-12-20,SX5E,0.02716518201913344
2021-12-20,000688.SH,0.00433995990854151
2021-12-20,SOX,-0.02786981967350484
2021-12-20,NDX,-0.001376120842958948
2021-12-20,XAU,0.030575974037520114
2021-12-20,COPPER,-0.09358390182485148
2021-12-20,WTI,0.00582970930510524
2021-12-20,BTC,0.06029459667205557
2021-12-20,ETH,-0.13689822991707581
2021-12-20,US10Y,0.04962293380743721
2021-12-20,CN10Y,0.018139043248323054
2021-12-21,000300.SH,-0.023757928076765848
2021-12-21,SPX,-0.0017402685808219891
2021-12-21,HSI,0.08548855376109327
2021-12-21,N225,0.050659994138051126
2021-12-21,SX5E,0.03565179579601554
2021-12-21,000688.SH,0.022838319301273544
2021-12-21,SOX,-0.002937664232346062
2021-12-21,NDX,0.01988876261030691
2021-12-21,XAU,0.02986653032055442
2021-12-21,COPPER,-0.07138212301704783
2021-12-21,WTI,0.027700546406022472
2021-12-21,BTC,-0.0022072557522216235
2021-12-21,ETH,-0.20904176154335366
2021-12-21,US10Y,0.02652313879126214
2021-12-21,CN10Y,0.012449360077977506
2021-12-22,000300.SH,-0.01759892754164006
2021-12-22,SPX,-0.011760101376967869
2021-12-22,HSI,0.06974241609851616
2021-12-22,N225,0.03687398103098461
2021-12-22,SX5E,0.02139774833512735
2021-12-22,000688.SH,0.032847274559684794
2021-12-22,SOX,-0.019606971164560772
2021-12-22,NDX,0.012838094540541248
2021-12-22,XAU,0.02456748871368959
2021-12-22,COPPER,-0.04422776955434647
2021-12-22,WTI,-0.012181315198128062
2021-12-22,BTC,0.01553552350051728
2021-12-22,ETH,-0.11078227428229206
2021-12-22,US10Y,-0.018222205899708865
2021-12-22,CN10Y,0.020577038238582986
2021-12-23,000300.SH,-0.010746607233639531
2021-12-23,SPX,-0.02091822075384879
2021-12-23,HSI,0.06313483558689216
2021-12-23,N225,0.03679088181053635
2021-12-23,SX5E,0.010563355474481145
2021-12-23,000688.SH,0.06001549718584779
2021-12-23,SOX,-0.03927971964979242
2021-12-23,NDX,-0.006445028749938171
2021-12-23,XAU,-0.0056968723381473005
2021-12-23,COPPER,-0.04469493219383068
2021-12-23,WTI,-0.016935761911634328
2021-12-23,BTC,0.018574338709136877
2021-12-23,ETH,-0.11992745922939475
2021-12-23,US10Y,0.061160036916309196
2021-12-23,CN10Y,0.014405656377022315
2021-12-28,000300.SH,-0.015253896340720881
2021-12-28,SPX,-0.017630502638523584
2021-12-28,HSI,0.05178411495922939
2021-12-28,N225,0.014420171581667664
2021-12-28,SX5E,-0.009996874931641055
2021-12-28,000688.SH,0.05602850535864748
2021-12-28,SOX,-0.035648513390309416
2021-12-28,NDX,-0.008804011131199193
2021-12-28,XAU,-0.017141685867495204
2021-12-28,COPPER,-0.02169553733469998
2021-12-28,WTI,0.012354562251403703
2021-12-28,BTC,0.010759458529590184
2021-12-28,ETH,-0.0852659505877585
2021-12-28,US10Y,0.05433050035552679
2021-12-28,CN10Y,0.011759659186282469
2021-12-29,000300.SH,-0.016199075428706168
2021-12-29,SPX,-0.03595249149597005
2021-12-29,HSI,0.03789722843278287
2021-12-29,N225,-0.01042589088046375
2021-12-29,SX5E,-0.04834901088153304
2021-12-29,000688.SH,0.06708623543940417
2021-12-29,SOX,-0.05625296295640459
2021-12-29,NDX,-0.024048038361179837
2021-12-29,XAU,-0.00833629793299005
2021-12-29,COPPER,-0.02358962927365836
2021-12-29,WTI,-0.09954690915843434
2021-12-29,BTC,0.1391982601916728
2021-12-29,ETH,0.07660415467249325
2021-12-29,US10Y,-0.006271864639602603
2021-12-29,CN10Y,0.008186292272589539
2021-12-30,000300.SH,-0.010994989041111899
2021-12-30,SPX,-0.0377905422351056
2021-12-30,HSI,0.027367434791844114
2021-12-30,N225,-0.022869532823823733
2021-12-30,SX5E,-0.04952051369121485
2021-12-30,000688.SH,0.07438659009131195
2021-12-30,SOX,-0.03714138804031348
2021-12-30,NDX,-0.015230345788081655
2021-12-30,XAU,-0.013671274333328513
2021-12-30,COPPER,-0.03559179196829245
2021-12-30,WTI,-0.11591745714871456
2021-12-30,BTC,0.1491465446035589
2021-12-30,ETH,0.1215982382806011
2021-12-30,US10Y,-0.04534761214600727
2021-12-30,CN10Y,0.011576639448677796
2022-01-04,000300.SH,-0.01851404409958726
2022-01-04,SPX,-0.04627840892146522
2022-01-04,HSI,0.015765036699550428
2022-01-04,N225,-0.034053791564844636
2022-01-04,SX5E,-0.059165511534479444
2022-01-04,000688.SH,0.06886725920642361
2022-01-04,SOX,-0.03429591705664131
2022-01-04,NDX,-0.019810405461802363
2022-01-04,XAU,-0.022905225963823522
2022-01-04,COPPER,-0.022064122716045777
2022-01-04,WTI,-0.1381127363143837
2022-01-04,BTC,0.16758339465526842
2022-01-04,ETH,0.19260580419643325
2022-01-04,US10Y,-0.07027693670597655
2022-01-04,CN10Y,0.02065560558137387
2022-01-05,000300.SH,-0.01176083493738815
2022-01-05,SPX,-0.05308479351753184
2022-01-05,HSI,0.02096279801015991
2022-01-05,N225,-0.045835381516176665
2022-01-05,SX5E,-0.03753929893456207
2022-01-05,000688.SH,0.06784708810553239
2022-01-05,SOX,-0.04274116217498602
2022-01-05,NDX,-0.017972803242044692
2022-01-05,XAU,-0.017292145188487654
2022-01-05,COPPER,-0.04385064626172376
2022-01-05,WTI,-0.1465623635213766
2022-01-05,BTC,0.24250469817716963
2022-01-05,ETH,0.2088296543549054
2022-01-05,US10Y,-0.1443170907758555
2022-01-05,CN10Y,0.02081228142236549
2022-01-06,000300.SH,-0.003365188045435812
2022-01-06,SPX,-0.02934593539592943
2022-01-06,HSI,0.03653541954265696
2022-01-06,N225,-0.055750128775531656
2022-01-06,SX5E,-0.06882280321866298
2022-01-06,000688.SH,0.06723610022959854
2022-01-06,SOX,-0.025187184213178206
2022-01-06,NDX,0.009347814526432508
2022-01-06,XAU,-0.024159560612985655
2022-01-06,COPPER,-0.029662069344724915
2022-01-06,WTI,-0.14353002292994832
2022-01-06,BTC,0.23203023474547727
2022-01-06,ETH,0.20384042201501854
2022-01-06,US10Y,-0.18806784615383362
2022-01-06,CN10Y,0.01890074763104662
2022-01-07,000300.SH,0.018474192229893244
2022-01-07,SPX,-0.03240667567903863
2022-01-07,HSI,0.031290491661483816
2022-01-07,N225,-0.017258825384540964
2022-01-07,SX5E,-0.05658765296070729
2022-01-07,000688.SH,0.09064020734211577
2022-01-07,SOX,-0.028847349919914667
2022-01-07,NDX,-0.0032741428166853407
2022-01-07,XAU,-0.003500107099907052
2022-01-07,COPPER,-0.014688316118872601
2022-01-07,WTI,-0.17960912213737193
2022-01-07,BTC,0.22080302777004002
2022-01-07,ETH,0.2100910800189339
2022-01-07,US10Y,-0.2528420784473472
2022-01-07,CN10Y,0.017715271541918806
2022-01-11,000300.SH,0.012546733834473495
2022-01-11,SPX,-0.0240744626393165
2022-01-11,HSI,-0.009068059636720409
2022-01-11,N225,-0.02207250205826698
2022-01-11,SX5E,-0.04486450302797382
2022-01-11,000688.SH,0.07110488042657052
2022-01-11,SOX,-0.01203966520083078
2022-01-11,NDX,0.008049721832991272
2022-01-11,XAU,-0.010279921681797668
2022-01-11,COPPER,-0.024547512803557978
2022-01-11,WTI,-0.13091967703791332
2022-01-11,BTC,0.15623592846292816
2022-01-11,ETH,0.25801067249022225
2022-01-11,US10Y,-0.22683217702820208
2022-01-11,CN10Y,-0.0012494559326063405
2022-01-12,000300.SH,0.020973155066794497
2022-01-12,SPX,-0.015907616947147925
2022-01-12,HSI,0.003650385315972721
2022-01-12,N225,0.0057286096332830345
2022-01-12,SX5E,-0.010171876380322919
2022-01-12,000688.SH,0.0650680651636837
2022-01-12,SOX,0.010672319887598081
2022-01-12,NDX,0.017291661414675356
2022-01-12,XAU,-0.023137572910192625
2022-01-12,COPPER,-0.042307853081694075
2022-01-12,WTI,-0.15084411485572044
2022-01-12,BTC,0.0993319109068376
2022-01-12,ETH,0.20055079209548832
2022-01-12,US10Y,-0.19612973615580165
2022-01-12,CN10Y,0.01523187084654615
2022-01-13,000300.SH,0.02765132678555816
2022-01-13,SPX,-0.011498044012002988
2022-01-13,HSI,-0.021400136889138527
2022-01-13,N225,0.0027811785253640427
2022-01-13,SX5E,-0.024632032819700358
2022-01-13,000688.SH,0.06935486779028308
2022-01-13,SOX,0.005228293529090716
2022-01-13,NDX,0.022717008211308905
2022-01-13,XAU,-0.02553757565993335
2022-01-13,COPPER,-0.05493506622782296
2022-01-13,WTI,-0.1472756272553391
2022-01-13,BTC,0.0859130077522263
2022-01-13,ETH,0.20695388530989695
2022-01-13,US10Y,-0.1547354517024802
2022-01-13,CN10Y,0.019414366662689198
2022-01-14,000300.SH,0.05941951203116193
2022-01-14,SPX,-0.0056091263342093085
2022-01-14,HSI,-0.012832968985153615
2022-01-14,N225,0.005697475804713404
2022-01-14,SX5E,-0.03099474893745746
2022-01-14,000688.SH,0.09757584248311389
2022-01-14,SOX,0.003742227433397789
2022-01-14,NDX,0.031595672161317645
2022-01-14,XAU,-0.027588115349719822
2022-01-14,COPPER,-0.05975770464380589
2022-01-14,WTI,-0.16339727735128273
2022-01-14,BTC,0.06025576655954934
2022-01-14,ETH,0.1748401109681283
2022-01-14,US10Y,-0.15495113098272717
2022-01-14,CN10Y,0.02200446514297358
2022-01-18,000300.SH,0.06587379854078723
2022-01-18,SPX,0.009339805851288109
2022-01-18,HSI,-0.017597761969550867
2022-01-18,N225,0.009990580211432466
2022-01-18,SX5E,-0.017675319465891813
2022-01-18,000688.SH,0.08838559357891983
2022-01-18,SOX,-0.0011863060185941538
2022-01-18,NDX,0.04244128241389951
2022-01-18,XAU,-0.019813781760337604
2022-01-18,COPPER,-0.03439661552050889
2022-01-18,WTI,-0.16063762907271914
2022-01-18,BTC,0.07305087904634548
2022-01-18,ETH,0.13942144551242797
2022-01-18,US10Y,-0.194199987326325
2022-01-18,CN10Y,0.01700401597882672
2022-01-19,000300.SH,0.05348030828283664
2022-01-19,SPX,0.020038484855490545
2022-01-19,HSI,-0.007470524554631415
2022-01-19,N225,0.01201901500226921
2022-01-19,SX5E,-0.01658733264035903
2022-01-19,000688.SH,0.07255249176647258
2022-01-19,SOX,0.01934690834819057
2022-01-19,NDX,0.054223250819186594
2022-01-19,XAU,-0.014729603887631832
2022-01-19,COPPER,-0.024696565425217303
2022-01-19,WTI,-0.18696405436354646
2022-01-19,BTC,0.0919935426457455
2022-01-19,ETH,0.16829275454462017
2022-01-19,US10Y,-0.28199071915050045
2022-01-19,CN10Y,0.04049204375707462
2022-01-20,000300.SH,0.051244736047162294
2022-01-20,SPX,0.016486476194525458
2022-01-20,HSI,-0.02510032055364365
2022-01-20,N225,0.02802375674850782
2022-01-20,SX5E,-0.033331012690227896
2022-01-20,000688.SH,0.07775750221995574
2022-01-20,SOX,0.03396738794582459
2022-01-20,NDX,0.04718021169172343
2022-01-20,XAU,-0.039167009563935776
2022-01-20,COPPER,-0.05070076493430414
2022-01-20,WTI,-0.20102762553058914
2022-01-20,BTC,0.12397510663129757
2022-01-20,ETH,0.18873507103104278
2022-01-20,US10Y,-0.25891155698203955
2022-01-20,CN10Y,0.04086804174470042
2022-01-21,000300.SH,0.030804442208279728
2022-01-21,SPX,0.03592762981105066
2022-01-21,HSI,-0.0731210935179025
2022-01-21,N225,0.0154991976709188
2022-01-21,SX5E,-0.04405763418913589
2022-01-21,000688.SH,0.07747913613691287
2022-01-21,SOX,0.09105920028232878
2022-01-21,NDX,0.07501185690559434
2022-01-21,XAU,-0.03653603528600502
2022-01-21,COPPER,-0.08924566287092348
2022-01-21,WTI,-0.19678639161391354
2022-01-21,BTC,0.11787286759189056
2022-01-21,ETH,0.21050448643437428
2022-01-21,US10Y,-0.25604410889968565
2022-01-21,CN10Y,0.04163210933621601
2022-01-24,000300.SH,0.03904600160178656
2022-01-24,SPX,0.030188591978625792
2022-01-24,HSI,-0.08024369814855623
2022-01-24,N225,0.03497429565415236
2022-01-24,SX5E,-0.03059711631348048
2022-01-24,000688.SH,0.0812474923860782
2022-01-24,SOX,0.03556481583399345
2022-01-24,NDX,0.05570756470827769
2022-01-24,XAU,-0.02279627597472347
2022-01-24,COPPER,-0.08948276759135497
2022-01-24,WTI,-0.2313252761702896
2022-01-24,BTC,0.1401634382977831
2022-01-24,ETH,0.26586772118802626
2022-01-24,US10Y,-0.27634041641008383
2022-01-24,CN10Y,0.04802562895976514
2022-01-25,000300.SH,0.022525374105491807
2022-01-25,SPX,0.02086836726749471
2022-01-25,HSI,-0.0778302910934297
2022-01-25,N225,0.013134380224957295
2022-01-25,SX5E,0.004330889375912604
2022-01-25,000688.SH,0.05049193351609615
2022-01-25,SOX,0.024931265825875855
2022-01-25,NDX,0.050222122348687684
2022-01-25,XAU,-0.02693193503614926
2022-01-25,COPPER,-0.06736033241602903
2022-01-25,WTI,-0.23550692103835144
2022-01-25,BTC,0.1297695077424506
2022-01-25,ETH,0.3218370947828561
2022-01-25,US10Y,-0.29033721691701025
2022-01-25,CN10Y,0.059855761311146866
2022-01-26,000300.SH,0.029729144704874817
2022-01-26,SPX,0.021142677756407866
2022-01-26,HSI,-0.08058833164127123
2022-01-26,N225,0.006491787310651026
2022-01-26,SX5E,-0.015038484840890117
2022-01-26,000688.SH,0.04853590850666062
2022-01-26,SOX,0.05207739280325528
2022-01-26,NDX,0.06273869031555322
2022-01-26,XAU,-0.032961509474215396
2022-01-26,COPPER,-0.06220085424409677
2022-01-26,WTI,-0.2614141775523184
2022-01-26,BTC,0.1424195488047307
2022-01-26,ETH,0.33284035799998096
2022-01-26,US10Y,-0.29591690531264914
2022-01-26,CN10Y,0.05214475486332653
2022-01-27,000300.SH,0.027033758947544027
2022-01-27,SPX,0.03320030561992183
2022-01-27,HSI,-0.07707376096280817
2022-01-27,N225,0.03211711006179718
2022-01-27,SX5E,-0.025873827101914902
2022-01-27,000688.SH,0.053459532537035
2022-01-27,SOX,0.06009457434724355
2022-01-27,NDX,0.07690865572559036
2022-01-27,XAU,-0.01960256437450929
2022-01-27,COPPER,-0.06725286164383538
2022-01-27,WTI,-0.2732628537081317
2022-01-27,BTC,0.145242530214171
2022-01-27,ETH,0.30540511841764373
2022-01-27,US10Y,-0.31378586275679904
2022-01-27,CN10Y,0.0433901446770518
2022-01-28,000300.SH,0.04168010413818483
2022-01-28,SPX,0.03736173120087494
2022-01-28,HSI,-0.05805341087872387
2022-01-28,N225,0.05860929830051359
2022-01-28,SX5E,-0.03063771791088954
2022-01-28,000688.SH,0.07549052040363513
2022-01-28,SOX,0.09544835259378806
2022-01-28,NDX,0.08643816295595048
2022-01-28,XAU,-0.0008846641879655531
2022-01-28,COPPER,-0.06420774235996494
2022-01-28,WTI,-0.2757647294313718
2022-01-28,BTC,0.08575782620650381
2022-01-28,ETH,0.25777701214066623
2022-01-28,US10Y,-0.3355945500121279
2022-01-28,CN10Y,0.026579806840926604
2022-02-07,000300.SH,0.059267190078902424
2022-02-07,SPX,0.014945488965559032
2022-02-07,HSI,-0.04626781254922859
2022-02-07,N225,0.04620320506698196
2022-02-07,SX5E,-0.01158375627518652
2022-02-07,000688.SH,0.08325296385929118
2022-02-07,SOX,0.08291881490446734
2022-02-07,NDX,0.05799301675231762
2022-02-07,XAU,0.004474167032342525
2022-02-07,COPPER,-0.050752194353410184
2022-02-07,WTI,-0.27785356909105935
2022-02-07,BTC,0.09011307960295825
2022-02-07,ETH,0.21541574479484793
2022-02-07,US10Y,-0.299857337022079
2022-02-07,CN10Y,0.031730998233295435
2022-02-08,000300.SH,0.06167088251143467
2022-02-08,SPX,0.046753097543426325
2022-02-08,HSI,-0.059469569562774834
2022-02-08,N225,0.05825057663819769
2022-02-08,SX5E,0.02548443215825848
2022-02-08,000688.SH,0.09078570556054205
2022-02-08,SOX,0.11765846182413478
2022-02-08,NDX,0.0990495292623011
2022-02-08,XAU,-0.0078024365771834255
2022-02-08,COPPER,-0.03952675720479112
2022-02-08,WTI,-0.22329829033878285
2022-02-08,BTC,0.004681609992871177
2022-02-08,ETH,0.09269069812226848
2022-02-08,US10Y,-0.292475332191537
2022-02-08,CN10Y,0.025547392261634133
2022-02-09,000300.SH,0.05380748589878694
2022-02-09,SPX,0.042863586306612377
2022-02-09,HSI,-0.05570765985667274
2022-02-09,N225,0.05216657932544582
2022-02-09,SX5E,0.019857158540313592
2022-02-09,000688.SH,0.10653834018108516
2022-02-09,SOX,0.10013110870037181
2022-02-09,NDX,0.09062446760913477
2022-02-09,XAU,-0.01108675037480602
2022-02-09,COPPER,-0.035434853792985374
2022-02-09,WTI,-0.18791083473082748
2022-02-09,BTC,-0.006364652507400245
2022-02-09,ETH,0.07468869546769016
2022-02-09,US10Y,-0.26617448867200444
2022-02-09,CN10Y,0.02200181790525535
2022-02-10,000300.SH,0.05654119445136314
2022-02-10,SPX,0.03357882263631881
2022-02-10,HSI,-0.06777910422066455
2022-02-10,N225,0.04424698543041064
2022-02-10,SX5E,0.0127333519026365
2022-02-10,000688.SH,0.1196433259498372
2022-02-10,SOX,0.0728751461924832
2022-02-10,NDX,0.07652268892500001
2022-02-10,XAU,-0.007956689532580823
2022-02-10,COPPER,-0.06812215001691331
2022-02-10,WTI,-0.17417490480221712
2022-02-10,BTC,0.035655627836423856
2022-02-10,ETH,0.10504975508842739
2022-02-10,US10Y,-0.2520160522773551
2022-02-10,CN10Y,0.01320200243682974
2022-02-14,000300.SH,0.053043666687522494
2022-02-14,SPX,0.043217830765812204
2022-02-14,HSI,-0.07229106317947499
2022-02-14,N225,0.052052990533220704
2022-02-14,SX5E,0.018919015206417797
2022-02-14,000688.SH,0.12446944943594918
2022-02-14,SOX,0.09912207120950736
2022-02-14,NDX,0.07716798368365224
2022-02-14,XAU,-0.006527625754584841
2022-02-14,COPPER,-0.06468822418574267
2022-02-14,WTI,-0.192081489191998
2022-02-14,BTC,-0.027549702783845324
2022-02-14,ETH,0.11252005655341696
2022-02-14,US10Y,-0.23488557556586825
2022-02-14,CN10Y,0.017510616586014778
2022-02-15,000300.SH,0.06102731356424956
2022-02-15,SPX,0.046878020842587104
2022-02-15,HSI,-0.07590509966692675
2022-02-15,N225,0.07005302947861929
2022-02-15,SX5E,0.05740276589727082
2022-02-15,000688.SH,0.1176117548176082
2022-02-15,SOX,0.10819559950091032
2022-02-15,NDX,0.07451650224158687
2022-02-15,XAU,-0.03354738657201496
2022-02-15,COPPER,-0.0486106645221011
2022-02-15,WTI,-0.2408331627099468
2022-02-15,BTC,-0.046596677402502035
2022-02-15,ETH,0.09484011566812223
2022-02-15,US10Y,-0.1845502174620529
2022-02-15,CN10Y,-0.00048189367541013814
2022-02-16,000300.SH,0.04789785933387858
2022-02-16,SPX,0.04483932056650075
2022-02-16,HSI,-0.04912013462839997
2022-02-16,N225,0.05877721269567017
2022-02-16,SX5E,0.034525432086669916
2022-02-16,000688.SH,0.08759620220922008
2022-02-16,SOX,0.09139211612552206
2022-02-16,NDX,0.06799976546201805
2022-02-16,XAU,-0.033520758843812344
2022-02-16,COPPER,-0.046913198816367
2022-02-16,WTI,-0.15389288424720254
2022-02-16,BTC,-0.04008601750661023
2022-02-16,ETH,0.052285739153561696
2022-02-16,US10Y,-0.17136902295974982
2022-02-16,CN10Y,0.009588369369100125
2022-02-17,000300.SH,0.04654957410464968
2022-02-17,SPX,0.04403771251952393
2022-02-17,HSI,-0.043477107353639834
2022-02-17,N225,0.037008133327914444
2022-02-17,SX5E,0.03551277495943526
2022-02-17,000688.SH,0.08267569719792581
2022-02-17,SOX,0.06794600174488186
2022-02-17,NDX,0.06272117150725309
2022-02-17,XAU,-0.03880866500804377
2022-02-17,COPPER,-0.02918862719210363
2022-02-17,WTI,-0.13667428918908264
2022-02-17,BTC,-0.038124125168270274
2022-02-17,ETH,0.033406823650847794
2022-02-17,US10Y,-0.13590455903672544
2022-02-17,CN10Y,0.012319483935433318
2022-02-18,000300.SH,0.030919559585506354
2022-02-18,SPX,0.05652581661697228
2022-02-18,HSI,-0.047593101909019775
2022-02-18,N225,0.02658956848360726
2022-02-18,SX5E,0.02259111716093855
2022-02-18,000688.SH,0.05723671809499602
2022-02-18,SOX,0.09344804747686736
2022-02-18,NDX,0.08791143184384528
2022-02-18,XAU,-0.041532290726403624
2022-02-18,COPPER,-0.0360591682579845
2022-02-18,WTI,-0.1303744645386106
2022-02-18,BTC,-0.0033773982512818324
2022-02-18,ETH,0.03148799385046635
2022-02-18,US10Y,-0.15258934697663815
2022-02-18,CN10Y,0.004815517546738671
2022-02-22,000300.SH,0.02950080499432913
2022-02-22,SPX,0.0523710702817676
2022-02-22,HSI,-0.010516189646913447
2022-02-22,N225,0.04350294833051748
2022-02-22,SX5E,0.028126096366662037
2022-02-22,000688.SH,0.06933070431735672
2022-02-22,SOX,0.08611759718181011
2022-02-22,NDX,0.08629034888899526
2022-02-22,XAU,-0.040788397748798756
2022-02-22,COPPER,-0.033728783879575175
2022-02-22,WTI,-0.14818975905180956
2022-02-22,BTC,-0.027490930914459203
2022-02-22,ETH,0.03521411655832652
2022-02-22,US10Y,-0.16571131009041556
2022-02-22,CN10Y,-0.004028315587793485
2022-02-24,000300.SH,0.029292920021183548
2022-02-24,SPX,0.04831150057416419
2022-02-24,HSI,0.022106896665347348
2022-02-24,N225,0.05443461569414357
2022-02-24,SX5E,0.050308927111056174
2022-02-24,000688.SH,0.07077916719625803
2022-02-24,SOX,0.06597104089769884
2022-02-24,NDX,0.0690967451502997
2022-02-24,XAU,-0.04186700981466044
2022-02-24,COPPER,-0.03485441533936078
2022-02-24,WTI,-0.16656930003259224
2022-02-24,BTC,-0.0014429868456835547
2022-02-24,ETH,0.0493559045942488
2022-02-24,US10Y,-0.19996202971062682
2022-02-24,CN10Y,-0.014961976161476645
2022-02-25,000300.SH,0.027639056731185052
2022-02-25,SPX,0.04635360737715855
2022-02-25,HSI,0.04185426846080699
2022-02-25,N225,0.056834001719191285
2022-02-25,SX5E,0.07394554440367143
2022-02-25,000688.SH,0.05446354937796125
2022-02-25,SOX,0.06516617056760121
2022-02-25,NDX,0.0612681152173783
2022-02-25,XAU,-0.04775353480798873
2022-02-25,COPPER,-0.06345590227616839
2022-02-25,WTI,-0.1640856329630672
2022-02-25,BTC,-0.02212246839707084
2022-02-25,ETH,0.05050274977561333
2022-02-25,US10Y,-0.1787908007496568
2022-02-25,CN10Y,-0.0018187244366157027
2022-02-28,000300.SH,0.04259448706601091
2022-02-28,SPX,0.01818845150475855
2022-02-28,HSI,0.0461846693583093
2022-02-28,N225,0.05024265155900602
2022-02-28,SX5E,0.044374823918688085
2022-02-28,000688.SH,0.06276930019793225
2022-02-28,SOX,0.02911710711597967
2022-02-28,NDX,0.03580261020045042
2022-02-28,XAU,-0.041208021853138106
2022-02-28,COPPER,-0.0496016442448272
2022-02-28,WTI,-0.11182873782525107
2022-02-28,BTC,-0.012939980101597954
2022-02-28,ETH,0.00446792424099348
2022-02-28,US10Y,-0.10400211361912728
2022-02-28,CN10Y,-0.014161527518187382
2022-03-01,000300.SH,0.03978317647291508
2022-03-01,SPX,0.023710608092289635
2022-03-01,HSI,0.0582257687761229
2022-03-01,N225,0.029810278376196517
2022-03-01,SX5E,0.06959888692016009
2022-03-01,000688.SH,0.04978172317906364
2022-03-01,SOX,0.029535012198270937
2022-03-01,NDX,0.037700264258476834
2022-03-01,XAU,-0.03606292569926771
2022-03-01,COPPER,-0.025591744330573346
2022-03-01,WTI,-0.13980757902607685
2022-03-01,BTC,-0.081934568758693
2022-03-01,ETH,-0.012448587266299608
2022-03-01,US10Y,-0.026013619995478077
2022-03-01,CN10Y,-0.016286693197107474
2022-03-02,000300.SH,0.04252034607583295
2022-03-02,SPX,0.032560773576649764
2022-03-02,HSI,0.0933491359556365
2022-03-02,N225,0.03222990726846384
2022-03-02,SX5E,0.12106406032374756
2022-03-02,000688.SH,0.047216855068686725
2022-03-02,SOX,0.041888067205411425
2022-03-02,NDX,0.04614897654709278
2022-03-02,XAU,-0.05581785756751491
2022-03-02,COPPER,-0.016567825851295476
2022-03-02,WTI,-0.24669708570045798
2022-03-02,BTC,-0.1179648366642535
2022-03-02,ETH,-0.03654096408896504
2022-03-02,US10Y,0.043808820771772006
2022-03-02,CN10Y,-0.027198372920807134
2022-03-03,000300.SH,0.053450332965670304
2022-03-03,SPX,0.020994452860798252
2022-03-03,HSI,0.1282605216574991
2022-03-03,N225,0.0565439545411845
2022-03-03,SX5E,0.11170224105870283
2022-03-03,000688.SH,0.05591632292210529
2022-03-03,SOX,0.039887473357852934
2022-03-03,NDX,0.03471783320425548
2022-03-03,XAU,-0.047196314276241436
2022-03-03,COPPER,-0.013101656876268193
2022-03-03,WTI,-0.23698273038979273
2022-03-03,BTC,-0.11186848595906017
2022-03-03,ETH,-0.04287956471143958
2022-03-03,US10Y,-0.01464362255025705
2022-03-03,CN10Y,-0.034800757805010164
2022-03-04,000300.SH,0.05925822113322266
2022-03-04,SPX,0.026512470007992117
2022-03-04,HSI,0.10784309963952149
2022-03-04,N225,0.04973599394882001
2022-03-04,SX5E,0.08885000177505814
2022-03-04,000688.SH,0.08478814085542549
2022-03-04,SOX,0.0693972533990099
2022-03-04,NDX,0.051077212700487505
2022-03-04,XAU,-0.04702060864401137
2022-03-04,COPPER,-0.052298796043901655
2022-03-04,WTI,-0.21782810653598442
2022-03-04,BTC,-0.0815256533229296
2022-03-04,ETH,-0.06807397563919082
2022-03-04,US10Y,-0.018590859890057237
2022-03-04,CN10Y,-0.05212439338346276
2022-03-07,000300.SH,0.04395572893581402
2022-03-07,SPX,0.013621691507914917
2022-03-07,HSI,0.10861278822608024
2022-03-07,N225,0.04844490978877597
2022-03-07,SX5E,0.13587567478471885
2022-03-07,000688.SH,0.06263736035413016
2022-03-07,SOX,0.037741025002957215
2022-03-07,NDX,0.029142279307101115
2022-03-07,XAU,-0.06211570589457582
2022-03-07,COPPER,-0.08550536678715642
2022-03-07,WTI,-0.27975629252319856
2022-03-07,BTC,-0.027411917736312876
2022-03-07,ETH,-0.030516490928104878
2022-03-07,US10Y,0.043434568442071456
2022-03-07,CN10Y,-0.03816025248021587
2022-03-08,000300.SH,0.07397937693524119
2022-03-08,SPX,0.023632530609305417
2022-03-08,HSI,0.13581536224894766
2022-03-08,N225,0.06056149316576664
2022-03-08,SX5E,0.15303612446185458
2022-03-08,000688.SH,0.0804776047602757
2022-03-08,SOX,0.06759740023297933
2022-03-08,NDX,0.045156595329412214
2022-03-08,XAU,-0.09173467845852552
2022-03-08,COPPER,-0.0696806528525189
2022-03-08,WTI,-0.3315384855983531
2022-03-08,BTC,-0.06565018930913685
2022-03-08,ETH,-0.06530383025056971
2022-03-08,US10Y,0.018052028537093104
2022-03-08,CN10Y,-0.03440067981177204
2022-03-09,000300.SH,0.08087529422934643
2022-03-09,SPX,0.03870044421913493
2022-03-09,HSI,0.13824054444927858
2022-03-09,N225,0.055300404682102115
2022-03-09,SX5E,0.17157447871492482
2022-03-09,000688.SH,0.087698210218463
2022-03-09,SOX,0.027690413579950772
2022-03-09,NDX,0.054373220005679866
2022-03-09,XAU,-0.1306218286907126
2022-03-09,COPPER,-0.056219912707924494
2022-03-09,WTI,-0.3412446804932266
2022-03-09,BTC,-0.029113480936217538
2022-03-09,ETH,-0.05272880200832307
2022-03-09,US10Y,-0.014310505243418932
2022-03-09,CN10Y,-0.030213800019057702
2022-03-10,000300.SH,0.08044005916853826
2022-03-10,SPX,0.042282864693160435
2022-03-10,HSI,0.13861531326569498
2022-03-10,N225,0.08297533917409737
2022-03-10,SX5E,0.09118797750602123
2022-03-10,000688.SH,0.08725234042464505
2022-03-10,SOX,0.01662339349804881
2022-03-10,NDX,0.05711650011017191
2022-03-10,XAU,-0.10447851339562468
2022-03-10,COPPER,-0.047755772248736096
2022-03-10,WTI,-0.21619886717195527
2022-03-10,BTC,-0.07944376900089567
2022-03-10,ETH,-0.03758646392379845
2022-03-10,US10Y,-0.06400446631163134
2022-03-10,CN10Y,-0.04702593578773702
2022-03-11,000300.SH,0.06275645651817423
2022-03-11,SPX,0.02592890326732281
2022-03-11,HSI,0.1413171128611594
2022-03-11,N225,0.038705107127769936
2022-03-11,SX5E,0.0938081443636772
2022-03-11,000688.SH,0.053345790368191655
2022-03-11,SOX,0.013591952793830585
2022-03-11,NDX,0.03536014019942746
2022-03-11,XAU,-0.09629187325390143
2022-03-11,COPPER,-0.06057402182064055
2022-03-11,WTI,-0.2022789470523843
2022-03-11,BTC,-0.0008737938705048812
2022-03-11,ETH,0.044590630812307394
2022-03-11,US10Y,-0.10126598949596877
2022-03-11,CN10Y,-0.04811961281846078
2022-03-14,000300.SH,0.05146170774302937
2022-03-14,SPX,0.041989622269955854
2022-03-14,HSI,0.14303719572967638
2022-03-14,N225,0.0564450487029468
2022-03-14,SX5E,0.08140734017460538
2022-03-14,000688.SH,0.020112302024903755
2022-03-14,SOX,0.047316628413438276
2022-03-14,NDX,0.06169818053115581
2022-03-14,XAU,-0.08811784044572883
2022-03-14,COPPER,-0.06137923441646402
2022-03-14,WTI,-0.2567895765479249
2022-03-14,BTC,0.002350552741350655
2022-03-14,ETH,0.030096728544718128
2022-03-14,US10Y,-0.10108454633548557
2022-03-14,CN10Y,-0.028544109130177114
2022-03-15,000300.SH,0.08263102571679848
2022-03-15,SPX,0.047326447023438696
2022-03-15,HSI,0.1989565929967413
2022-03-15,N225,0.048566983825471276
2022-03-15,SX5E,0.07123247365889224
2022-03-15,000688.SH,0.04700464906875945
2022-03-15,SOX,0.07587055610477737
2022-03-15,NDX,0.08002790606237666
2022-03-15,XAU,-0.06564994532381646
2022-03-15,COPPER,-0.018920699246768823
2022-03-15,WTI,-0.21301235904030136
2022-03-15,BTC,-0.08062766543550437
2022-03-15,ETH,-0.03396984250026791
2022-03-15,US10Y,-0.21978941771573765
2022-03-15,CN10Y,-0.019646705194858793
2022-03-16,000300.SH,0.12557966976012935
2022-03-16,SPX,0.007960793825347048
2022-03-16,HSI,0.2599091025660395
2022-03-16,N225,0.051590755403210696
2022-03-16,SX5E,0.06960813793727859
2022-03-16,000688.SH,0.057846142668644566
2022-03-16,SOX,0.00044764643893620976
2022-03-16,NDX,0.02502778744879855
2022-03-16,XAU,-0.050924413958132644
2022-03-16,COPPER,-0.018608062671022302
2022-03-16,WTI,-0.13761183807638233
2022-03-16,BTC,-0.0868180150954932
2022-03-16,ETH,-0.0936975218122135
2022-03-16,US10Y,-0.173513418846479
2022-03-16,CN10Y,-0.03679676558866142
2022-03-17,000300.SH,0.08565160388603343
2022-03-17,SPX,-0.004356046035134797
2022-03-17,HSI,0.19158149322400267
2022-03-17,N225,0.03871271549488019
2022-03-17,SX5E,0.028559089833156415
2022-03-17,000688.SH,0.0324786569973157
2022-03-17,SOX,-0.025768542329379553
2022-03-17,NDX,0.0028248471280505685
2022-03-17,XAU,-0.029724096178411506
2022-03-17,COPPER,-0.04355521875489687
2022-03-17,WTI,-0.05563980092886727
2022-03-17,BTC,-0.0353467395877312
2022-03-17,ETH,-0.03180751496537881
2022-03-17,US10Y,-0.1523667747187474
2022-03-17,CN10Y,-0.0012436730648915633
2022-03-18,000300.SH,0.08082565291304918
2022-03-18,SPX,0.0007104942110105154
2022-03-18,HSI,0.12225727364507932
2022-03-18,N225,-0.0009781665947914409
2022-03-18,SX5E,0.05310978774072138
2022-03-18,000688.SH,0.048848032427039514
2022-03-18,SOX,0.02446806245280723
2022-03-18,NDX,0.018995818108067344
2022-03-18,XAU,-0.04807917111128407
2022-03-18,COPPER,-0.05436002568672072
2022-03-18,WTI,-0.1658297089495369
2022-03-18,BTC,0.014163214778605451
2022-03-18,ETH,0.0394695724922063
2022-03-18,US10Y,-0.1316895987930956
2022-03-18,CN10Y,-0.0019112376331574562
2022-03-22,000300.SH,0.0829687734070637
2022-03-22,SPX,-0.0036904164664502788
2022-03-22,HSI,0.14973737687761818
2022-03-22,N225,0.020075234991093524
2022-03-22,SX5E,0.0532280449591015
2022-03-22,000688.SH,0.04728463292779817
2022-03-22,SOX,0.018503220661538478
2022-03-22,NDX,0.005197606510157162
2022-03-22,XAU,-0.028046631494394795
2022-03-22,COPPER,-0.05260998259166218
2022-03-22,WTI,-0.18973005598426895
2022-03-22,BTC,0.0007591587077567016
2022-03-22,ETH,0.006313579478324945
2022-03-22,US10Y,-0.10390766261292361
2022-03-22,CN10Y,-0.006082879370752569
2022-03-23,000300.SH,0.10415966299181639
2022-03-23,SPX,-0.011244486758073378
2022-03-23,HSI,0.15741945687125136
2022-03-23,N225,0.016743013317274184
2022-03-23,SX5E,0.062254006009763316
2022-03-23,000688.SH,0.07986642935586008
2022-03-23,SOX,0.029526664099446154
2022-03-23,NDX,-0.007795775836346757
2022-03-23,XAU,-0.011732239043056827
2022-03-23,COPPER,-0.03549050438542214
2022-03-23,WTI,-0.21982618395590622
2022-03-23,BTC,0.0011197431488262355
2022-03-23,ETH,0.04898506128799979
2022-03-23,US10Y,-0.19384189062043847
2022-03-23,CN10Y,-0.02014295648299392
2022-03-24,000300.SH,0.10959446298160232
2022-03-24,SPX,0.00289411349244849
2022-03-24,HSI,0.13599434022413068
2022-03-24,N225,-0.010137850293579168
2022-03-24,SX5E,0.07489864086609152
2022-03-24,000688.SH,0.07373059315423519
2022-03-24,SOX,0.0626003029496594
2022-03-24,NDX,0.006909692508465492
2022-03-24,XAU,-0.023340671287869152
2022-03-24,COPPER,-0.03721237404682604
2022-03-24,WTI,-0.2539664826587875
2022-03-24,BTC,0.009796417576340076
2022-03-24,ETH,0.035187838261712
2022-03-24,US10Y,-0.1741653071168348
2022-03-24,CN10Y,-0.012783716610788665
2022-03-25,000300.SH,0.10726678904664273
2022-03-25,SPX,-0.008131380802003521
2022-03-25,HSI,0.12596460599687986
2022-03-25,N225,-0.026632679499697533
2022-03-25,SX5E,0.06598561203294831
2022-03-25,000688.SH,0.07291590099347148
2022-03-25,SOX,0.03156234449117108
2022-03-25,NDX,-0.0072558319003643915
2022-03-25,XAU,-0.030041977032548295
2022-03-25,COPPER,-0.01443827993060782
2022-03-25,WTI,-0.19647797620775354
2022-03-25,BTC,-0.01117185736175749
2022-03-25,ETH,0.027983637328589387
2022-03-25,US10Y,-0.142999661471736
2022-03-25,CN10Y,0.005470754316765471
2022-03-28,000300.SH,0.11681510721008273
2022-03-28,SPX,-0.014603026046336263
2022-03-28,HSI,0.1264115893743587
2022-03-28,N225,-0.044328782663781964
2022-03-28,SX5E,0.027590361433859154
2022-03-28,000688.SH,0.12473259942619444
2022-03-28,SOX,0.05142419773438832
2022-03-28,NDX,0.004049971321658351
2022-03-28,XAU,-0.027253315734615702
2022-03-28,COPPER,-0.004907966554144634
2022-03-28,WTI,-0.1900842056920783
2022-03-28,BTC,-0.007483223562942028
2022-03-28,ETH,0.02761719090638788
2022-03-28,US10Y,-0.18706293586086176
2022-03-28,CN10Y,-0.002917561292169203
2022-03-29,000300.SH,0.13004606327438226
2022-03-29,SPX,-0.006131724018663403
2022-03-29,HSI,0.10381533307961086
2022-03-29,N225,-0.02246638956625641
2022-03-29,SX5E,0.05392828240815972
2022-03-29,000688.SH,0.15773594757218287
2022-03-29,SOX,0.04732117064117763
2022-03-29,NDX,-0.0046623114724677695
2022-03-29,XAU,-0.017512487359943013
2022-03-29,COPPER,-0.023846991192276273
2022-03-29,WTI,-0.13284277151048055
2022-03-29,BTC,-0.07173403458648564
2022-03-29,ETH,-0.01583638063526601
2022-03-29,US10Y,-0.19187501994584352
2022-03-29,CN10Y,-0.005938686687830968
2022-03-30,000300.SH,0.13691746068820695
2022-03-30,SPX,-0.02117557958519114
2022-03-30,HSI,0.09385363212934668
2022-03-30,N225,-0.03110258659686716
2022-03-30,SX5E,0.012984375114094844
2022-03-30,000688.SH,0.17588723186474275
2022-03-30,SOX,0.0183064702718552
2022-03-30,NDX,-0.01786859780133946
2022-03-30,XAU,-0.008073244998960515
2022-03-30,COPPER,-0.02714308169895877
2022-03-30,WTI,-0.11374536636151733
2022-03-30,BTC,0.019003767905781135
2022-03-30,ETH,0.014520845458783061
2022-03-30,US10Y,-0.24782039656841265
2022-03-30,CN10Y,-0.004544929821563761
2022-03-31,000300.SH,0.11469915798795749
2022-03-31,SPX,-0.032937422900403544
2022-03-31,HSI,0.07974435198960582
2022-03-31,N225,-0.013211395419839254
2022-03-31,SX5E,-0.018831235487227517
2022-03-31,000688.SH,0.1357984245638324
2022-03-31,SOX,0.008960158504485397
2022-03-31,NDX,-0.026468993039095653
2022-03-31,XAU,0.004495447171070043
2022-03-31,COPPER,-0.014092716676409116
2022-03-31,WTI,-0.030552165065743205
2022-03-31,BTC,0.04620111349356114
2022-03-31,ETH,0.024188873226363112
2022-03-31,US10Y,-0.2884812773340652
2022-03-31,CN10Y,0.010487678985907967
2022-04-01,000300.SH,0.09968685933206606
2022-04-01,SPX,-0.017830502504449473
2022-04-01,HSI,0.04902631161975653
2022-04-01,N225,-0.03880989439756665
2022-04-01,SX5E,-0.007764330252003444
2022-04-01,000688.SH,0.13509340541423592
2022-04-01,SOX,0.026025410353797532
2022-04-01,NDX,-0.019288486975946595
2022-04-01,XAU,-0.006772549195946368
2022-04-01,COPPER,-0.004658602938709781
2022-04-01,WTI,0.055135500346076505
2022-04-01,BTC,-0.00038668947777399914
2022-04-01,ETH,-0.0488643146563732
2022-04-01,US10Y,-0.2288837248062296
2022-04-01,CN10Y,0.00829160813906655
2022-04-06,000300.SH,0.08699652693234443
2022-04-06,SPX,-0.016774174817909333
2022-04-06,HSI,0.062077497661828504
2022-04-06,N225,-0.01878305817512764
2022-04-06,SX5E,-0.023831482385470986
2022-04-06,000688.SH,0.1259431941034936
2022-04-06,SOX,0.0417922741784698
2022-04-06,NDX,-0.022783556689504218
2022-04-06,XAU,0.004457565073561479
2022-04-06,COPPER,0.0323235220693184
2022-04-06,WTI,0.056205453196032935
2022-04-06,BTC,-0.015211434474499243
2022-04-06,ETH,-0.09136270868625591
2022-04-06,US10Y,-0.23945141481490084
2022-04-06,CN10Y,0.018401796828618908
2022-04-07,000300.SH,0.07472132216778707
2022-04-07,SPX,-0.009471009782817723
2022-04-07,HSI,0.0282264020677906
2022-04-07,N225,-0.030544801009927305
2022-04-07,SX5E,-0.04928018151754118
2022-04-07,000688.SH,0.14551763959732789
2022-04-07,SOX,0.06991892582990472
2022-04-07,NDX,-0.012261628994635922
2022-04-07,XAU,0.022553235933843455
2022-04-07,COPPER,0.06319553464405003
2022-04-07,WTI,0.15649502662380818
2022-04-07,BTC,-0.020544108596050686
2022-04-07,ETH,-0.07623083700908478
2022-04-07,US10Y,-0.38066506066033745
2022-04-07,CN10Y,0.018369540705882915
2022-04-08,000300.SH,0.06230266322780226
2022-04-08,SPX,-0.030260525401201378
2022-04-08,HSI,0.011760284346458778
2022-04-08,N225,-0.03342894905769842
2022-04-08,SX5E,-0.043973897675568474
2022-04-08,000688.SH,0.14551892779429634
2022-04-08,SOX,0.04599540015027648
2022-04-08,NDX,-0.035506113008147086
2022-04-08,XAU,0.032813677862511534
2022-04-08,COPPER,0.03861366602384217
2022-04-08,WTI,0.21983773099229253
2022-04-08,BTC,-0.011241363527550794
2022-04-08,ETH,-0.08243785612948462
2022-04-08,US10Y,-0.3474573146499924
2022-04-08,CN10Y,0.02746366905216272
2022-04-11,000300.SH,0.034271534578321265
2022-04-11,SPX,-0.03977467869469393
2022-04-11,HSI,-0.009451392712005798
2022-04-11,N225,-0.057873730000220704
2022-04-11,SX5E,-0.06534767261026857
2022-04-11,000688.SH,0.123224494271852
2022-04-11,SOX,0.07862529923289409
2022-04-11,NDX,-0.03171487944671106
2022-04-11,XAU,0.05306536130525808
2022-04-11,COPPER,0.02387210086480992
2022-04-11,WTI,0.24282564830287817
2022-04-11,BTC,0.018240744497751843
2022-04-11,ETH,-0.061826278571144644
2022-04-11,US10Y,-0.3355203206658118
2022-04-11,CN10Y,0.02738376964709083
2022-04-12,000300.SH,0.03911248491613768
2022-04-12,SPX,-0.0202319043692603
2022-04-12,HSI,-0.014494594067271695
2022-04-12,N225,-0.07324246278549061
2022-04-12,SX5E,-0.008615879988258789
2022-04-12,000688.SH,0.13730771127234076
2022-04-12,SOX,0.09097249429495903
2022-04-12,NDX,-0.0035295180639507463
2022-04-12,XAU,0.02020700571432956
2022-04-12,COPPER,0.0008907235247761561
2022-04-12,WTI,0.12802595189551977
2022-04-12,BTC,0.08295308688245889
2022-04-12,ETH,-0.051378058802736326
2022-04-12,US10Y,-0.3537574679783938
2022-04-12,CN10Y,0.025780427554840092
2022-04-13,000300.SH,0.04101065284142624
2022-04-13,SPX,-0.01285203273486154
2022-04-13,HSI,0.002267087701603795
2022-04-13,N225,-0.009453441830229097
2022-04-13,SX5E,-0.029180064621844044
2022-04-13,000688.SH,0.1582016563213322
2022-04-13,SOX,0.08936748638371578
2022-04-13,NDX,0.00028219374787333273
2022-04-13,XAU,0.016262966368166445
2022-04-13,COPPER,0.0036731105922793075
2022-04-13,WTI,0.038765372607363534
2022-04-13,BTC,0.03898437551807039
2022-04-13,ETH,-0.06982823247844179
2022-04-13,US10Y,-0.29541066549636563
2022-04-13,CN10Y,0.02790953507991075
2022-04-14,000300.SH,0.061359872386656154
2022-04-14,SPX,-0.026019561844375542
2022-04-14,HSI,-0.003716582499690998
2022-04-14,N225,-0.04041978249952735
2022-04-14,SX5E,-0.0083372865783208
2022-04-14,000688.SH,0.202012079988587
2022-04-14,SOX,0.06807235284557776
2022-04-14,NDX,-0.025978883433813854
2022-04-14,XAU,0.005340283631270057
2022-04-14,COPPER,0.004511083373706547
2022-04-14,WTI,0.04562243091286853
2022-04-14,BTC,0.033576555945224906
2022-04-14,ETH,-0.06450983510117472
2022-04-14,US10Y,-0.2615440925065881
2022-04-14,CN10Y,0.010031365379600083
2022-04-19,000300.SH,0.022396461130134354
2022-04-19,SPX,-0.013579174699967706
2022-04-19,HSI,-0.05369417439649997
2022-04-19,N225,-0.041072387359658694
2022-04-19,SX5E,0.007902401136072521
2022-04-19,000688.SH,0.16477267036852336
2022-04-19,SOX,0.08310006438459164
2022-04-19,NDX,-0.01193982048979439
2022-04-19,XAU,-0.012818696760008049
2022-04-19,COPPER,-0.017047411075108834
2022-04-19,WTI,-0.03686645765620793
2022-04-19,BTC,0.11467920240251772
2022-04-19,ETH,0.01823519296402536
2022-04-19,US10Y,-0.22578453128841408
2022-04-19,CN10Y,0.0017166613397943183
2022-04-20,000300.SH,-0.002473029078036558
2022-04-20,SPX,0.002231475712891921
2022-04-20,HSI,-0.07589656529740696
2022-04-20,N225,-0.02461609842028617
2022-04-20,SX5E,0.021144143538658317
2022-04-20,000688.SH,0.1281195865984381
2022-04-20,SOX,0.10725561710982807
2022-04-20,NDX,0.010959278834694166
2022-04-20,XAU,-0.017616790217235945
2022-04-20,COPPER,-0.0058962170069223815
2022-04-20,WTI,-0.058822563978592084
2022-04-20,BTC,0.10304767851463703
2022-04-20,ETH,0.054434232757956516
2022-04-20,US10Y,-0.2422247433761278
2022-04-20,CN10Y,0.0003539943075033733
2022-04-21,000300.SH,0.03626570981345757
2022-04-21,SPX,-0.0014874361843982805
2022-04-21,HSI,-0.014904070280277258
2022-04-21,N225,-0.03765806841406483
2022-04-21,SX5E,0.017481474637265782
2022-04-21,000688.SH,0.15614041817166435
2022-04-21,SOX,0.10315242331111295
2022-04-21,NDX,0.0257473839343711
2022-04-21,XAU,-0.016615884984463637
2022-04-21,COPPER,0.00789097742953318
2022-04-21,WTI,-0.0727346188643828
2022-04-21,BTC,0.058949929797056475
2022-04-21,ETH,-0.009778591948141586
2022-04-21,US10Y,-0.23966386524904998
2022-04-21,CN10Y,-0.012785781169683362
2022-04-22,000300.SH,0.05912519638176575
2022-04-22,SPX,0.0068743225671600355
2022-04-22,HSI,0.04155590755278258
2022-04-22,N225,-0.031185178094158578
2022-04-22,SX5E,-0.009790274117995563
2022-04-22,000688.SH,0.17374643644853915
2022-04-22,SOX,0.09680350078305168
2022-04-22,NDX,0.031362464568887666
2022-04-22,XAU,-0.005232503319318708
2022-04-22,COPPER,0.00556369433436597
2022-04-22,WTI,-0.030830699523493547
2022-04-22,BTC,0.011266380770526123
2022-04-22,ETH,-0.056575587305402936
2022-04-22,US10Y,-0.2790213211974774
2022-04-22,CN10Y,-0.013662339849232487
2022-04-25,000300.SH,0.04862276641719677
2022-04-25,SPX,0.030335777540985633
2022-04-25,HSI,0.017175625670505075
2022-04-25,N225,-0.021326574835571988
2022-04-25,SX5E,0.002112082021052281
2022-04-25,000688.SH,0.1790033713249866
2022-04-25,SOX,0.1061071779000484
2022-04-25,NDX,0.05722723579854434
2022-04-25,XAU,-0.005177847596332559
2022-04-25,COPPER,0.019745755130194713
2022-04-25,WTI,-0.007343530815822025
2022-04-25,BTC,-0.003718118310262619
2022-04-25,ETH,-0.07955375059427888
2022-04-25,US10Y,-0.3254273185010628
2022-04-25,CN10Y,-0.01778265115018317
2022-04-26,000300.SH,0.07554169891967508
2022-04-26,SPX,0.011960309078784766
2022-04-26,HSI,0.04253040613816697
2022-04-26,N225,-0.007856996976585848
2022-04-26,SX5E,0.007160243807316012
2022-04-26,000688.SH,0.2119369688561316
2022-04-26,SOX,0.0436577037372413
2022-04-26,NDX,0.027991531900453708
2022-04-26,XAU,0.012045659241048182
2022-04-26,COPPER,0.018365071377973444
2022-04-26,WTI,0.05707682578159093
2022-04-26,BTC,-0.08900155947613772
2022-04-26,ETH,-0.19815690270560596
2022-04-26,US10Y,-0.2162735232713005
2022-04-26,CN10Y,0.0030225635912477476
2022-04-27,000300.SH,0.07460870142149074
2022-04-27,SPX,0.011190836814095034
2022-04-27,HSI,0.028461303724517818
2022-04-27,N225,0.004908837527339536
2022-04-27,SX5E,-0.013197141275267025
2022-04-27,000688.SH,0.22476934923276498
2022-04-27,SOX,0.028832019203491478
2022-04-27,NDX,0.029834900420405163
2022-04-27,XAU,0.02012836116554314
2022-04-27,COPPER,0.03892223914802088
2022-04-27,WTI,0.06592353836339873
2022-04-27,BTC,-0.07608879507823445
2022-04-27,ETH,-0.18804094304385086
2022-04-27,US10Y,-0.24881676530226238
2022-04-27,CN10Y,-0.0014364423214531402
2022-04-28,000300.SH,0.04253061144477237
2022-04-28,SPX,0.026815778952593662
2022-04-28,HSI,0.02289211385618463
2022-04-28,N225,0.021036657767743386
2022-04-28,SX5E,-0.015003681213380742
2022-04-28,000688.SH,0.17620232005234038
2022-04-28,SOX,0.09133061065776897
2022-04-28,NDX,0.05678867452034002
2022-04-28,XAU,0.03728817405773799
2022-04-28,COPPER,0.01923967573111283
2022-04-28,WTI,0.037667755154615776
2022-04-28,BTC,-0.06844757177642419
2022-04-28,ETH,-0.17693999959875367
2022-04-28,US10Y,-0.25603753920155997
2022-04-28,CN10Y,-0.015363580405091797
2022-05-06,000300.SH,0.028416225939865654
2022-05-06,SPX,0.01918691303144315
2022-05-06,HSI,-0.0019396941436288992
2022-05-06,N225,0.013964041681026785
2022-05-06,SX5E,-0.013895955727001495
2022-05-06,000688.SH,0.16622020641685667
2022-05-06,SOX,0.05754559773897823
2022-05-06,NDX,0.037402725299339266
2022-05-06,XAU,0.032471740081209566
2022-05-06,COPPER,0.02520920391101787
2022-05-06,WTI,0.027674732452286212
2022-05-06,BTC,-0.03495590457486136
2022-05-06,ETH,-0.14318426498567244
2022-05-06,US10Y,-0.19394114731482198
2022-05-06,CN10Y,-0.020174419806037524
2022-05-10,000300.SH,0.013426034945874219
2022-05-10,SPX,0.05045388282895491
2022-05-10,HSI,0.005770608708857733
2022-05-10,N225,-0.009625723505925401
2022-05-10,SX5E,0.01679923758103988
2022-05-10,000688.SH,0.09724363342914136
2022-05-10,SOX,0.060448006985384904
2022-05-10,NDX,0.09066207338676396
2022-05-10,XAU,0.020978005049518838
2022-05-10,COPPER,0.06640332435732402
2022-05-10,WTI,-0.11315978080532513
2022-05-10,BTC,0.07590810488403688
2022-05-10,ETH,-0.048102853288791235
2022-05-10,US10Y,-0.3112703525121737
2022-05-10,CN10Y,-0.015934202044681607
2022-05-11,000300.SH,-0.02000777504719385
2022-05-11,SPX,0.05574705397022142
2022-05-11,HSI,-0.0111409602838376
2022-05-11,N225,0.004819515412990274
2022-05-11,SX5E,0.032689660665533526
2022-05-11,000688.SH,0.0343091368855384
2022-05-11,SOX,0.04274885416932125
2022-05-11,NDX,0.08674527833984799
2022-05-11,XAU,0.04317283495017067
2022-05-11,COPPER,0.06443344682067983
2022-05-11,WTI,-0.02710607480598147
2022-05-11,BTC,0.09593702660478057
2022-05-11,ETH,-0.05956247879299971
2022-05-11,US10Y,-0.32902398874488736
2022-05-11,CN10Y,-0.013761530144184533
2022-05-12,000300.SH,-0.008936000221430124
2022-05-12,SPX,0.060898679497844214
2022-05-12,HSI,-0.013015870519099389
2022-05-12,N225,-0.008472228085819905
2022-05-12,SX5E,-0.008773147910368137
2022-05-12,000688.SH,0.03080308979080426
2022-05-12,SOX,0.03208816417487535
2022-05-12,NDX,0.09984459505090665
2022-05-12,XAU,0.04128745030183951
2022-05-12,COPPER,0.046598596655741745
2022-05-12,WTI,-0.07236809144167403
2022-05-12,BTC,0.13275250073571127
2022-05-12,ETH,0.024140429823808873
2022-05-12,US10Y,-0.331958424547069
2022-05-12,CN10Y,-0.024889743306071854
2022-05-13,000300.SH,-0.008748475729917667
2022-05-13,SPX,0.04912569653054768
2022-05-13,HSI,0.0040844031718493806
2022-05-13,N225,0.005744542226894174
2022-05-13,SX5E,-0.010497252646163037
2022-05-13,000688.SH,0.0056076516881822715
2022-05-13,SOX,0.011541182663294049
2022-05-13,NDX,0.09015024588960903
2022-05-13,XAU,0.05972850999157548
2022-05-13,COPPER,0.07467418945201156
2022-05-13,WTI,-0.1406819050952408
2022-05-13,BTC,0.11273259220082842
2022-05-13,ETH,0.0705212776399855
2022-05-13,US10Y,-0.3117259713238023
2022-05-13,CN10Y,-0.012256686659654414
2022-05-16,000300.SH,0.005916103699612161
2022-05-16,SPX,0.042509585561192
2022-05-16,HSI,-0.0032099534611986736
2022-05-16,N225,-0.015909435466876475
2022-05-16,SX5E,-0.01899275690828462
2022-05-16,000688.SH,0.01204009849206562
2022-05-16,SOX,-0.032559701799935725
2022-05-16,NDX,0.07276186178822358
2022-05-16,XAU,0.05994332078498026
2022-05-16,COPPER,0.0619731928164737
2022-05-16,WTI,-0.17815007059073046
2022-05-16,BTC,0.16333782020480714
2022-05-16,ETH,0.15164841034583815
2022-05-16,US10Y,-0.3020644504822953
2022-05-16,CN10Y,-0.019244024983871885
2022-05-17,000300.SH,0.020954335506085532
2022-05-17,SPX,0.04450889804607161
2022-05-17,HSI,0.013563477255132586
2022-05-17,N225,-0.021062303020245626
2022-05-17,SX5E,-0.02576432998550843
2022-05-17,000688.SH,0.007652519606961436
2022-05-17,SOX,-0.04067672257928849
2022-05-17,NDX,0.07691711724411897
2022-05-17,XAU,0.052794083264683246
2022-05-17,COPPER,0.0608271505535189
2022-05-17,WTI,-0.22734484285148449
2022-05-17,BTC,0.11964731454591869
2022-05-17,ETH,0.12209879368538058
2022-05-17,US10Y,-0.17759567604820078
2022-05-17,CN10Y,-0.026519815223144276
2022-05-18,000300.SH,0.006330673855972959
2022-05-18,SPX,0.043683007143797026
2022-05-18,HSI,-0.011437797798422175
2022-05-18,N225,-0.030768185175872365
2022-05-18,SX5E,-0.03333306792132291
2022-05-18,000688.SH,-0.01972841177000857
2022-05-18,SOX,-0.06167656441079706
2022-05-18,NDX,0.07282868787819133
2022-05-18,XAU,0.06264352720108325
2022-05-18,COPPER,0.06943265564466002
2022-05-18,WTI,-0.20962407831758714
2022-05-18,BTC,0.15400199930402825
2022-05-18,ETH,0.16854135319199937
2022-05-18,US10Y,-0.17888779542058833
2022-05-18,CN10Y,-0.03200600340513407
2022-05-19,000300.SH,0.0009644700080151027
2022-05-19,SPX,0.0586498515282822
2022-05-19,HSI,-0.03695608743506022
2022-05-19,N225,-0.050632146927298345
2022-05-19,SX5E,-0.02420897542463624
2022-05-19,000688.SH,-0.04073817075335104
2022-05-19,SOX,-0.07356692894462649
2022-05-19,NDX,0.07986981940248544
2022-05-19,XAU,0.06822037148804583
2022-05-19,COPPER,0.07298892214173244
2022-05-19,WTI,-0.1649006087745897
2022-05-19,BTC,0.1164377164157953
2022-05-19,ETH,0.15603391384958418
2022-05-19,US10Y,-0.1464070166675351
2022-05-19,CN10Y,-0.015755129906843995
2022-05-20,000300.SH,-0.01500767965259961
2022-05-20,SPX,0.06870747848693362
2022-05-20,HSI,-0.012250509464547671
2022-05-20,N225,-0.02139461010568234
2022-05-20,SX5E,0.0061748487703076425
2022-05-20,000688.SH,-0.08458112966294501
2022-05-20,SOX,-0.04580430049892791
2022-05-20,NDX,0.08943565913079236
2022-05-20,XAU,0.057893409691923386
2022-05-20,COPPER,0.03928763706605615
2022-05-20,WTI,-0.19819668870186516
2022-05-20,BTC,0.06905788345349367
2022-05-20,ETH,0.13521906488479246
2022-05-20,US10Y,-0.08028680423829924
2022-05-20,CN10Y,-0.00825425915943295
2022-05-23,000300.SH,-0.018469997386478223
2022-05-23,SPX,0.06135101184795922
2022-05-23,HSI,-0.04255394129625169
2022-05-23,N225,-0.055533562174879404
2022-05-23,SX5E,-0.006142781655247646
2022-05-23,000688.SH,-0.09104406289683015
2022-05-23,SOX,-0.05387207481246678
2022-05-23,NDX,0.08397204634016033
2022-05-23,XAU,0.061955826649293236
2022-05-23,COPPER,0.043894410065173105
2022-05-23,WTI,-0.1497143260993392
2022-05-23,BTC,0.10563924540162213
2022-05-23,ETH,0.1612165823372013
2022-05-23,US10Y,-0.0887090291075902
2022-05-23,CN10Y,-0.011989347212326593
2022-05-24,000300.SH,-0.02385564343105021
2022-05-24,SPX,0.053954191312508434
2022-05-24,HSI,-0.03077206983669927
2022-05-24,N225,-0.047712648380141144
2022-05-24,SX5E,-0.021255006280816544
2022-05-24,000688.SH,-0.12390822731589345
2022-05-24,SOX,-0.038696695657791554
2022-05-24,NDX,0.08668261735965595
2022-05-24,XAU,0.0640050763231429
2022-05-24,COPPER,0.03566776817907293
2022-05-24,WTI,-0.12069135376862072
2022-05-24,BTC,0.12875840749019837
2022-05-24,ETH,0.17186726715183925
2022-05-24,US10Y,-0.12763280619061781
2022-05-24,CN10Y,-0.0064108769547877534
2022-05-25,000300.SH,0.004766097409075696
2022-05-25,SPX,0.03783672077322067
2022-05-25,HSI,-0.01876550571442304
2022-05-25,N225,-0.032839112017747765
2022-05-25,SX5E,-0.010647854427844767
2022-05-25,000688.SH,-0.07114956071869855
2022-05-25,SOX,-0.06287547192145865
2022-05-25,NDX,0.06973486598738876
2022-05-25,XAU,0.054935504432068204
2022-05-25,COPPER,0.038860021679417454
2022-05-25,WTI,-0.1059502139651833
2022-05-25,BTC,0.05178865020046183
2022-05-25,ETH,0.10264990125514245
2022-05-25,US10Y,-0.05310438533161171
2022-05-25,CN10Y,-0.005239657639808002
2022-05-27,000300.SH,-0.018287960720161867
2022-05-27,SPX,0.04050167862869755
2022-05-27,HSI,-0.05052632142537008
2022-05-27,N225,-0.040477545898864646
2022-05-27,SX5E,-0.02675470385314587
2022-05-27,000688.SH,-0.07013139897267406
2022-05-27,SOX,-0.05013840593073714
2022-05-27,NDX,0.07238781695386394
2022-05-27,XAU,0.04954389088139944
2022-05-27,COPPER,0.041227613874657065
2022-05-27,WTI,-0.15091395876915595
2022-05-27,BTC,0.07892832863160448
2022-05-27,ETH,0.1256648432433691
2022-05-27,US10Y,-0.01835901070470724
2022-05-27,CN10Y,0.017335134061224534
2022-05-31,000300.SH,-0.030348631878698573
2022-05-31,SPX,0.006949953459988181
2022-05-31,HSI,-0.06672033741109117
2022-05-31,N225,-0.028307399166924634
2022-05-31,SX5E,-0.0340691159610797
2022-05-31,000688.SH,-0.0673567420874606
2022-05-31,SOX,-0.11285158617452494
2022-05-31,NDX,0.01228348273551897
2022-05-31,XAU,0.05078530222539967
2022-05-31,COPPER,0.029300379527846566
2022-05-31,WTI,-0.17922311734511395
2022-05-31,BTC,0.13906194686299875
2022-05-31,ETH,0.2687026262840208
2022-05-31,US10Y,-0.03237628308026526
2022-05-31,CN10Y,0.04416952200938524
2022-06-01,000300.SH,-0.05155113430778874
2022-06-01,SPX,0.027153361752347886
2022-06-01,HSI,-0.07872018330416301
2022-06-01,N225,-0.015888990780461694
2022-06-01,SX5E,0.005224468663728166
2022-06-01,000688.SH,-0.10908314142363358
2022-06-01,SOX,-0.08594453588061166
2022-06-01,NDX,0.03446651992140565
2022-06-01,XAU,0.05728509497442842
2022-06-01,COPPER,0.0600345713748181
2022-06-01,WTI,-0.13728821291006554
2022-06-01,BTC,0.0876124775760173
2022-06-01,ETH,0.2107465462384882
2022-06-01,US10Y,-0.0318840577808702
2022-06-01,CN10Y,0.02783721588636015
2022-06-02,000300.SH,-0.04182188054796953
2022-06-02,SPX,0.009555148876695499
2022-06-02,HSI,-0.06970322989471323
2022-06-02,N225,-0.0353068170379303
2022-06-02,SX5E,-0.006905224676880047
2022-06-02,000688.SH,-0.11726659060248903
2022-06-02,SOX,-0.08328118894759205
2022-06-02,NDX,0.019323049799124692
2022-06-02,XAU,0.040677935670433055
2022-06-02,COPPER,0.0315379271796805
2022-06-02,WTI,-0.1559645207270007
2022-06-02,BTC,0.14639955035254235
2022-06-02,ETH,0.2926154679114442
2022-06-02,US10Y,-0.0580109278388147
2022-06-02,CN10Y,0.028151300483468776
2022-06-07,000300.SH,-0.07272686760141907
2022-06-07,SPX,0.022976907932557446
2022-06-07,HSI,-0.06281061247974261
2022-06-07,N225,-0.03438970658825555
2022-06-07,SX5E,-0.013156596718497792
2022-06-07,000688.SH,-0.2057549532753707
2022-06-07,SOX,-0.05510896676954352
2022-06-07,NDX,0.04050017438826885
2022-06-07,XAU,0.012361413029244692
2022-06-07,COPPER,-0.02210182477727745
2022-06-07,WTI,-0.1850566968272585
2022-06-07,BTC,0.219801645904936
2022-06-07,ETH,0.39531107164288515
2022-06-07,US10Y,-0.05976745796480479
2022-06-07,CN10Y,0.019922470104277525
2022-06-08,000300.SH,-0.0885281690428415
2022-06-08,SPX,0.016164110616124314
2022-06-08,HSI,-0.05795344404658345
2022-06-08,N225,-0.037070397697057514
2022-06-08,SX5E,-0.00968687836713534
2022-06-08,000688.SH,-0.2390370501720006
2022-06-08,SOX,-0.04522036751130357
2022-06-08,NDX,0.03957684134394221
2022-06-08,XAU,0.025819301347414697
2022-06-08,COPPER,-0.0042523495164116035
2022-06-08,WTI,-0.1586919333721174
2022-06-08,BTC,0.19575661771940642
2022-06-08,ETH,0.41378633864121794
2022-06-08,US10Y,-0.07627325086311999
2022-06-08,CN10Y,0.02561063092046528
2022-06-09,000300.SH,-0.07558521931547534
2022-06-09,SPX,0.021407341843307746
2022-06-09,HSI,-0.09038017118012512
2022-06-09,N225,-0.06481698319184179
2022-06-09,SX5E,-0.00872517194133182
2022-06-09,000688.SH,-0.20227088188322334
2022-06-09,SOX,-0.04147225762581763
2022-06-09,NDX,0.036379457190927056
2022-06-09,XAU,0.015127535316716017
2022-06-09,COPPER,0.0018736628188411562
2022-06-09,WTI,-0.18289295405844466
2022-06-09,BTC,0.22896939257270876
2022-06-09,ETH,0.4187922751664626
2022-06-09,US10Y,-0.08382750779901443
2022-06-09,CN10Y,0.02742148208631064
2022-06-10,000300.SH,-0.07653587934926703
2022-06-10,SPX,0.04671700432494971
2022-06-10,HSI,-0.09620448737556304
2022-06-10,N225,-0.06311418048992956
2022-06-10,SX5E,-0.0016586509049176662
2022-06-10,000688.SH,-0.1964481560064101
2022-06-10,SOX,-0.0006071364668008526
2022-06-10,NDX,0.06729752915520563
2022-06-10,XAU,0.021802147606908184
2022-06-10,COPPER,-0.0011095499148097328
2022-06-10,WTI,-0.1640565181111252
2022-06-10,BTC,0.1775026955232888
2022-06-10,ETH,0.3518612759207143
2022-06-10,US10Y,-0.09654438185560435
2022-06-10,CN10Y,0.031098287943360618
2022-06-13,000300.SH,-0.09324068039683167
2022-06-13,SPX,0.03619211236565374
2022-06-13,HSI,-0.10634356332818976
2022-06-13,N225,-0.041381467324079046
2022-06-13,SX5E,-0.0075061957255741045
2022-06-13,000688.SH,-0.1715636025641248
2022-06-13,SOX,0.012666419171953242
2022-06-13,NDX,0.044293932635591615
2022-06-13,XAU,0.000949230708731862
2022-06-13,COPPER,-0.0257604731725287
2022-06-13,WTI,-0.11257771122078258
2022-06-13,BTC,0.12226132665207494
2022-06-13,ETH,0.3526444767878862
2022-06-13,US10Y,-0.03503491789566342
2022-06-13,CN10Y,0.02440111330588217
2022-06-14,000300.SH,-0.0817537315916164
2022-06-14,SPX,0.03191956280356985
2022-06-14,HSI,-0.10132344839512987
2022-06-14,N225,-0.04614723087722784
2022-06-14,SX5E,-0.01047116480404952
2022-06-14,000688.SH,-0.1332658891053427
2022-06-14,SOX,0.02691966414742828
2022-06-14,NDX,0.044367011279075
2022-06-14,XAU,0.002013759305062507
2022-06-14,COPPER,-0.03274207263252494
2022-06-14,WTI,-0.2303072655646063
2022-06-14,BTC,0.18632829794592293
2022-06-14,ETH,0.479521326397612
2022-06-14,US10Y,-0.14653773924372315
2022-06-14,CN10Y,0.011478920335549751
2022-06-15,000300.SH,-0.07340694288305978
2022-06-15,SPX,0.020963549771286036
2022-06-15,HSI,-0.08897821363396338
2022-06-15,N225,-0.029362884407813157
2022-06-15,SX5E,0.025224496403699077
2022-06-15,000688.SH,-0.08483101107691607
2022-06-15,SOX,-0.005927525384848654
2022-06-15,NDX,0.013860310051054474
2022-06-15,XAU,0.01588512611303412
2022-06-15,COPPER,-0.0030759943283821065
2022-06-15,WTI,-0.14919545521150254
2022-06-15,BTC,0.14814968342603627
2022-06-15,ETH,0.3819655513327851
2022-06-15,US10Y,-0.18637295262850528
2022-06-15,CN10Y,0.015102262457095544
2022-06-16,000300.SH,-0.08160172491391014
2022-06-16,SPX,0.018967540596500083
2022-06-16,HSI,-0.10535816504515165
2022-06-16,N225,-0.025911070590752462
2022-06-16,SX5E,0.011924136110568542
2022-06-16,000688.SH,-0.05972628978403709
2022-06-16,SOX,0.005897818816842121
2022-06-16,NDX,0.005323629440190585
2022-06-16,XAU,-0.01400793060681722
2022-06-16,COPPER,-0.028371488900565935
2022-06-16,WTI,-0.10019966114660983
2022-06-16,BTC,0.16964446059997015
2022-06-16,ETH,0.35352346685486996
2022-06-16,US10Y,-0.15512654176376817
2022-06-16,CN10Y,0.00502182033267073
2022-06-17,000300.SH,-0.09516959862972532
2022-06-17,SPX,0.030636484875383965
2022-06-17,HSI,-0.10972351714505484
2022-06-17,N225,-0.03227599899590651
2022-06-17,SX5E,0.026903018274750914
2022-06-17,000688.SH,-0.09834598255499616
2022-06-17,SOX,0.04368961070260961
2022-06-17,NDX,0.023444739197764356
2022-06-17,XAU,-0.03807185121712304
2022-06-17,COPPER,-0.027123940486571158
2022-06-17,WTI,-0.09333306383212929
2022-06-17,BTC,0.14021002402860433
2022-06-17,ETH,0.35128801476270377
2022-06-17,US10Y,-0.13025178562557277
2022-06-17,CN10Y,0.008123846645261588
2022-06-21,000300.SH,-0.11857425540392702
2022-06-21,SPX,0.021952971311012308
2022-06-21,HSI,-0.12102826689762868
2022-06-21,N225,-0.011546399544384505
2022-06-21,SX5E,0.01682501707358019
2022-06-21,000688.SH,-0.12584616920096844
2022-06-21,SOX,0.018068790204745666
2022-06-21,NDX,-0.0039456769403640145
2022-06-21,XAU,-0.02148151719002859
2022-06-21,COPPER,0.0043129495995639575
2022-06-21,WTI,-0.011008253313549876
2022-06-21,BTC,0.14948151181139677
2022-06-21,ETH,0.33199031949767693
2022-06-21,US10Y,-0.1389608670712655
2022-06-21,CN10Y,0.009759846064140237
2022-06-22,000300.SH,-0.11326556144529683
2022-06-22,SPX,0.01637575318190298
2022-06-22,HSI,-0.11629969353614114
2022-06-22,N225,-0.022245097293845117
2022-06-22,SX5E,0.01379641230041613
2022-06-22,000688.SH,-0.10527555762942227
2022-06-22,SOX,0.034619532647462446
2022-06-22,NDX,-0.004317083118733769
2022-06-22,XAU,-0.022168281873175287
2022-06-22,COPPER,0.0035172341212942465
2022-06-22,WTI,-0.022379122368705748
2022-06-22,BTC,0.14956322961816243
2022-06-22,ETH,0.31686279296023634
2022-06-22,US10Y,-0.13397367051331877
2022-06-22,CN10Y,0.005189112949163809
2022-06-23,000300.SH,-0.09983918288984985
2022-06-23,SPX,-0.018354425801226364
2022-06-23,HSI,-0.08242663519401242
2022-06-23,N225,-0.004552635172217195
2022-06-23,SX5E,0.01273193289916626
2022-06-23,000688.SH,-0.08305793714245616
2022-06-23,SOX,0.005540371601225089
2022-06-23,NDX,-0.04782232528789082
2022-06-23,XAU,-0.02525894997179435
2022-06-23,COPPER,0.013169878227700868
2022-06-23,WTI,-0.029184620340180382
2022-06-23,BTC,0.14228571846724888
2022-06-23,ETH,0.32340816019789587
2022-06-23,US10Y,-0.10168754098594479
2022-06-23,CN10Y,-0.004951808607665096
2022-06-24,000300.SH,-0.11451150012156404
2022-06-24,SPX,-0.032129752397736695
2022-06-24,HSI,-0.11877005944652193
2022-06-24,N225,-0.023826065476967292
2022-06-24,SX5E,0.005992866341862309
2022-06-24,000688.SH,-0.07698184148339943
2022-06-24,SOX,0.00699594328377336
2022-06-24,NDX,-0.06484935170900853
2022-06-24,XAU,-0.0019329171920671184
2022-06-24,COPPER,0.09187312479973592
2022-06-24,WTI,-0.0011797540747043953
2022-06-24,BTC,0.1459178040680842
2022-06-24,ETH,0.29146905042015214
2022-06-24,US10Y,-0.10115630901159872
2022-06-24,CN10Y,-0.006911238000040112
2022-06-27,000300.SH,-0.09510368102725673
2022-06-27,SPX,-0.042105837086473266
2022-06-27,HSI,-0.0871236015163894
2022-06-27,N225,-0.01223187548385304
2022-06-27,SX5E,-0.00014954636279707403
2022-06-27,000688.SH,-0.07621314884096625
2022-06-27,SOX,-0.009087458452119689
2022-06-27,NDX,-0.0766079400881732
2022-06-27,XAU,0.002039877670561778
2022-06-27,COPPER,0.11156707919474393
2022-06-27,WTI,0.0018529878364697602
2022-06-27,BTC,0.15956317271415674
2022-06-27,ETH,0.26248438258397944
2022-06-27,US10Y,-0.13216494607720775
2022-06-27,CN10Y,-0.00671946506467558
2022-06-28,000300.SH,-0.11367956697378036
2022-06-28,SPX,-0.023093095924096856
2022-06-28,HSI,-0.12473684954137912
2022-06-28,N225,-0.018182648555474756
2022-06-28,SX5E,0.009445721197939691
2022-06-28,000688.SH,-0.07805522508086418
2022-06-28,SOX,-0.006227529348700929
2022-06-28,NDX,-0.0539553904336877
2022-06-28,XAU,0.008851515964898218
2022-06-28,COPPER,0.1127338616766318
2022-06-28,WTI,-0.022317910166535296
2022-06-28,BTC,0.17489394321695512
2022-06-28,ETH,0.2905630502723946
2022-06-28,US10Y,-0.12888976749171893
2022-06-28,CN10Y,-0.027350108812581608
2022-06-29,000300.SH,-0.14283581130887985
2022-06-29,SPX,-0.003858323459660317
2022-06-29,HSI,-0.1437891388855361
2022-06-29,N225,-0.03006514808618849
2022-06-29,SX5E,-0.002481058794654702
2022-06-29,000688.SH,-0.13455023094148705
2022-06-29,SOX,0.007787416436066438
2022-06-29,NDX,-0.036446273958182535
2022-06-29,XAU,0.01651926416209701
2022-06-29,COPPER,0.11196896996417773
2022-06-29,WTI,-0.03893725965043256
2022-06-29,BTC,0.23127560843263742
2022-06-29,ETH,0.35263993964265816
2022-06-29,US10Y,-0.15619415510313178
2022-06-29,CN10Y,-0.031033798449483684
2022-06-30,000300.SH,-0.1292187220817612
2022-06-30,SPX,-0.007964323820420132
2022-06-30,HSI,-0.13722556536397018
2022-06-30,N225,-0.03150133803790668
2022-06-30,SX5E,0.004034749310110375
2022-06-30,000688.SH,-0.10771240045342478
2022-06-30,SOX,0.027538885948542754
2022-06-30,NDX,-0.04186150960214222
2022-06-30,XAU,0.008572032813264619
2022-06-30,COPPER,0.0888495408827665
2022-06-30,WTI,-0.029609820123150818
2022-06-30,BTC,0.1964452929531165
2022-06-30,ETH,0.3233981272491336
2022-06-30,US10Y,-0.13294638859527402
2022-06-30,CN10Y,-0.030798561078884686
2022-07-05,000300.SH,-0.1496929655379199
2022-07-05,SPX,0.0249598987147598
2022-07-05,HSI,-0.12485828454520131
2022-07-05,N225,-0.023659553272481385
2022-07-05,SX5E,0.03983383566997744
2022-07-05,000688.SH,-0.14313570250639246
2022-07-05,SOX,0.08661641168092957
2022-07-05,NDX,0.005960327164715968
2022-07-05,XAU,0.015494886435688426
2022-07-05,COPPER,0.11355067488665706
2022-07-05,WTI,0.020806478124262246
2022-07-05,BTC,0.12042683710122265
2022-07-05,ETH,0.17238441903814294
2022-07-05,US10Y,-0.10716545069698935
2022-07-05,CN10Y,-0.05152181225737216
2022-07-06,000300.SH,-0.14808561123810657
2022-07-06,SPX,-0.02762666930706428
2022-07-06,HSI,-0.12617912140673126
2022-07-06,N225,-0.026273635034848433
2022-07-06,SX5E,0.03259391108200025
2022-07-06,000688.SH,-0.10437377188507332
2022-07-06,SOX,0.0586720130589817
2022-07-06,NDX,-0.06628494078694513
2022-07-06,XAU,0.027842006139242717
2022-07-06,COPPER,0.15203176896658127
2022-07-06,WTI,0.047394212473329075
2022-07-06,BTC,0.12721092488758778
2022-07-06,ETH,0.13065672454020208
2022-07-06,US10Y,-0.034195121624093
2022-07-06,CN10Y,-0.043382689865063426
2022-07-07,000300.SH,-0.128181202420247
2022-07-07,SPX,-0.025435380671214168
2022-07-07,HSI,-0.10603302065523153
2022-07-07,N225,-0.0002702431804167526
2022-07-07,SX5E,0.017682376762642407
2022-07-07,000688.SH,-0.11160582920537761
2022-07-07,SOX,0.05665215222522587
2022-07-07,NDX,-0.06251890801318194
2022-07-07,XAU,0.0492959485475159
2022-07-07,COPPER,0.16671113762382175
2022-07-07,WTI,0.07186068601693923
2022-07-07,BTC,0.08160819755833634
2022-07-07,ETH,0.062268729640347104
2022-07-07,US10Y,-0.033974851146399775
2022-07-07,CN10Y,-0.038059793082760376
2022-07-08,000300.SH,-0.13229636254990998
2022-07-08,SPX,-0.01646195656761381
2022-07-08,HSI,-0.12060247022874643
2022-07-08,N225,-0.015268229289423396
2022-07-08,SX5E,0.010374412155364523
2022-07-08,000688.SH,-0.07371177560833038
2022-07-08,SOX,0.05669157456934151
2022-07-08,NDX,-0.05106227749300486
2022-07-08,XAU,0.06314707849345279
2022-07-08,COPPER,0.19532597923303682
2022-07-08,WTI,0.061463500900753004
2022-07-08,BTC,0.07279513156537351
2022-07-08,ETH,0.058127008418812125
2022-07-08,US10Y,-0.07287558201611125
2022-07-08,CN10Y,-0.035646031582994786
2022-07-11,000300.SH,-0.1093078826387501
2022-07-11,SPX,-0.021916108204640475
2022-07-11,HSI,-0.10681754298803049
2022-07-11,N225,0.0013167253387615287
2022-07-11,SX5E,0.005793879114243443
2022-07-11,000688.SH,-0.039537702024502436
2022-07-11,SOX,0.027706392576920712
2022-07-11,NDX,-0.06991039550038279
2022-07-11,XAU,0.052473519507061556
2022-07-11,COPPER,0.17646074151676647
2022-07-11,WTI,0.05224897618910054
2022-07-11,BTC,0.09053397479368645
2022-07-11,ETH,0.05992882078983511
2022-07-11,US10Y,-0.08114958934421587
2022-07-11,CN10Y,-0.03782380912585426
2022-07-12,000300.SH,-0.09336877629349373
2022-07-12,SPX,-0.044466401664425295
2022-07-12,HSI,-0.07551584629711883
2022-07-12,N225,-0.009894193855685685
2022-07-12,SX5E,-0.00810555978587146
2022-07-12,000688.SH,-0.029834109881049342
2022-07-12,SOX,-0.008781941807983848
2022-07-12,NDX,-0.08525194976580192
2022-07-12,XAU,0.05439855559386207
2022-07-12,COPPER,0.18544043943365227
2022-07-12,WTI,0.06141216523737063
2022-07-12,BTC,0.06742445791785556
2022-07-12,ETH,0.059509297945894477
2022-07-12,US10Y,-0.03956613618804142
2022-07-12,CN10Y,-0.03340000058916411
2022-07-13,000300.SH,-0.09618369323728826
2022-07-13,SPX,-0.06728947044859207
2022-07-13,HSI,-0.07258379742012955
2022-07-13,N225,0.005351974150564579
2022-07-13,SX5E,-0.03532229924010527
2022-07-13,000688.SH,-0.03093566928136543
2022-07-13,SOX,-0.050433560441198996
2022-07-13,NDX,-0.11260492840352908
2022-07-13,XAU,0.05394809390217186
2022-07-13,COPPER,0.20881620893714867
2022-07-13,WTI,0.11791463175977655
2022-07-13,BTC,0.06675959017684827
2022-07-13,ETH,0.07067240315363017
2022-07-13,US10Y,-0.025774826323508762
2022-07-13,CN10Y,-0.03233465728442317
2022-07-14,000300.SH,-0.0708296008747139
2022-07-14,SPX,-0.07087201322983892
2022-07-14,HSI,-0.05189393434653083
2022-07-14,N225,-0.0038694713698108254
2022-07-14,SX5E,-0.041587897107269664
2022-07-14,000688.SH,-0.0023650590962705723
2022-07-14,SOX,-0.06041766078825314
2022-07-14,NDX,-0.11885014626288681
2022-07-14,XAU,0.06408316958754208
2022-07-14,COPPER,0.1856675184209957
2022-07-14,WTI,0.1263901092878629
2022-07-14,BTC,0.04309175794005947
2022-07-14,ETH,-0.006392770818770488
2022-07-14,US10Y,0.03747447469745727
2022-07-14,CN10Y,-0.029628476039572645
2022-07-15,000300.SH,-0.05463783546222253
2022-07-15,SPX,-0.05708614943925689
2022-07-15,HSI,-0.030566939332714968
2022-07-15,N225,-0.011273342280662471
2022-07-15,SX5E,-0.009730929580614174
2022-07-15,000688.SH,-0.011749281869866674
2022-07-15,SOX,-0.057677186982636054
2022-07-15,NDX,-0.10272761407372298
2022-07-15,XAU,0.057622724525246624
2022-07-15,COPPER,0.2276352701678786
2022-07-15,WTI,0.17702998787909605
2022-07-15,BTC,-0.05558286532037748
2022-07-15,ETH,-0.1792915462440332
2022-07-15,US10Y,0.12257363475783614
2022-07-15,CN10Y,-0.014537926743950179
2022-07-19,000300.SH,-0.024933406816194287
2022-07-19,SPX,-0.07046130657811274
2022-07-19,HSI,2.4077950386180297e-05
2022-07-19,N225,-0.024927660036358216
2022-07-19,SX5E,-0.03342337870957719
2022-07-19,000688.SH,-0.018642283074591072
2022-07-19,SOX,-0.06149499037509522
2022-07-19,NDX,-0.1065332946039697
2022-07-19,XAU,0.054282900755504834
2022-07-19,COPPER,0.21400652074605722
2022-07-19,WTI,0.16003413876603137
2022-07-19,BTC,-0.05440771853244967
2022-07-19,ETH,-0.1769422870055396
2022-07-19,US10Y,0.15328887145244274
2022-07-19,CN10Y,-0.009870183938534846
2022-07-20,000300.SH,-0.004498647896918241
2022-07-20,SPX,-0.04601588234895672
2022-07-20,HSI,0.015065711711676064
2022-07-20,N225,-0.0297845965000421
2022-07-20,SX5E,-0.024838836039671658
2022-07-20,000688.SH,-0.002744090588141814
2022-07-20,SOX,-0.036633780348509615
2022-07-20,NDX,-0.06735799096339755
2022-07-20,XAU,0.07212099795154832
2022-07-20,COPPER,0.2288603672638589
2022-07-20,WTI,0.13999928177748902
2022-07-20,BTC,-0.06183689409451729
2022-07-20,ETH,-0.27279634711341494
2022-07-20,US10Y,0.09208099010815844
2022-07-20,CN10Y,-0.0016202829191609971
2022-07-21,000300.SH,0.003115602442407043
2022-07-21,SPX,-0.0520849308863077
2022-07-21,HSI,0.016663817611782508
2022-07-21,N225,-0.034530810973319594
2022-07-21,SX5E,-0.025842928710594328
2022-07-21,000688.SH,0.01089919145505509
2022-07-21,SOX,-0.07230041689127678
2022-07-21,NDX,-0.08049095432593933
2022-07-21,XAU,0.0986231120865519
2022-07-21,COPPER,0.23021180346150388
2022-07-21,WTI,0.16246509785265478
2022-07-21,BTC,-0.05458973691024503
2022-07-21,ETH,-0.2802930683283349
2022-07-21,US10Y,0.07488933847690443
2022-07-21,CN10Y,0.0032648836391580053
2022-07-22,000300.SH,0.029141664629542766
2022-07-22,SPX,-0.0579540484748486
2022-07-22,HSI,0.04476334940485342
2022-07-22,N225,-0.05570492769561619
2022-07-22,SX5E,-0.024455743585874084
2022-07-22,000688.SH,0.01289297158455207
2022-07-22,SOX,-0.08021297142453496
2022-07-22,NDX,-0.08012912069471506
2022-07-22,XAU,0.07537912815161199
2022-07-22,COPPER,0.21082200910191515
2022-07-22,WTI,0.1454611721301008
2022-07-22,BTC,-0.04312712873961332
2022-07-22,ETH,-0.2925291957317883
2022-07-22,US10Y,0.1086713457786938
2022-07-22,CN10Y,0.006981495565720542
2022-07-25,000300.SH,0.022197930967896934
2022-07-25,SPX,-0.045375858702817365
2022-07-25,HSI,0.04561492391898508
2022-07-25,N225,-0.059428193628081244
2022-07-25,SX5E,-0.02561520857071112
2022-07-25,000688.SH,0.0012539754835690963
2022-07-25,SOX,-0.060849065545932106
2022-07-25,NDX,-0.06508349172960443
2022-07-25,XAU,0.06343140611831972
2022-07-25,COPPER,0.19394567708480695
2022-07-25,WTI,0.14664815198956288
2022-07-25,BTC,-0.07445933530764591
2022-07-25,ETH,-0.31151367985005013
2022-07-25,US10Y,0.1692227005468896
2022-07-25,CN10Y,1.0067224811968409e-05
2022-07-26,000300.SH,0.022864593655117015
2022-07-26,SPX,-0.03583766632208222
2022-07-26,HSI,0.037813418190034885
2022-07-26,N225,-0.04866357985482471
2022-07-26,SX5E,-0.02589244744226738
2022-07-26,000688.SH,-0.0008448178904998729
2022-07-26,SOX,-0.04781720175337418
2022-07-26,NDX,-0.04512860462558449
2022-07-26,XAU,0.07188168151685725
2022-07-26,COPPER,0.16470044924514493
2022-07-26,WTI,0.09406878129626807
2022-07-26,BTC,-0.016453415921351015
2022-07-26,ETH,-0.28172470557195917
2022-07-26,US10Y,0.11011974269801948
2022-07-26,CN10Y,0.000913772780501338
2022-07-27,000300.SH,0.027051166578586246
2022-07-27,SPX,-0.023992858625823628
2022-07-27,HSI,0.02376689707740827
2022-07-27,N225,-0.05116677571861319
2022-07-27,SX5E,-0.03321587419359355
2022-07-27,000688.SH,0.0016927007535163414
2022-07-27,SOX,-0.05228795066937637
2022-07-27,NDX,-0.02281798659646153
2022-07-27,XAU,0.0633620591097866
2022-07-27,COPPER,0.10282283620786091
2022-07-27,WTI,0.09108324769660169
2022-07-27,BTC,0.014908988307419508
2022-07-27,ETH,-0.2315033273694576
2022-07-27,US10Y,0.08592930721605843
2022-07-27,CN10Y,0.004367570226087825
2022-07-28,000300.SH,0.03978879875896695
2022-07-28,SPX,-0.018105198427331933
2022-07-28,HSI,0.048553321086672735
2022-07-28,N225,-0.041915802461392454
2022-07-28,SX5E,-0.012246517979220713
2022-07-28,000688.SH,0.008539487648212024
2022-07-28,SOX,-0.050096115943068356
2022-07-28,NDX,-0.02865556153048515
2022-07-28,XAU,0.056571885293353386
2022-07-28,COPPER,0.08243589528519525
2022-07-28,WTI,0.0950269701099861
2022-07-28,BTC,-0.04481541964012814
2022-07-28,ETH,-0.26373618587968617
2022-07-28,US10Y,0.11733977305532448
2022-07-28,CN10Y,0.01131467062360186
2022-07-29,000300.SH,0.05199794122175842
2022-07-29,SPX,-0.02820184023652727
2022-07-29,HSI,0.07649207986002339
2022-07-29,N225,-0.029175758818507237
2022-07-29,SX5E,-0.018807417644799956
2022-07-29,000688.SH,0.00036748468946228886
2022-07-29,SOX,-0.05480138195612022
2022-07-29,NDX,-0.04080246740795778
2022-07-29,XAU,0.031767518105250386
2022-07-29,COPPER,0.08694038202243637
2022-07-29,WTI,0.13436997804822054
2022-07-29,BTC,-0.08930764815652106
2022-07-29,ETH,-0.3191217299827937
2022-07-29,US10Y,0.1790571488019463
2022-07-29,CN10Y,0.019225711454129487
2022-08-02,000300.SH,0.07887007108925727
2022-08-02,SPX,-0.055980529397580324
2022-08-02,HSI,0.11414753989613545
2022-08-02,N225,-0.01861097959733362
2022-08-02,SX5E,-0.026003817626689484
2022-08-02,000688.SH,0.033954665952254326
2022-08-02,SOX,-0.07869542614982175
2022-08-02,NDX,-0.080065859636531
2022-08-02,XAU,0.02605150374445447
2022-08-02,COPPER,0.06225119249838525
2022-08-02,WTI,0.14957099256671025
2022-08-02,BTC,-0.08964917412768107
2022-08-02,ETH,-0.3336701959672482
2022-08-02,US10Y,0.18458007604916926
2022-08-02,CN10Y,0.03324994070651909
2022-08-03,000300.SH,0.08083615652347162
2022-08-03,SPX,-0.04662549172807197
2022-08-03,HSI,0.12313481960669832
2022-08-03,N225,-0.018953295739916665
2022-08-03,SX5E,-0.02944491838996543
2022-08-03,000688.SH,0.005601409482574021
2022-08-03,SOX,-0.10334814872144353
2022-08-03,NDX,-0.07382131310783704
2022-08-03,XAU,0.02769636880893468
2022-08-03,COPPER,0.09733698015400094
2022-08-03,WTI,0.1748342236778223
2022-08-03,BTC,-0.06801667122915989
2022-08-03,ETH,-0.32850839525442926
2022-08-03,US10Y,0.12153140704805053
2022-08-03,CN10Y,0.03774686886927128
2022-08-04,000300.SH,0.11111262904720719
2022-08-04,SPX,-0.05700753534227903
2022-08-04,HSI,0.12521645272145387
2022-08-04,N225,-0.032054645069496054
2022-08-04,SX5E,-0.048977152407168836
2022-08-04,000688.SH,0.020268284158589497
2022-08-04,SOX,-0.11950409668837925
2022-08-04,NDX,-0.09657791890185624
2022-08-04,XAU,0.020771173817115886
2022-08-04,COPPER,0.07983450974011036
2022-08-04,WTI,0.1887439897462061
2022-08-04,BTC,-0.02987237151852798
2022-08-04,ETH,-0.2959255407119775
2022-08-04,US10Y,0.09411150278963956
2022-08-04,CN10Y,0.039860718619362495
2022-08-05,000300.SH,0.10844852612956485
2022-08-05,SPX,-0.032841941810415574
2022-08-05,HSI,0.1134008010463262
2022-08-05,N225,-0.03202159281487443
2022-08-05,SX5E,-0.07368497508667256
2022-08-05,000688.SH,0.0020307723359385722
2022-08-05,SOX,-0.1421206424615971
2022-08-05,NDX,-0.0627045535360152
2022-08-05,XAU,-0.016174518505731428
2022-08-05,COPPER,0.020640479741616913
2022-08-05,WTI,0.1749757110442227
2022-08-05,BTC,0.02260766203399073
2022-08-05,ETH,-0.1917991506845469
2022-08-05,US10Y,0.06241072851880313
2022-08-05,CN10Y,0.0468326940493902
2022-08-08,000300.SH,0.0832439556557284
2022-08-08,SPX,-0.020092543196043776
2022-08-08,HSI,0.10523276784016522
2022-08-08,N225,-0.049101375193928654
2022-08-08,SX5E,-0.04107485618643815
2022-08-08,000688.SH,-0.026167315157987595
2022-08-08,SOX,-0.11362048856576745
2022-08-08,NDX,-0.03907438684429225
2022-08-08,XAU,-0.020373862985783288
2022-08-08,COPPER,0.009308641609722293
2022-08-08,WTI,0.1621010704444111
2022-08-08,BTC,0.039175553123996947
2022-08-08,ETH,-0.1826523574513605
2022-08-08,US10Y,0.04984862472107917
2022-08-08,CN10Y,0.04324657218649862
2022-08-09,000300.SH,0.08173242932355736
2022-08-09,SPX,-0.022207710669420386
2022-08-09,HSI,0.10134730890169497
2022-08-09,N225,-0.04630807553343037
2022-08-09,SX5E,-0.044967071306306707
2022-08-09,000688.SH,-0.021560987949684543
2022-08-09,SOX,-0.0820041288062628
2022-08-09,NDX,-0.03684895511919371
2022-08-09,XAU,-0.03040899978762843
2022-08-09,COPPER,0.016452276655020737
2022-08-09,WTI,0.16064072479414634
2022-08-09,BTC,0.017089364717401724
2022-08-09,ETH,-0.22628290970629233
2022-08-09,US10Y,0.09457423246866417
2022-08-09,CN10Y,0.038752502017734086
2022-08-10,000300.SH,0.07311410293163795
2022-08-10,SPX,-0.02811310137233031
2022-08-10,HSI,0.10032751001549506
2022-08-10,N225,-0.041016453838049
2022-08-10,SX5E,-0.0362543553048832
2022-08-10,000688.SH,-0.04045527273133853
2022-08-10,SOX,-0.046924482565056685
2022-08-10,NDX,-0.0358976173068783
2022-08-10,XAU,-0.03375039844265199
2022-08-10,COPPER,0.0016529008893703201
2022-08-10,WTI,0.1747149454575458
2022-08-10,BTC,0.012696361129129865
2022-08-10,ETH,-0.24554963324906806
2022-08-10,US10Y,0.10657819717314505
2022-08-10,CN10Y,0.03887729721393207
2022-08-12,000300.SH,0.08159272578258049
2022-08-12,SPX,-0.026140982778873906
2022-08-12,HSI,0.11925305367171987
2022-08-12,N225,-0.007404530904845023
2022-08-12,SX5E,-0.026890425023652676
2022-08-12,000688.SH,-0.04093828700816217
2022-08-12,SOX,-0.05762082644696957
2022-08-12,NDX,-0.0418216177438957
2022-08-12,XAU,-0.031411895363351414
2022-08-12,COPPER,-0.011363158231320787
2022-08-12,WTI,0.1900424346051383
2022-08-12,BTC,0.009920916761478675
2022-08-12,ETH,-0.2911137850591069
2022-08-12,US10Y,0.09367984700580649
2022-08-12,CN10Y,0.04021653073345439
2022-08-15,000300.SH,0.06585004823370338
2022-08-15,SPX,-0.01879632411371772
2022-08-15,HSI,0.10333925119560974
2022-08-15,N225,-0.03526468979038794
2022-08-15,SX5E,-0.0029700804823329504
2022-08-15,000688.SH,-0.047336424010695086
2022-08-15,SOX,-0.02906160782187314
2022-08-15,NDX,-0.023365603482044292
2022-08-15,XAU,-0.035565888402492765
2022-08-15,COPPER,-0.04393401031354554
2022-08-15,WTI,0.15058091866071693
2022-08-15,BTC,0.06376579453839391
2022-08-15,ETH,-0.26146580757625704
2022-08-15,US10Y,0.0744034586296072
2022-08-15,CN10Y,0.03982096473531542
2022-08-16,000300.SH,0.062451582507672986
2022-08-16,SPX,-0.04331965643800327
2022-08-16,HSI,0.09507030645102701
2022-08-16,N225,-0.04933364712642449
2022-08-16,SX5E,-0.02873052710013721
2022-08-16,000688.SH,-0.04924429317484558
2022-08-16,SOX,-0.051103939244327615
2022-08-16,NDX,-0.052609128633542765
2022-08-16,XAU,-0.0204533032957745
2022-08-16,COPPER,-0.01933358295234576
2022-08-16,WTI,0.18165080289744406
2022-08-16,BTC,0.07132498228526096
2022-08-16,ETH,-0.2281825965761951
2022-08-16,US10Y,0.06797131500650282
2022-08-16,CN10Y,0.06384168539368848
2022-08-17,000300.SH,0.06087757422842274
2022-08-17,SPX,-0.05616672561189576
2022-08-17,HSI,0.09688139266185467
2022-08-17,N225,-0.04682915746477684
2022-08-17,SX5E,-0.055710353181280675
2022-08-17,000688.SH,-0.02526775619510803
2022-08-17,SOX,-0.034872094496937234
2022-08-17,NDX,-0.05710037459845231
2022-08-17,XAU,-0.03395186186932053
2022-08-17,COPPER,-0.059655130488409744
2022-08-17,WTI,0.18115306903172465
2022-08-17,BTC,0.07361527934166953
2022-08-17,ETH,-0.18014894668898193
2022-08-17,US10Y,0.07120937276657174
2022-08-17,CN10Y,0.0659657125649198
2022-08-18,000300.SH,0.030177021013031657
2022-08-18,SPX,-0.03985566290996138
2022-08-18,HSI,0.06242826771454062
2022-08-18,N225,-0.05843960126197774
2022-08-18,SX5E,-0.02721779704235641
2022-08-18,000688.SH,-0.030719335342731274
2022-08-18,SOX,-0.0016911821194724626
2022-08-18,NDX,-0.039721568351283675
2022-08-18,XAU,-0.028632955345392452
2022-08-18,COPPER,-0.0518740570656819
2022-08-18,WTI,0.17717387243622543
2022-08-18,BTC,0.07480423459438801
2022-08-18,ETH,-0.1699308163950964
2022-08-18,US10Y,0.032268901267665795
2022-08-18,CN10Y,0.07123067880810226
2022-08-19,000300.SH,0.02992796633394905
2022-08-19,SPX,-0.05402256684886708
2022-08-19,HSI,0.06342309925166247
2022-08-19,N225,-0.05709076823712639
2022-08-19,SX5E,-0.026947297481998103
2022-08-19,000688.SH,-0.06763100196760163
2022-08-19,SOX,-0.03419896062213104
2022-08-19,NDX,-0.05942537877331403
2022-08-19,XAU,-0.029969062558036053
2022-08-19,COPPER,-0.07878859826048779
2022-08-19,WTI,0.13899027717068116
2022-08-19,BTC,0.10400165412473651
2022-08-19,ETH,-0.05953051147413841
2022-08-19,US10Y,0.05139827769395487
2022-08-19,CN10Y,0.0798628716487165
2022-08-22,000300.SH,0.031957684400537104
2022-08-22,SPX,-0.05641383444464486
2022-08-22,HSI,0.05853372343319742
2022-08-22,N225,-0.03889850962034672
2022-08-22,SX5E,-0.03255246256597307
2022-08-22,000688.SH,-0.030682555048573236
2022-08-22,SOX,-0.01889768043694287
2022-08-22,NDX,-0.05157285533334906
2022-08-22,XAU,-0.0362063035439663
2022-08-22,COPPER,-0.0965312640741517
2022-08-22,WTI,0.11214617315362259
2022-08-22,BTC,0.12369729043658313
2022-08-22,ETH,-0.053303199355718686
2022-08-22,US10Y,0.019760139748258063
2022-08-22,CN10Y,0.0689636532514682
2022-08-23,000300.SH,0.012502976419943239
2022-08-23,SPX,-0.027852243972499253
2022-08-23,HSI,0.04739692108707512
2022-08-23,N225,-0.030829604769971642
2022-08-23,SX5E,-0.012303525597675984
2022-08-23,000688.SH,-0.02039242802447388
2022-08-23,SOX,0.02872929280059102
2022-08-23,NDX,-0.013984681012306228
2022-08-23,XAU,-0.016824532993983086
2022-08-23,COPPER,-0.09727098084989438
2022-08-23,WTI,0.06565487078272822
2022-08-23,BTC,0.083844753250468
2022-08-23,ETH,-0.04207803170286172
2022-08-23,US10Y,-0.040586218180293884
2022-08-23,CN10Y,0.06399343276315447
2022-08-24,000300.SH,0.02287937202630387
2022-08-24,SPX,-0.022863421942597058
2022-08-24,HSI,0.06616196752179634
2022-08-24,N225,-0.009446758343431689
2022-08-24,SX5E,-0.0009078052011598234
2022-08-24,000688.SH,-0.0199801894672876
2022-08-24,SOX,0.0161588218105457
2022-08-24,NDX,-0.015535243072767551
2022-08-24,XAU,-0.01669401470595469
2022-08-24,COPPER,-0.08985849149183842
2022-08-24,WTI,0.029874984208944105
2022-08-24,BTC,0.09805836211999971
2022-08-24,ETH,-0.035802384293686484
2022-08-24,US10Y,-0.09020532809945696
2022-08-24,CN10Y,0.06816012893059052
2022-08-25,000300.SH,0.03790236119400783
2022-08-25,SPX,-0.019747998278623988
2022-08-25,HSI,0.07987826309377119
2022-08-25,N225,-0.009956727165117366
2022-08-25,SX5E,0.0007744134850197855
2022-08-25,000688.SH,0.00590146004648608
2022-08-25,SOX,0.016686567897813663
2022-08-25,NDX,-0.017815441361445684
2022-08-25,XAU,-0.021880952159176542
2022-08-25,COPPER,-0.061018020982013484
2022-08-25,WTI,0.03286636550470555
2022-08-25,BTC,0.05864821213849291
2022-08-25,ETH,-0.07466402364105465
2022-08-25,US10Y,-0.09246814670152775
2022-08-25,CN10Y,0.0648936669286625
2022-08-26,000300.SH,0.040679576554609756
2022-08-26,SPX,-0.037561899900493266
2022-08-26,HSI,0.06651771109371916
2022-08-26,N225,-0.013588856286026182
2022-08-26,SX5E,-0.0023406871433163303
2022-08-26,000688.SH,0.033343612322456986
2022-08-26,SOX,-0.022092770815509373
2022-08-26,NDX,-0.04484546910903829
2022-08-26,XAU,-0.02608511387705835
2022-08-26,COPPER,-0.06362482333466823
2022-08-26,WTI,0.056153783382760086
2022-08-26,BTC,0.07608939627505017
2022-08-26,ETH,-0.049381204017381594
2022-08-26,US10Y,-0.06475032112808388
2022-08-26,CN10Y,0.05148706598297939
2022-08-29,000300.SH,0.023337859040443096
2022-08-29,SPX,-0.017495410030579937
2022-08-29,HSI,0.016632345351237164
2022-08-29,N225,-0.035298105527460294
2022-08-29,SX5E,-0.0067014374428580985
2022-08-29,000688.SH,0.03197124731400791
2022-08-29,SOX,0.014584750726471876
2022-08-29,NDX,-0.012539874050071953
2022-08-29,XAU,-0.01231382743182841
2022-08-29,COPPER,-0.07125121560076642
2022-08-29,WTI,0.04074768006477712
2022-08-29,BTC,0.08139681002512178
2022-08-29,ETH,-0.005833636122956771
2022-08-29,US10Y,-0.09275735990446567
2022-08-29,CN10Y,0.04552017358892855
2022-08-30,000300.SH,0.024681529996878983
2022-08-30,SPX,-0.007484492734517244
2022-08-30,HSI,0.01538862045892524
2022-08-30,N225,-0.009107150401913629
2022-08-30,SX5E,0.007723837362917731
2022-08-30,000688.SH,0.031979702841255495
2022-08-30,SOX,0.03083004987169554
2022-08-30,NDX,-0.005003644683920496
2022-08-30,XAU,0.009544484942431592
2022-08-30,COPPER,-0.04671221329608518
2022-08-30,WTI,-0.019848157438112243
2022-08-30,BTC,0.08949135095745175
2022-08-30,ETH,-0.01999641755329267
2022-08-30,US10Y,-0.15904620042539647
2022-08-30,CN10Y,0.05755870010168157
2022-08-31,000300.SH,0.01140561183838916
2022-08-31,SPX,0.00806412531770035
2022-08-31,HSI,-0.010448777251836794
2022-08-31,N225,-0.025054542510476372
2022-08-31,SX5E,0.017351324148768138
2022-08-31,000688.SH,0.012103137044096865
2022-08-31,SOX,0.03413566422103129
2022-08-31,NDX,0.01211678144814159
2022-08-31,XAU,0.0206372184734844
2022-08-31,COPPER,-0.014988654262653115
2022-08-31,WTI,0.028443944884643343
2022-08-31,BTC,0.07446195969037366
2022-08-31,ETH,-0.05666820715477161
2022-08-31,US10Y,-0.16121950358721188
2022-08-31,CN10Y,0.04965991770032091
2022-09-01,000300.SH,-0.0012443508184698028
2022-09-01,SPX,0.014659426303105301
2022-09-01,HSI,-0.02776256907943661
2022-09-01,N225,-0.024745192057189284
2022-09-01,SX5E,0.030182299984776378
2022-09-01,000688.SH,0.040032035883449696
2022-09-01,SOX,0.06076874337697357
2022-09-01,NDX,0.024812219353956153
2022-09-01,XAU,0.026222310629437792
2022-09-01,COPPER,-0.028606901758920396
2022-09-01,WTI,0.02958049358490683
2022-09-01,BTC,0.053872831761312495
2022-09-01,ETH,-0.09624147459927392
2022-09-01,US10Y,-0.13960982385700976
2022-09-01,CN10Y,0.03807995129238148
2022-09-02,000300.SH,-0.004843009021870779
2022-09-02,SPX,0.020761151178849874
2022-09-02,HSI,-0.010716726118809188
2022-09-02,N225,-0.007061244878808191
2022-09-02,SX5E,0.05488630140990054
2022-09-02,000688.SH,0.044974799521902406
2022-09-02,SOX,0.09484537483243746
2022-09-02,NDX,0.04356401465652399
2022-09-02,XAU,0.03592954639477632
2022-09-02,COPPER,-0.0034234890557643047
2022-09-02,WTI,0.019181152682917063
2022-09-02,BTC,0.018166026505876013
2022-09-02,ETH,-0.16067641712979558
2022-09-02,US10Y,-0.18309770746422746
2022-09-02,CN10Y,0.03751022648609172
2022-09-06,000300.SH,0.007893629184458809
2022-09-06,SPX,0.028428012714607098
2022-09-06,HSI,0.015788745043215424
2022-09-06,N225,-0.0007527107452844057
2022-09-06,SX5E,0.03349739263805027
2022-09-06,000688.SH,0.0490362753529838
2022-09-06,SOX,0.11009029603294587
2022-09-06,NDX,0.05939355477064072
2022-09-06,XAU,0.04160386077408086
2022-09-06,COPPER,-0.005034253346925358
2022-09-06,WTI,-0.027390897247695202
2022-09-06,BTC,0.01053296959499056
2022-09-06,ETH,-0.17233166508118994
2022-09-06,US10Y,-0.18322413791321762
2022-09-06,CN10Y,0.03246892822833902
2022-09-07,000300.SH,0.008067522093539232
2022-09-07,SPX,0.014629889006678986
2022-09-07,HSI,0.018083721549944594
2022-09-07,N225,0.0012204723147230007
2022-09-07,SX5E,0.024761999988871845
2022-09-07,000688.SH,0.07754170364796681
2022-09-07,SOX,0.08463726220657833
2022-09-07,NDX,0.03816028439748893
2022-09-07,XAU,0.0345131433928752
2022-09-07,COPPER,-0.014035251512771074
2022-09-07,WTI,-0.03575286552459471
2022-09-07,BTC,0.04425249365540674
2022-09-07,ETH,-0.16077317685587714
2022-09-07,US10Y,-0.17441771431382413
2022-09-07,CN10Y,0.03911051595299326
2022-09-08,000300.SH,0.0053682198127596075
2022-09-08,SPX,-0.004429178265207475
2022-09-08,HSI,0.018819147496136626
2022-09-08,N225,0.010990140186430034
2022-09-08,SX5E,0.03333534133048103
2022-09-08,000688.SH,0.06060606328716103
2022-09-08,SOX,0.05438722277441217
2022-09-08,NDX,0.014395979380431786
2022-09-08,XAU,0.03290690596600765
2022-09-08,COPPER,0.0015500418586477556
2022-09-08,WTI,0.04829524206539258
2022-09-08,BTC,0.041384047042401576
2022-09-08,ETH,-0.17773545530368706
2022-09-08,US10Y,-0.17865171583319245
2022-09-08,CN10Y,0.038777998201824995
2022-09-09,000300.SH,0.015440752100429566
2022-09-09,SPX,-0.0033561693537439495
2022-09-09,HSI,0.034976977533928325
2022-09-09,N225,-0.015539077385720163
2022-09-09,SX5E,0.02913452319376653
2022-09-09,000688.SH,0.0822035082968977
2022-09-09,SOX,0.01128605638767048
2022-09-09,NDX,0.013009477587692869
2022-09-09,XAU,0.044467620791029484
2022-09-09,COPPER,-0.020381693691542704
2022-09-09,WTI,0.04903765014023312
2022-09-09,BTC,0.05371908041837837
2022-09-09,ETH,-0.16162276531739786
2022-09-09,US10Y,-0.17067797228611284
2022-09-09,CN10Y,0.038302031584490984
2022-09-13,000300.SH,-0.007270003563492318
2022-09-13,SPX,0.009560148124672877
2022-09-13,HSI,-0.007238947414998486
2022-09-13,N225,-0.02545367705050077
2022-09-13,SX5E,0.028336761453509565
2022-09-13,000688.SH,0.08773250227606388
2022-09-13,SOX,0.04400417431531381
2022-09-13,NDX,0.028112274497292436
2022-09-13,XAU,0.04094221028978232
2022-09-13,COPPER,-0.0006270807896265294
2022-09-13,WTI,0.026266521626563035
2022-09-13,BTC,0.012279215095781719
2022-09-13,ETH,-0.07661325589192083
2022-09-13,US10Y,-0.19395723107644114
2022-09-13,CN10Y,0.03392638810800026
2022-09-14,000300.SH,0.0002961957840746949
2022-09-14,SPX,0.03295203480930781
2022-09-14,HSI,0.005167744302028102
2022-09-14,N225,-0.02504892051539054
2022-09-14,SX5E,0.009795106702339657
2022-09-14,000688.SH,0.07255608416115729
2022-09-14,SOX,0.08345896259922411
2022-09-14,NDX,0.05288299381249578
2022-09-14,XAU,0.049106538311726754
2022-09-14,COPPER,-0.005832187259012133
2022-09-14,WTI,-0.017939835745706685
2022-09-14,BTC,-0.00650230080300343
2022-09-14,ETH,-0.07294998830639421
2022-09-14,US10Y,-0.2054056403613225
2022-09-14,CN10Y,0.02746321250847509
2022-09-15,000300.SH,0.012904375642038677
2022-09-15,SPX,0.0420329203794289
2022-09-15,HSI,0.029639248348354123
2022-09-15,N225,0.018475760685706145
2022-09-15,SX5E,0.0251662807919526
2022-09-15,000688.SH,0.07350035447606823
2022-09-15,SOX,0.08964584823913878
2022-09-15,NDX,0.06267258859889312
2022-09-15,XAU,0.04130836737667167
2022-09-15,COPPER,-0.014240974996768067
2022-09-15,WTI,-0.06583108042186
2022-09-15,BTC,0.007815629548348788
2022-09-15,ETH,-0.10074238721176831
2022-09-15,US10Y,-0.21551682088217472
2022-09-15,CN10Y,-0.0068301105740301085
2022-09-16,000300.SH,0.016474796042509378
2022-09-16,SPX,0.04328817632707885
2022-09-16,HSI,0.00786464567402606
2022-09-16,N225,0.013811546742441155
2022-09-16,SX5E,0.026668897197181622
2022-09-16,000688.SH,0.09210225486004549
2022-09-16,SOX,0.07195256114172882
2022-09-16,NDX,0.0620714955580412
2022-09-16,XAU,0.054865276342716256
2022-09-16,COPPER,-0.007035248566342624
2022-09-16,WTI,-0.0487333188631698
2022-09-16,BTC,-0.01564181521445419
2022-09-16,ETH,-0.07720672501792075
2022-09-16,US10Y,-0.22304639188427286
2022-09-16,CN10Y,-0.017436150339608776
2022-09-20,000300.SH,0.04983965366558833
2022-09-20,SPX,0.044471478801513815
2022-09-20,HSI,0.022876146354696935
2022-09-20,N225,0.03831717555008636
2022-09-20,SX5E,0.026521919086174156
2022-09-20,000688.SH,0.0900919778179243
2022-09-20,SOX,0.04359024103233841
2022-09-20,NDX,0.05716844210268447
2022-09-20,XAU,0.0408735410632568
2022-09-20,COPPER,-0.03581122580721645
2022-09-20,WTI,-0.04437027327533779
2022-09-20,BTC,-0.03792156372559122
2022-09-20,ETH,-0.06813485401546154
2022-09-20,US10Y,-0.1979067168464773
2022-09-20,CN10Y,-0.02960594180417945
2022-09-21,000300.SH,0.03732172460291833
2022-09-21,SPX,0.040517510911726784
2022-09-21,HSI,0.007001183892912064
2022-09-21,N225,0.021072438101668693
2022-09-21,SX5E,0.03286468435915717
2022-09-21,000688.SH,0.11042610060469923
2022-09-21,SOX,0.05515813213407768
2022-09-21,NDX,0.04689596770748549
2022-09-21,XAU,0.04269579517410627
2022-09-21,COPPER,-0.016325908578431282
2022-09-21,WTI,-0.020091992835997684
2022-09-21,BTC,-0.03350231377050401
2022-09-21,ETH,-0.04222904227429958
2022-09-21,US10Y,-0.24164064100819116
2022-09-21,CN10Y,-0.040163639021328155
2022-09-22,000300.SH,0.039935543502881046
2022-09-22,SPX,0.0499933774261553
2022-09-22,HSI,0.030274452379629273
2022-09-22,N225,0.037159411967300514
2022-09-22,SX5E,0.018141886211007534
2022-09-22,000688.SH,0.0953400211962851
2022-09-22,SOX,0.045204281144674716
2022-09-22,NDX,0.052307239873897286
2022-09-22,XAU,0.030377960159400502
2022-09-22,COPPER,0.009624128031684331
2022-09-22,WTI,-0.00795258817330975
2022-09-22,BTC,-0.09142272981719343
2022-09-22,ETH,-0.08780628864980074
2022-09-22,US10Y,-0.19129764684023742
2022-09-22,CN10Y,-0.02987904841237437
2022-09-26,000300.SH,0.05879938204923371
2022-09-26,SPX,0.044474663428293155
2022-09-26,HSI,0.04531447511946536
2022-09-26,N225,0.040892210745801676
2022-09-26,SX5E,0.023208642252433905
2022-09-26,000688.SH,0.09360068556914461
2022-09-26,SOX,0.04992258967112191
2022-09-26,NDX,0.0469254500035535
2022-09-26,XAU,0.027836586856698868
2022-09-26,COPPER,0.005452720001607836
2022-09-26,WTI,0.007956967073396186
2022-09-26,BTC,-0.08937684065841323
2022-09-26,ETH,-0.10129514775589868
2022-09-26,US10Y,-0.22496863472991827
2022-09-26,CN10Y,-0.028743749626520626
2022-09-27,000300.SH,0.056140469000528846
2022-09-27,SPX,0.05246468386265938
2022-09-27,HSI,0.04330464237035726
2022-09-27,N225,0.049364962328837136
2022-09-27,SX5E,0.03283618731250904
2022-09-27,000688.SH,0.09608650684388433
2022-09-27,SOX,0.05445545025265494
2022-09-27,NDX,0.046089387674937296
2022-09-27,XAU,0.0586346929919853
2022-09-27,COPPER,0.04446948598138688
2022-09-27,WTI,0.1016882506974166
2022-09-27,BTC,-0.13305018909266147
2022-09-27,ETH,-0.1789091488046013
2022-09-27,US10Y,-0.2742294495067277
2022-09-27,CN10Y,-0.04934593191316659
2022-09-28,000300.SH,0.024993432499641772
2022-09-28,SPX,0.06361457625099023
2022-09-28,HSI,0.034755300028846005
2022-09-28,N225,0.04158389994652814
2022-09-28,SX5E,0.04599782763562336
2022-09-28,000688.SH,0.050585901303107264
2022-09-28,SOX,0.056091291444774385
2022-09-28,NDX,0.05508512552952968
2022-09-28,XAU,0.058095772542244975
2022-09-28,COPPER,0.038624237669794045
2022-09-28,WTI,0.10587584010538974
2022-09-28,BTC,-0.1112968467476761
2022-09-28,ETH,-0.14402927748447206
2022-09-28,US10Y,-0.27595921100576243
2022-09-28,CN10Y,-0.044017869718559005
2022-09-29,000300.SH,0.047751081594157654
2022-09-29,SPX,0.05383164635221195
2022-09-29,HSI,0.10116296585861673
2022-09-29,N225,0.06006692146303581
2022-09-29,SX5E,0.04198577423926016
2022-09-29,000688.SH,0.05603645464766792
2022-09-29,SOX,0.07282156103003079
2022-09-29,NDX,0.04739335289547815
2022-09-29,XAU,0.04210784554413019
2022-09-29,COPPER,0.025166657179585175
2022-09-29,WTI,0.02703685616711858
2022-09-29,BTC,-0.13720757553087096
2022-09-29,ETH,-0.15261659194544058
2022-09-29,US10Y,-0.2391309368486967
2022-09-29,CN10Y,-0.0464060126462849
2022-09-30,000300.SH,0.05174749028757284
2022-09-30,SPX,0.055835632709125366
2022-09-30,HSI,0.12745646280382256
2022-09-30,N225,0.06301056952696646
2022-09-30,SX5E,0.05237362434130344
2022-09-30,000688.SH,0.05095033631832817
2022-09-30,SOX,0.07407955382033016
2022-09-30,NDX,0.05374943141150207
2022-09-30,XAU,0.03227741273434439
2022-09-30,COPPER,0.02169070222463685
2022-09-30,WTI,0.043291205170607215
2022-09-30,BTC,-0.15362616131074805
2022-09-30,ETH,-0.1812308090108297
2022-09-30,US10Y,-0.24467678537932724
2022-09-30,CN10Y,-0.0469286656476346
2022-10-11,000300.SH,0.05171140638615322
2022-10-11,SPX,0.059093637210588426
2022-10-11,HSI,0.11479293545814742
2022-10-11,N225,0.05307833510768081
2022-10-11,SX5E,0.027549739442139683
2022-10-11,000688.SH,0.07853063002844371
2022-10-11,SOX,0.06228630503886607
2022-10-11,NDX,0.054977764721960226
2022-10-11,XAU,0.030220661627922446
2022-10-11,COPPER,0.0010406735951547907
2022-10-11,WTI,0.10030402127864675
2022-10-11,BTC,-0.1605631599504496
2022-10-11,ETH,-0.1756997772269789
2022-10-11,US10Y,-0.23871384583072966
2022-10-11,CN10Y,-0.05860932688754539
2022-10-12,000300.SH,0.07104354002384829
2022-10-12,SPX,0.05358015196782753
2022-10-12,HSI,0.13884622934660565
2022-10-12,N225,0.04934732986771424
2022-10-12,SX5E,0.024036809795641646
2022-10-12,000688.SH,0.12828735943522895
2022-10-12,SOX,0.09905475422872582
2022-10-12,NDX,0.06816390850063804
2022-10-12,XAU,0.02065861712374262
2022-10-12,COPPER,-0.015110984203432978
2022-10-12,WTI,-0.05378054574936567
2022-10-12,BTC,-0.1407772967533997
2022-10-12,ETH,-0.12061097289418024
2022-10-12,US10Y,-0.267655000091613
2022-10-12,CN10Y,-0.05508390059798115
2022-10-13,000300.SH,0.05830697694476785
2022-10-13,SPX,0.05406155908609448
2022-10-13,HSI,0.15011151673553866
2022-10-13,N225,0.04779120931284155
2022-10-13,SX5E,0.018190720927800295
2022-10-13,000688.SH,0.07578873288353676
2022-10-13,SOX,0.10572609140505025
2022-10-13,NDX,0.06932561178064234
2022-10-13,XAU,0.010469492348009656
2022-10-13,COPPER,-0.025211523189559975
2022-10-13,WTI,-0.06754044068539179
2022-10-13,BTC,-0.11534882807623256
2022-10-13,ETH,-0.08444763253928321
2022-10-13,US10Y,-0.24895829611704395
2022-10-13,CN10Y,-0.04826519081677032
2022-10-14,000300.SH,0.061462413335944946
2022-10-14,SPX,0.04110626413713607
2022-10-14,HSI,0.1563680303591831
2022-10-14,N225,0.04208854200166224
2022-10-14,SX5E,-0.0006345658925679442
2022-10-14,000688.SH,0.07693709819704385
2022-10-14,SOX,0.0757523067735923
2022-10-14,NDX,0.05919101923474561
2022-10-14,XAU,0.010110406704508933
2022-10-14,COPPER,-0.053531553129514194
2022-10-14,WTI,-0.10591998009774999
2022-10-14,BTC,-0.08604232862509306
2022-10-14,ETH,-0.0014854101178082904
2022-10-14,US10Y,-0.22787539474693128
2022-10-14,CN10Y,-0.0475268481341523
2022-10-17,000300.SH,0.03197209695296093
2022-10-17,SPX,0.051890226174099004
2022-10-17,HSI,0.13648485365974547
2022-10-17,N225,0.00886421101350969
2022-10-17,SX5E,0.01804806439238598
2022-10-17,000688.SH,0.049187016524559514
2022-10-17,SOX,0.10638255920355877
2022-10-17,NDX,0.07302197551003387
2022-10-17,XAU,0.03104573917135134
2022-10-17,COPPER,-0.04212212456736081
2022-10-17,WTI,-0.05913457677297433
2022-10-17,BTC,-0.09151338914466631
2022-10-17,ETH,-0.026301121414466243
2022-10-17,US10Y,-0.25418237600012683
2022-10-17,CN10Y,-0.03364315470260999
2022-10-18,000300.SH,0.041544242270020126
2022-10-18,SPX,0.032971657477757654
2022-10-18,HSI,0.12734934934451675
2022-10-18,N225,0.022911306203728627
2022-10-18,SX5E,-0.004268365432546188
2022-10-18,000688.SH,0.05283420356094981
2022-10-18,SOX,0.09358983812073879
2022-10-18,NDX,0.045965834799287605
2022-10-18,XAU,0.026144497875872856
2022-10-18,COPPER,-0.014335175223550748
2022-10-18,WTI,-0.03630415286606405
2022-10-18,BTC,-0.13038372612357488
2022-10-18,ETH,-0.002952478435376601
2022-10-18,US10Y,-0.21801840249856547
2022-10-18,CN10Y,-0.037048629073194256
2022-10-19,000300.SH,0.043274689202720436
2022-10-19,SPX,0.03647869062964962
2022-10-19,HSI,0.09881643486037951
2022-10-19,N225,0.00031040872673661
2022-10-19,SX5E,-0.01294833893661546
2022-10-19,000688.SH,0.0678117491291332
2022-10-19,SOX,0.09884296356146517
2022-10-19,NDX,0.0546650004515447
2022-10-19,XAU,0.03365317027372342
2022-10-19,COPPER,-0.008829885783583583
2022-10-19,WTI,-0.07851388439981222
2022-10-19,BTC,-0.10441965384318401
2022-10-19,ETH,0.038957136665014075
2022-10-19,US10Y,-0.23361164751641467
2022-10-19,CN10Y,-0.03448683302075683
2022-10-20,000300.SH,0.052943649615176225
2022-10-20,SPX,0.042402492315937665
2022-10-20,HSI,0.10873391316720449
2022-10-20,N225,0.017278976866604512
2022-10-20,SX5E,-0.017652383055316037
2022-10-20,000688.SH,0.0666445561739169
2022-10-20,SOX,0.09611738204380213
2022-10-20,NDX,0.05445462956338691
2022-10-20,XAU,0.03944025875310839
2022-10-20,COPPER,0.02845884140629698
2022-10-20,WTI,-0.09702417087903535
2022-10-20,BTC,-0.1178616342392079
2022-10-20,ETH,0.021340225039877952
2022-10-20,US10Y,-0.2598999913541626
2022-10-20,CN10Y,-0.035376745417590304
2022-10-21,000300.SH,0.06734922798225973
2022-10-21,SPX,0.049450313582137334
2022-10-21,HSI,0.13801719869354193
2022-10-21,N225,0.025004333416721376
2022-10-21,SX5E,-0.02188415236620293
2022-10-21,000688.SH,0.03819100389985251
2022-10-21,SOX,0.08350907244410448
2022-10-21,NDX,0.06091294744485793
2022-10-21,XAU,0.04108619778432596
2022-10-21,COPPER,-0.008215159886490617
2022-10-21,WTI,-0.07670491729669407
2022-10-21,BTC,-0.069040943507681
2022-10-21,ETH,-0.01671673778739923
2022-10-21,US10Y,-0.27285761831851524
2022-10-21,CN10Y,-0.038100766084818105
2022-10-24,000300.SH,0.08028273103459198
2022-10-24,SPX,0.013358085884275863
2022-10-24,HSI,0.15082404277442674
2022-10-24,N225,0.04967777463312786
2022-10-24,SX5E,0.002117076822469933
2022-10-24,000688.SH,0.04029617114684561
2022-10-24,SOX,0.025004230620818815
2022-10-24,NDX,0.018941863749245863
2022-10-24,XAU,0.020788713493870098
2022-10-24,COPPER,-0.021120005405103694
2022-10-24,WTI,-0.037523558129229195
2022-10-24,BTC,-0.06029155288138629
2022-10-24,ETH,-0.004229310209935909
2022-10-24,US10Y,-0.24064047252366058
2022-10-24,CN10Y,-0.03748579101035709
2022-10-25,000300.SH,0.0979786446758424
2022-10-25,SPX,0.0031662845840212204
2022-10-25,HSI,0.18886497148908168
2022-10-25,N225,0.018315002699228
2022-10-25,SX5E,-0.018897110262605554
2022-10-25,000688.SH,0.0380861526677758
2022-10-25,SOX,0.027067665282972133
2022-10-25,NDX,0.014604873953032841
2022-10-25,XAU,0.022065230457260703
2022-10-25,COPPER,-0.013774765157417077
2022-10-25,WTI,-0.02142085063924922
2022-10-25,BTC,-0.0717298477339682
2022-10-25,ETH,-0.005943223221139465
2022-10-25,US10Y,-0.2528693985205253
2022-10-25,CN10Y,-0.025513630274309942
2022-10-26,000300.SH,0.09763392808203458
2022-10-26,SPX,0.0015695442334018213
2022-10-26,HSI,0.20635065265298808
2022-10-26,N225,0.016023909838258424
2022-10-26,SX5E,-0.023653959125706073
2022-10-26,000688.SH,0.018395852471142768
2022-10-26,SOX,0.035827574184254835
2022-10-26,NDX,0.00932804111361031
2022-10-26,XAU,0.008866747179299523
2022-10-26,COPPER,0.005635757664320732
2022-10-26,WTI,-0.031930344343396574
2022-10-26,BTC,-0.05531683684152186
2022-10-26,ETH,-0.06029959129188277
2022-10-26,US10Y,-0.20103363079341363
2022-10-26,CN10Y,-0.02739764502339021
2022-10-27,000300.SH,0.07021679585821579
2022-10-27,SPX,0.016745567954231915
2022-10-27,HSI,0.19320618847118542
2022-10-27,N225,0.0014483657483623695
2022-10-27,SX5E,-0.031087186744554695
2022-10-27,000688.SH,-0.008233463341567143
2022-10-27,SOX,0.07908453802609083
2022-10-27,NDX,0.04473936200190789
2022-10-27,XAU,0.01382210515699647
2022-10-27,COPPER,-0.002335820989537902
2022-10-27,WTI,-0.0538513288209537
2022-10-27,BTC,-0.038494088979488465
2022-10-27,ETH,-0.08365547149599917
2022-10-27,US10Y,-0.18834382484161039
2022-10-27,CN10Y,-0.013261738003279289
2022-10-28,000300.SH,0.07795366523478049
2022-10-28,SPX,0.01789533894946485
2022-10-28,HSI,0.1901464282035996
2022-10-28,N225,0.009486339685667472
2022-10-28,SX5E,-0.03780827481961757
2022-10-28,000688.SH,-0.02451019858893387
2022-10-28,SOX,0.08665971824465879
2022-10-28,NDX,0.06258426134567728
2022-10-28,XAU,0.006252021402499959
2022-10-28,COPPER,-0.011261268222659757
2022-10-28,WTI,-0.06394425395554441
2022-10-28,BTC,-0.05756696091298054
2022-10-28,ETH,-0.11703642399060912
2022-10-28,US10Y,-0.1256548736124438
2022-10-28,CN10Y,-0.01319551896355941
2022-10-31,000300.SH,0.09978762829763993
2022-10-31,SPX,-0.010979268484981415
2022-10-31,HSI,0.21607761616587995
2022-10-31,N225,0.00864181405602053
2022-10-31,SX5E,-0.023513390110234133
2022-10-31,000688.SH,-0.019889359429026258
2022-10-31,SOX,0.0613110647254585
2022-10-31,NDX,0.029168827141350717
2022-10-31,XAU,0.027285174456077803
2022-10-31,COPPER,0.011717860654816975
2022-10-31,WTI,-0.05634889639084828
2022-10-31,BTC,-0.05222804876395102
2022-10-31,ETH,-0.131836645291132
2022-10-31,US10Y,-0.15189667622836522
2022-10-31,CN10Y,-0.00729770079870613
2022-11-01,000300.SH,0.0976245549694046
2022-11-01,SPX,-0.02033626283180551
2022-11-01,HSI,0.20834687902243157
2022-11-01,N225,-0.017004613791996276
2022-11-01,SX5E,-0.048609871424096604
2022-11-01,000688.SH,-0.03637743301419667
2022-11-01,SOX,0.038570333499350906
2022-11-01,NDX,0.019187521065908545
2022-11-01,XAU,0.029444694271555855
2022-11-01,COPPER,0.026402579082537965
2022-11-01,WTI,-0.038154937907958514
2022-11-01,BTC,-0.021928720454395187
2022-11-01,ETH,-0.12031113461033201
2022-11-01,US10Y,-0.1187712720725227
2022-11-01,CN10Y,0.0019176841961140011
2022-11-02,000300.SH,0.06212239002336094
2022-11-02,SPX,-0.018398299586996146
2022-11-02,HSI,0.15139140819241337
2022-11-02,N225,-0.04023459204696745
2022-11-02,SX5E,-0.0662177654007599
2022-11-02,000688.SH,-0.04770131308491247
2022-11-02,SOX,0.04645286875722218
2022-11-02,NDX,0.03890579648153582
2022-11-02,XAU,0.0016105134133253575
2022-11-02,COPPER,-0.02284745881847737
2022-11-02,WTI,-0.11430595243366773
2022-11-02,BTC,0.04547543944771306
2022-11-02,ETH,0.005762371786671119
2022-11-02,US10Y,-0.06336739999022054
2022-11-02,CN10Y,0.02135199325975965
2022-11-04,000300.SH,0.06125738636366542
2022-11-04,SPX,-0.006178196193999647
2022-11-04,HSI,0.12369753637698577
2022-11-04,N225,-0.036728839717588925
2022-11-04,SX5E,-0.06873901536580576
2022-11-04,000688.SH,-0.05157629877373249
2022-11-04,SOX,0.06951200704001302
2022-11-04,NDX,0.061390394580293134
2022-11-04,XAU,0.009126758009243431
2022-11-04,COPPER,-0.024268706503433796
2022-11-04,WTI,-0.11561903705082269
2022-11-04,BTC,0.024365184315180442
2022-11-04,ETH,-0.009415712718158775
2022-11-04,US10Y,-0.04515272473087337
2022-11-04,CN10Y,0.008329264369034129
2022-11-07,000300.SH,0.03062111837641949
2022-11-07,SPX,0.034379734408843454
2022-11-07,HSI,0.07765429383236482
2022-11-07,N225,-0.03372253672070527
2022-11-07,SX5E,-0.07185722023714375
2022-11-07,000688.SH,-0.08866558884407025
2022-11-07,SOX,0.09284106668190288
2022-11-07,NDX,0.11303102629078968
2022-11-07,XAU,0.014802003275439912
2022-11-07,COPPER,-0.044070395991654826
2022-11-07,WTI,-0.07027439889707096
2022-11-07,BTC,0.055212784073381774
2022-11-07,ETH,0.01146639657784573
2022-11-07,US10Y,-0.13866704304798722
2022-11-07,CN10Y,0.01724876022164444
2022-11-08,000300.SH,0.02829940392386448
2022-11-08,SPX,0.0052146474341327135
2022-11-08,HSI,0.04653150562141604
2022-11-08,N225,-0.035433930185522544
2022-11-08,SX5E,-0.09289905490734175
2022-11-08,000688.SH,-0.07159746503097161
2022-11-08,SOX,0.041370485450618846
2022-11-08,NDX,0.07557171994189564
2022-11-08,XAU,0.01957093072558251
2022-11-08,COPPER,-0.002189527747999919
2022-11-08,WTI,-0.06307696386508206
2022-11-08,BTC,0.09739988489857401
2022-11-08,ETH,0.06777154641806132
2022-11-08,US10Y,-0.1382455385586937
2022-11-08,CN10Y,0.021712355881465906
2022-11-09,000300.SH,0.02409812047488883
2022-11-09,SPX,-0.02338800564334101
2022-11-09,HSI,0.0479685601950106
2022-11-09,N225,-0.06485904928214688
2022-11-09,SX5E,-0.09303508836980162
2022-11-09,000688.SH,-0.09317918070158131
2022-11-09,SOX,-0.009877005998523071
2022-11-09,NDX,0.04297509029013336
2022-11-09,XAU,-0.00839835348924347
2022-11-09,COPPER,-0.041785492405769814
2022-11-09,WTI,-0.06295013537108685
2022-11-09,BTC,0.16724330474063576
2022-11-09,ETH,0.17978215071291592
2022-11-09,US10Y,-0.09430613613149755
2022-11-09,CN10Y,0.029711220979407003
2022-11-10,000300.SH,0.0003167671607160645
2022-11-10,SPX,-0.026403856379015187
2022-11-10,HSI,0.024964822248621735
2022-11-10,N225,-0.042333952432057495
2022-11-10,SX5E,-0.09634182869342815
2022-11-10,000688.SH,-0.15016284262276827
2022-11-10,SOX,-0.05800218694219897
2022-11-10,NDX,0.023561487355369653
2022-11-10,XAU,-0.015072516439420125
2022-11-10,COPPER,-0.0644946370406454
2022-11-10,WTI,0.044448995548175364
2022-11-10,BTC,0.20611692487160665
2022-11-10,ETH,0.19250629969965732
2022-11-10,US10Y,-0.05661178984401574
2022-11-10,CN10Y,0.017508313509402507
2022-11-14,000300.SH,0.0335118350845509
2022-11-14,SPX,-0.0547531105707922
2022-11-14,HSI,0.042567832964314434
2022-11-14,N225,-0.033552827827819556
2022-11-14,SX5E,-0.1146134737105523
2022-11-14,000688.SH,-0.08243979355743809
2022-11-14,SOX,-0.11579418404828483
2022-11-14,NDX,-0.016262340354812783
2022-11-14,XAU,-0.023610830156799587
2022-11-14,COPPER,-0.061172968111393264
2022-11-14,WTI,0.05538316501020607
2022-11-14,BTC,0.19754353781251155
2022-11-14,ETH,0.1641166674414849
2022-11-14,US10Y,-0.004901466182707155
2022-11-14,CN10Y,0.013977956207531901
2022-11-15,000300.SH,-0.001919635489114089
2022-11-15,SPX,-0.02416004420297784
2022-11-15,HSI,-0.06948419211395285
2022-11-15,N225,-0.059855017374917704
2022-11-15,SX5E,-0.11407106544272791
2022-11-15,000688.SH,-0.0781795005781799
2022-11-15,SOX,-0.098943069307424
2022-11-15,NDX,0.0038798337461514072
2022-11-15,XAU,-0.03358536140548036
2022-11-15,COPPER,-0.06499462506405268
2022-11-15,WTI,0.09421212007651977
2022-11-15,BTC,0.2767206508474129
2022-11-15,ETH,0.2191707989176666
2022-11-15,US10Y,-0.01123269852557782
2022-11-15,CN10Y,-0.03755819408334553
2022-11-16,000300.SH,0.00846715941416912
2022-11-16,SPX,-0.04219817224599373
2022-11-16,HSI,-0.09189097344735454
2022-11-16,N225,-0.027123246509222182
2022-11-16,SX5E,-0.10719961531927075
2022-11-16,000688.SH,-0.06708965255106668
2022-11-16,SOX,-0.14786979414071097
2022-11-16,NDX,-0.024197935428576494
2022-11-16,XAU,-0.044452787229100774
2022-11-16,COPPER,-0.06165281153740166
2022-11-16,WTI,0.052481922333673804
2022-11-16,BTC,0.29364854038478966
2022-11-16,ETH,0.28614396746468596
2022-11-16,US10Y,0.01201529469649343
2022-11-16,CN10Y,-0.03908189588511414
2022-11-17,000300.SH,0.009955033243992231
2022-11-17,SPX,-0.02938089605913113
2022-11-17,HSI,-0.0952792216724243
2022-11-17,N225,-0.04208147575658818
2022-11-17,SX5E,-0.09418662395116015
2022-11-17,000688.SH,-0.056080251077422566
2022-11-17,SOX,-0.12251225006989591
2022-11-17,NDX,-0.002100318755909495
2022-11-17,XAU,-0.04874191046013446
2022-11-17,COPPER,-0.06565080625065443
2022-11-17,WTI,0.03177861821058142
2022-11-17,BTC,0.26112296037542837
2022-11-17,ETH,0.24146748108042265
2022-11-17,US10Y,0.057932572787238845
2022-11-17,CN10Y,-0.0462429116443429
2022-11-18,000300.SH,0.010205741908150092
2022-11-18,SPX,-0.019210098222781503
2022-11-18,HSI,-0.06773063774937098
2022-11-18,N225,-0.024279237669556773
2022-11-18,SX5E,-0.08911412409321587
2022-11-18,000688.SH,-0.06677509782516636
2022-11-18,SOX,-0.13701932142571613
2022-11-18,NDX,0.002277318449064393
2022-11-18,XAU,-0.042014154563043596
2022-11-18,COPPER,-0.06241617558427066
2022-11-18,WTI,0.04513101733176174
2022-11-18,BTC,0.23573380869685995
2022-11-18,ETH,0.22052095404812128
2022-11-18,US10Y,0.030735271993179387
2022-11-18,CN10Y,-0.036045265294014965
2022-11-21,000300.SH,-0.000740315881028914
2022-11-21,SPX,-0.028271912530811377
2022-11-21,HSI,-0.08776947389228232
2022-11-21,N225,-0.018893547766747048
2022-11-21,SX5E,-0.09757879169227376
2022-11-21,000688.SH,-0.06699022714692698
2022-11-21,SOX,-0.1273196634781592
2022-11-21,NDX,0.0012938371627303318
2022-11-21,XAU,-0.04907019680640359
2022-11-21,COPPER,-0.059749629795173634
2022-11-21,WTI,0.09113731178813755
2022-11-21,BTC,0.2325100747513682
2022-11-21,ETH,0.20353324051349747
2022-11-21,US10Y,0.049975106750268644
2022-11-21,CN10Y,-0.04206581197619536
2022-11-22,000300.SH,-0.004646907317532029
2022-11-22,SPX,-0.04848522919569346
2022-11-22,HSI,-0.09173806036801233
2022-11-22,N225,-0.030124840500038337
2022-11-22,SX5E,-0.09671539159920328
2022-11-22,000688.SH,-0.06155072545408774
2022-11-22,SOX,-0.1321825964419657
2022-11-22,NDX,-0.012734743286851537
2022-11-22,XAU,-0.052130134017059446
2022-11-22,COPPER,-0.037806617788977745
2022-11-22,WTI,0.07483593136362274
2022-11-22,BTC,0.23526112223783072
2022-11-22,ETH,0.21571774173759614
2022-11-22,US10Y,0.07917664509228824
2022-11-22,CN10Y,-0.03687619446191625
2022-11-25,000300.SH,-0.007137567114639201
2022-11-25,SPX,-0.03990647126120473
2022-11-25,HSI,-0.08177455952009333
2022-11-25,N225,-0.0425406046754669
2022-11-25,SX5E,-0.1074310003196506
2022-11-25,000688.SH,-0.0431552264684321
2022-11-25,SOX,-0.12724870680912637
2022-11-25,NDX,-0.005794770538471265
2022-11-25,XAU,-0.03406713081897969
2022-11-25,COPPER,-0.025080475270600616
2022-11-25,WTI,0.06386356503389887
2022-11-25,BTC,0.20892818862079188
2022-11-25,ETH,0.18907461674731105
2022-11-25,US10Y,0.08820068632659163
2022-11-25,CN10Y,-0.03593054393192863
2022-11-28,000300.SH,-0.0374175315990288
2022-11-28,SPX,-0.031591550426587726
2022-11-28,HSI,-0.15312258236163606
2022-11-28,N225,-0.04519486740986989
2022-11-28,SX5E,-0.0997899223213575
2022-11-28,000688.SH,-0.022988421063696265
2022-11-28,SOX,-0.11520930194347685
2022-11-28,NDX,0.0046774502679009875
2022-11-28,XAU,-0.04611542753649615
2022-11-28,COPPER,-0.03529067823590835
2022-11-28,WTI,0.11973753908483178
2022-11-28,BTC,0.2054433815787165
2022-11-28,ETH,0.1799140014619597
2022-11-28,US10Y,0.11817009433166528
2022-11-28,CN10Y,-0.041222183827016735
2022-11-29,000300.SH,-0.034079036149826936
2022-11-29,SPX,-0.020728044225900674
2022-11-29,HSI,-0.14629058393375036
2022-11-29,N225,-0.03246172272888959
2022-11-29,SX5E,-0.08899325968112064
2022-11-29,000688.SH,-0.0244756987251791
2022-11-29,SOX,-0.1029498972706966
2022-11-29,NDX,0.014521729709905276
2022-11-29,XAU,-0.04566842591211046
2022-11-29,COPPER,-0.05725185754421126
2022-11-29,WTI,0.0976122353995595
2022-11-29,BTC,0.20230615710067468
2022-11-29,ETH,0.19804041161247277
2022-11-29,US10Y,0.08903797055063398
2022-11-29,CN10Y,-0.048619978201560526
2022-11-30,000300.SH,-0.05354215896068483
2022-11-30,SPX,-0.025156723511182227
2022-11-30,HSI,-0.18445538121951535
2022-11-30,N225,-0.023942326377669923
2022-11-30,SX5E,-0.0828090469683106
2022-11-30,000688.SH,0.0004774433652757898
2022-11-30,SOX,-0.10749296642878013
2022-11-30,NDX,0.0007231025812829556
2022-11-30,XAU,-0.0491799584021148
2022-11-30,COPPER,-0.026840858435275936
2022-11-30,WTI,0.10743083386810494
2022-11-30,BTC,0.2262951681714711
2022-11-30,ETH,0.22868481182653133
2022-11-30,US10Y,0.054002511768968565
2022-11-30,CN10Y,-0.06419445127810082
2022-12-01,000300.SH,-0.05041723081712199
2022-12-01,SPX,-0.03298543194336961
2022-12-01,HSI,-0.18408779416114557
2022-12-01,N225,-0.02421195063901414
2022-12-01,SX5E,-0.0754165193370007
2022-12-01,000688.SH,0.02108198653941211
2022-12-01,SOX,-0.12918488960388524
2022-12-01,NDX,-0.028051169532013247
2022-12-01,XAU,-0.045057513214087686
2022-12-01,COPPER,-0.04010302692103032
2022-12-01,WTI,0.12415448393673621
2022-12-01,BTC,0.24105638130259743
2022-12-01,ETH,0.2527944033844753
2022-12-01,US10Y,0.03682180555677478
2022-12-01,CN10Y,-0.06639353455132727
2022-12-02,000300.SH,-0.08650968611628417
2022-12-02,SPX,-0.009387335499456008
2022-12-02,HSI,-0.2287171523570558
2022-12-02,N225,-0.04240084126851455
2022-12-02,SX5E,-0.07896927814121847
2022-12-02,000688.SH,-0.00023738699672167657
2022-12-02,SOX,-0.08473556177105297
2022-12-02,NDX,0.0003423656003626906
2022-12-02,XAU,-0.07691316650365575
2022-12-02,COPPER,-0.07242755723184464
2022-12-02,WTI,0.10795853751644024
2022-12-02,BTC,0.26154456878103666
2022-12-02,ETH,0.2857996765458961
2022-12-02,US10Y,0.09361694528821539
2022-12-02,CN10Y,-0.06896412784614697
2022-12-05,000300.SH,-0.08954649446829865
2022-12-05,SPX,-0.01368395315889064
2022-12-05,HSI,-0.23779930119477985
2022-12-05,N225,-0.008099252962728818
2022-12-05,SX5E,-0.07521526418717274
2022-12-05,000688.SH,0.01906390386073729
2022-12-05,SOX,-0.09021949295734709
2022-12-05,NDX,-0.005504651005868749
2022-12-05,XAU,-0.0798450846903838
2022-12-05,COPPER,-0.10191317986667382
2022-12-05,WTI,0.09932161943213617
2022-12-05,BTC,0.25469567054259545
2022-12-05,ETH,0.2901632993144624
2022-12-05,US10Y,0.11844381625102998
2022-12-05,CN10Y,-0.07986163490881722
2022-12-06,000300.SH,-0.07909668710187265
2022-12-06,SPX,-0.015930130091828542
2022-12-06,HSI,-0.23697749312342659
2022-12-06,N225,-0.008140039021446617
2022-12-06,SX5E,-0.0687452985940605
2022-12-06,000688.SH,0.027947581998023514
2022-12-06,SOX,-0.09757786703708
2022-12-06,NDX,-0.017726189662462796
2022-12-06,XAU,-0.06286972171291294
2022-12-06,COPPER,-0.0740391659287122
2022-12-06,WTI,0.14397592497983486
2022-12-06,BTC,0.21919859769093938
2022-12-06,ETH,0.25715566663761297
2022-12-06,US10Y,0.0944773422578323
2022-12-06,CN10Y,-0.08165252129044019
2022-12-07,000300.SH,-0.07293422596817721
2022-12-07,SPX,-0.02545308789610583
2022-12-07,HSI,-0.210629563592106
2022-12-07,N225,-0.009821675829678234
2022-12-07,SX5E,-0.07189181453758064
2022-12-07,000688.SH,0.042194833160948804
2022-12-07,SOX,-0.10422629412719264
2022-12-07,NDX,-0.030345508566993303
2022-12-07,XAU,-0.07194894843756895
2022-12-07,COPPER,-0.09134591879325936
2022-12-07,WTI,0.1915740488515436
2022-12-07,BTC,0.19746674796740768
2022-12-07,ETH,0.21319316797241164
2022-12-07,US10Y,0.12603690004373058
2022-12-07,CN10Y,-0.08186866024738013
2022-12-08,000300.SH,-0.061196160194237334
2022-12-08,SPX,-0.05672741656745861
2022-12-08,HSI,-0.17393576718898834
2022-12-08,N225,-0.021008826536741274
2022-12-08,SX5E,-0.06917758994395222
2022-12-08,000688.SH,0.05486735438852778
2022-12-08,SOX,-0.13735556833861773
2022-12-08,NDX,-0.07274267470596907
2022-12-08,XAU,-0.07340017367840239
2022-12-08,COPPER,-0.06321522424835757
2022-12-08,WTI,0.20821687956329984
2022-12-08,BTC,0.1645668984358025
2022-12-08,ETH,0.1785976372947989
2022-12-08,US10Y,0.18606463060039813
2022-12-08,CN10Y,-0.06355399888010262
2022-12-09,000300.SH,-0.05391447318084609
2022-12-09,SPX,-0.04315841750354145
2022-12-09,HSI,-0.17237609550291372
2022-12-09,N225,-0.005054308254273195
2022-12-09,SX5E,-0.057646862006709945
2022-12-09,000688.SH,0.05344170668792849
2022-12-09,SOX,-0.1215684430346621
2022-12-09,NDX,-0.05997870063469058
2022-12-09,XAU,-0.07199592101090642
2022-12-09,COPPER,-0.08638176426806309
2022-12-09,WTI,0.22474128633404672
2022-12-09,BTC,0.14730757805714587
2022-12-09,ETH,0.1396907082037106
2022-12-09,US10Y,0.17521330264599969
2022-12-09,CN10Y,-0.06831959653222476
2022-12-12,000300.SH,-0.0627372407856957
2022-12-12,SPX,-0.014487248507831013
2022-12-12,HSI,-0.18955772587551212
2022-12-12,N225,-0.004011519653150738
2022-12-12,SX5E,-0.045807997037398566
2022-12-12,000688.SH,0.05239728862083715
2022-12-12,SOX,-0.06435421992778041
2022-12-12,NDX,-0.028555034923904918
2022-12-12,XAU,-0.04508244612029212
2022-12-12,COPPER,-0.04238063029941342
2022-12-12,WTI,0.21754982716568205
2022-12-12,BTC,0.10000824588713395
2022-12-12,ETH,0.0760221367480647
2022-12-12,US10Y,0.12483747169635329
2022-12-12,CN10Y,-0.07384090698709216
2022-12-13,000300.SH,-0.04637014797367519
2022-12-13,SPX,-0.02066275809394528
2022-12-13,HSI,-0.16457943266337918
2022-12-13,N225,-0.005977005873080138
2022-12-13,SX5E,-0.02800394925392609
2022-12-13,000688.SH,0.05921537325849828
2022-12-13,SOX,-0.06805232105722356
2022-12-13,NDX,-0.0326924177421059
2022-12-13,XAU,-0.024470128780582984
2022-12-13,COPPER,0.007039486897961033
2022-12-13,WTI,0.20303244448620114
2022-12-13,BTC,0.050719675124908346
2022-12-13,ETH,0.03692985587491617
2022-12-13,US10Y,0.10145576432037762
2022-12-13,CN10Y,-0.0675844385249444
2022-12-14,000300.SH,-0.05881387568656484
2022-12-14,SPX,0.004458444205611983
2022-12-14,HSI,-0.19058435354788913
2022-12-14,N225,-0.01941930364764407
2022-12-14,SX5E,-0.025341285426104202
2022-12-14,000688.SH,0.046022575448240864
2022-12-14,SOX,-0.02112647617453785
2022-12-14,NDX,0.004723199907715582
2022-12-14,XAU,-0.023770071617576913
2022-12-14,COPPER,0.0031304392473272616
2022-12-14,WTI,0.15868625586975865
2022-12-14,BTC,0.0517086140553118
2022-12-14,ETH,0.0702496440811692
2022-12-14,US10Y,0.06775066270364141
2022-12-14,CN10Y,-0.06767446941845996
2022-12-15,000300.SH,-0.03627796976628297
2022-12-15,SPX,-0.000726926265407473
2022-12-15,HSI,-0.10415122088646454
2022-12-15,N225,-0.007903629300311353
2022-12-15,SX5E,-0.018081708025369767
2022-12-15,000688.SH,0.044399642543967416
2022-12-15,SOX,-0.005208891849884155
2022-12-15,NDX,0.0071491154682437625
2022-12-15,XAU,-0.018891570300953054
2022-12-15,COPPER,0.0047941075750416
2022-12-15,WTI,0.10468155838888163
2022-12-15,BTC,-0.03968655885677625
2022-12-15,ETH,-0.014790936210963387
2022-12-15,US10Y,0.09460380395879707
2022-12-15,CN10Y,-0.009908816472518747
2022-12-16,000300.SH,-0.028147591085805865
2022-12-16,SPX,0.005337779964045761
2022-12-16,HSI,-0.06556718249852037
2022-12-16,N225,-0.0032695285832884877
2022-12-16,SX5E,0.00848744578143366
2022-12-16,000688.SH,0.053915346114830925
2022-12-16,SOX,0.017012376265589844
2022-12-16,NDX,0.02172492538179195
2022-12-16,XAU,-0.01311399911945588
2022-12-16,COPPER,-0.005975084671644376
2022-12-16,WTI,0.10285715549504937
2022-12-16,BTC,-0.07584262822917902
2022-12-16,ETH,-0.09216862573596366
2022-12-16,US10Y,0.10049858149969758
2022-12-16,CN10Y,-0.025748970578581575
2022-12-19,000300.SH,-0.036677193214025405
2022-12-19,SPX,0.009746409637306809
2022-12-19,HSI,-0.07677036734483747
2022-12-19,N225,0.016446971035013486
2022-12-19,SX5E,0.009429719737726511
2022-12-19,000688.SH,0.05215615370658721
2022-12-19,SOX,-0.012178678123422387
2022-12-19,NDX,0.017773978362157196
2022-12-19,XAU,-0.024028515413657563
2022-12-19,COPPER,-0.020387666115349166
2022-12-19,WTI,0.10859883072694229
2022-12-19,BTC,-0.04233319891961066
2022-12-19,ETH,-0.03386389974973228
2022-12-19,US10Y,0.052147985411351586
2022-12-19,CN10Y,-0.020060529736450193
2022-12-20,000300.SH,-0.02543902828865987
2022-12-20,SPX,0.015912594052683676
2022-12-20,HSI,-0.08430460503067272
2022-12-20,N225,0.023305452675398804
2022-12-20,SX5E,0.006544432327946122
2022-12-20,000688.SH,0.08037395102195942
2022-12-20,SOX,0.01290487723395049
2022-12-20,NDX,0.030220564285526656
2022-12-20,XAU,-0.028731446931114006
2022-12-20,COPPER,-0.03899550173129708
2022-12-20,WTI,0.05167538076782059
2022-12-20,BTC,-0.02776372659720515
2022-12-20,ETH,-0.04563748978132165
2022-12-20,US10Y,0.0527948649652001
2022-12-20,CN10Y,-0.022860318970215385
2022-12-21,000300.SH,-0.011363175914810276
2022-12-21,SPX,0.024512655797879142
2022-12-21,HSI,-0.070379376003536
2022-12-21,N225,0.04677760796033373
2022-12-21,SX5E,0.023614815363798027
2022-12-21,000688.SH,0.07692251742354911
2022-12-21,SOX,0.02965967250394653
2022-12-21,NDX,0.03733277799500997
2022-12-21,XAU,-0.049094377233616225
2022-12-21,COPPER,-0.05794723493351792
2022-12-21,WTI,0.036186652869170256
2022-12-21,BTC,-0.04150202039314497
2022-12-21,ETH,-0.05732347141474091
2022-12-21,US10Y,0.030527904083592995
2022-12-21,CN10Y,-0.017924948103913457
2022-12-22,000300.SH,-0.01216547623980325
2022-12-22,SPX,0.02473214404092971
2022-12-22,HSI,-0.08112670573678958
2022-12-22,N225,0.05498972093932675
2022-12-22,SX5E,0.01224554727891318
2022-12-22,000688.SH,0.10043830285756285
2022-12-22,SOX,0.02316334845244373
2022-12-22,NDX,0.034897104331887294
2022-12-22,XAU,-0.04318854854151861
2022-12-22,COPPER,-0.05666954871319753
2022-12-22,WTI,0.027479436095421167
2022-12-22,BTC,-0.03822645016429758
2022-12-22,ETH,-0.05910305990789219
2022-12-22,US10Y,0.026426529843348447
2022-12-22,CN10Y,-0.0138923445363344
2022-12-23,000300.SH,-0.01900621876121982
2022-12-23,SPX,0.039395105500604904
2022-12-23,HSI,-0.12927931605526782
2022-12-23,N225,0.056969713340100515
2022-12-23,SX5E,0.022138826024962102
2022-12-23,000688.SH,0.08946072295877738
2022-12-23,SOX,0.07093759539776576
2022-12-23,NDX,0.05835969655872505
2022-12-23,XAU,-0.03738300912148612
2022-12-23,COPPER,-0.046079610697803475
2022-12-23,WTI,0.023269900514167875
2022-12-23,BTC,-0.04721315793585049
2022-12-23,ETH,-0.09074475978562135
2022-12-23,US10Y,0.017568778909210575
2022-12-23,CN10Y,-0.008394266847065093
2022-12-28,000300.SH,-0.015108105875848307
2022-12-28,SPX,0.039604085022323696
2022-12-28,HSI,-0.11583397079731643
2022-12-28,N225,0.07325000973858548
2022-12-28,SX5E,0.032355154434054414
2022-12-28,000688.SH,0.08333116571220227
2022-12-28,SOX,0.0688311792890203
2022-12-28,NDX,0.0588885296925959
2022-12-28,XAU,-0.031852979738415936
2022-12-28,COPPER,-0.058724382832646714
2022-12-28,WTI,-0.04635549535671181
2022-12-28,BTC,-0.025702134462258868
2022-12-28,ETH,-0.03854834317230446
2022-12-28,US10Y,-0.02546212247348787
2022-12-28,CN10Y,0.0013274108202083572
2022-12-29,000300.SH,-0.03375615963478577
2022-12-29,SPX,0.04975319969603046
2022-12-29,HSI,-0.14235369429944697
2022-12-29,N225,0.06460512452058792
2022-12-29,SX5E,0.033302305859920764
2022-12-29,000688.SH,0.041592292943649065
2022-12-29,SOX,0.09250122498056404
2022-12-29,NDX,0.08403121822789114
2022-12-29,XAU,-0.038376229635879576
2022-12-29,COPPER,-0.060442164521796835
2022-12-29,WTI,-0.029900455060680432
2022-12-29,BTC,-0.0024376797881654547
2022-12-29,ETH,0.0009491499903047235
2022-12-29,US10Y,-0.06326736900942598
2022-12-29,CN10Y,0.003799235731232878
2022-12-30,000300.SH,-0.003691870046573507
2022-12-30,SPX,0.02192214046312336
2022-12-30,HSI,-0.08694262423320108
2022-12-30,N225,0.06974057725043523
2022-12-30,SX5E,0.017259491231207957
2022-12-30,000688.SH,0.04007461082727209
2022-12-30,SOX,0.040055541978200875
2022-12-30,NDX,0.040844505081502086
2022-12-30,XAU,-0.035811738068307536
2022-12-30,COPPER,-0.05411506834989336
2022-12-30,WTI,-0.007233933948615713
2022-12-30,BTC,-0.02162907420810596
2022-12-30,ETH,-0.006798991681330729
2022-12-30,US10Y,-0.02813413745063892
2022-12-30,CN10Y,0.014460571154925208
2023-01-04,000300.SH,-0.015173835011904861
2023-01-04,SPX,0.0358479809234935
2023-01-04,HSI,-0.07955856645656793
2023-01-04,N225,0.06841322118063545
2023-01-04,SX5E,0.029035757686727198
2023-01-04,000688.SH,0.02950353337765485
2023-01-04,SOX,0.0638041263990065
2023-01-04,NDX,0.06365508081180248
2023-01-04,XAU,-0.040692026666273445
2023-01-04,COPPER,-0.032861158982429854
2023-01-04,WTI,-0.031075769982009584
2023-01-04,BTC,-0.032765000404651655
2023-01-04,ETH,-0.025415110471989872
2023-01-04,US10Y,-0.04799485761324293
2023-01-04,CN10Y,0.015276625209750158
2023-01-05,000300.SH,-0.008894718963425415
2023-01-05,SPX,0.03379428979638445
2023-01-05,HSI,-0.12159008949875219
2023-01-05,N225,0.09201295850996072
2023-01-05,SX5E,-0.012086427901910654
2023-01-05,000688.SH,0.026580630655171023
2023-01-05,SOX,0.04554429785673324
2023-01-05,NDX,0.06978189865428894
2023-01-05,XAU,-0.03659846664927776
2023-01-05,COPPER,-0.006599170723111364
2023-01-05,WTI,0.07303090183713015
2023-01-05,BTC,-0.05219205830541982
2023-01-05,ETH,-0.07759117510727266
2023-01-05,US10Y,-0.04077796218954505
2023-01-05,CN10Y,0.01558509202904642
2023-01-06,000300.SH,-0.032971601011041726
2023-01-06,SPX,0.04761685996702355
2023-01-06,HSI,-0.1349966867725442
2023-01-06,N225,0.07199175515858929
2023-01-06,SX5E,-0.008140766672383224
2023-01-06,000688.SH,0.01548047466773699
2023-01-06,SOX,0.059685404917295085
2023-01-06,NDX,0.0858659164149079
2023-01-06,XAU,-0.02579938146944319
2023-01-06,COPPER,-0.010340449735560787
2023-01-06,WTI,0.05379532473401399
2023-01-06,BTC,-0.035386988379214834
2023-01-06,ETH,-0.04464069931422923
2023-01-06,US10Y,-0.053516836416891714
2023-01-06,CN10Y,0.011357673911742121
2023-01-10,000300.SH,-0.010790694212326913
2023-01-10,SPX,0.020387977907588402
2023-01-10,HSI,-0.07784292205304855
2023-01-10,N225,0.0666473439830441
2023-01-10,SX5E,-0.02030409125452001
2023-01-10,000688.SH,0.009066045255839072
2023-01-10,SOX,0.02680688406533284
2023-01-10,NDX,0.057703274862193635
2023-01-10,XAU,-0.05223486556126093
2023-01-10,COPPER,-0.03875435865796203
2023-01-10,WTI,0.03556758091703477
2023-01-10,BTC,-0.013856436519815031
2023-01-10,ETH,-0.031794325269506124
2023-01-10,US10Y,0.00939843845927063
2023-01-10,CN10Y,0.020000148078136167
2023-01-11,000300.SH,-0.005153174408902783
2023-01-11,SPX,0.02222220799599175
2023-01-11,HSI,-0.08234285771962276
2023-01-11,N225,0.059893366860791525
2023-01-11,SX5E,-0.021042646583734427
2023-01-11,000688.SH,0.01853710743074421
2023-01-11,SOX,0.014644553427274755
2023-01-11,NDX,0.05120912290819693
2023-01-11,XAU,-0.0441688769270396
2023-01-11,COPPER,-0.04578184457269362
2023-01-11,WTI,0.008666692699740547
2023-01-11,BTC,0.024665921408904896
2023-01-11,ETH,0.017840122832127835
2023-01-11,US10Y,-0.041251345035963755
2023-01-11,CN10Y,0.022061649684184476
2023-01-12,000300.SH,0.0028390909201136405
2023-01-12,SPX,0.02800724055025991
2023-01-12,HSI,-0.1055890926114674
2023-01-12,N225,0.04156218280981438
2023-01-12,SX5E,-0.024132222651803533
2023-01-12,000688.SH,0.04110576281582168
2023-01-12,SOX,0.04068726155339007
2023-01-12,NDX,0.05491981982127669
2023-01-12,XAU,-0.02293366066366382
2023-01-12,COPPER,-0.04171744048313557
2023-01-12,WTI,-0.03486219975324267
2023-01-12,BTC,0.03649713556399767
2023-01-12,ETH,0.03028660090544053
2023-01-12,US10Y,-0.055771521506133626
2023-01-12,CN10Y,0.009101042729332036
2023-01-13,000300.SH,-0.0011430313550240601
2023-01-13,SPX,0.02785618282206958
2023-01-13,HSI,-0.07897166416881872
2023-01-13,N225,0.037361645473041244
2023-01-13,SX5E,-0.03217765232821822
2023-01-13,000688.SH,0.03480808230558226
2023-01-13,SOX,0.04834936107913354
2023-01-13,NDX,0.057325935700642316
2023-01-13,XAU,-0.035238851835929806
2023-01-13,COPPER,-0.035297757492042184
2023-01-13,WTI,-0.05727175284558003
2023-01-13,BTC,-0.0030182588467290057
2023-01-13,ETH,0.03405048286562735
2023-01-13,US10Y,-0.004722672455942132
2023-01-13,CN10Y,0.008089951082187862
2023-01-17,000300.SH,-0.001394963560663787
2023-01-17,SPX,0.025629392460720306
2023-01-17,HSI,-0.05944134166255006
2023-01-17,N225,0.06070594118570089
2023-01-17,SX5E,-0.026307660005190518
2023-01-17,000688.SH,0.041860509951038426
2023-01-17,SOX,0.05450142921626833
2023-01-17,NDX,0.055967079065540354
2023-01-17,XAU,-0.037543408260225467
2023-01-17,COPPER,-0.04168497514709602
2023-01-17,WTI,-0.07373404559267366
2023-01-17,BTC,-0.039168071635537136
2023-01-17,ETH,0.03610837057534654
2023-01-17,US10Y,0.0009460026056292425
2023-01-17,CN10Y,0.0035557408036925716
2023-01-18,000300.SH,-0.02360819133428834
2023-01-18,SPX,0.05170223745404272
2023-01-18,HSI,-0.0671364607031644
2023-01-18,N225,0.05692060460967563
2023-01-18,SX5E,-0.03038247022694153
2023-01-18,000688.SH,0.01790627460451461
2023-01-18,SOX,0.09333671254707941
2023-01-18,NDX,0.07999476099610865
2023-01-18,XAU,-0.03451073777975068
2023-01-18,COPPER,-0.046259552645401165
2023-01-18,WTI,-0.048917794385211176
2023-01-18,BTC,-0.06458037327595331
2023-01-18,ETH,0.012033368348156027
2023-01-18,US10Y,-0.0016679198958419843
2023-01-18,CN10Y,0.0051695416869756185
2023-01-19,000300.SH,-0.0311546866253662
2023-01-19,SPX,0.05857200093283711
2023-01-19,HSI,-0.07683188345991582
2023-01-19,N225,0.036868800426281816
2023-01-19,SX5E,-0.023146738685448667
2023-01-19,000688.SH,-0.007123911226222223
2023-01-19,SOX,0.08487252994964205
2023-01-19,NDX,0.0834092386445634
2023-01-19,XAU,-0.024625505033803407
2023-01-19,COPPER,-0.05235936889593228
2023-01-19,WTI,-0.024055672802395178
2023-01-19,BTC,-0.05690559047276686
2023-01-19,ETH,0.012946910060922115
2023-01-19,US10Y,0.021752110861562406
2023-01-19,CN10Y,-0.002218233673958129
2023-01-20,000300.SH,-0.0337811371070613
2023-01-20,SPX,0.06290647958794124
2023-01-20,HSI,-0.06960356526612654
2023-01-20,N225,0.05827055981927648
2023-01-20,SX5E,-0.005220135097225347
2023-01-20,000688.SH,-0.02793894019631927
2023-01-20,SOX,0.10275291050269647
2023-01-20,NDX,0.08908202000398985
2023-01-20,XAU,-0.03963514016864571
2023-01-20,COPPER,-0.050240239746326784
2023-01-20,WTI,-0.009013762111149452
2023-01-20,BTC,-0.0661882073235761
2023-01-20,ETH,-0.011170599577313898
2023-01-20,US10Y,0.009236974376082287
2023-01-20,CN10Y,-0.009457217696241825
2023-01-30,000300.SH,-0.02450070655934495
2023-01-30,SPX,0.054329385423702914
2023-01-30,HSI,-0.07664878411480583
2023-01-30,N225,0.04774462582654919
2023-01-30,SX5E,-0.02483302456385776
2023-01-30,000688.SH,-0.013624902380723121
2023-01-30,SOX,0.09618373575626882
2023-01-30,NDX,0.07192112130596996
2023-01-30,XAU,-0.033784440392278306
2023-01-30,COPPER,-0.04112420319487696
2023-01-30,WTI,0.01099606350149794
2023-01-30,BTC,-0.06224562323919064
2023-01-30,ETH,0.0417582523091732
2023-01-30,US10Y,-0.04084848423207104
2023-01-30,CN10Y,-0.005323015446013329
2023-01-31,000300.SH,-0.02326255450512112
2023-01-31,SPX,0.04454472541110522
2023-01-31,HSI,-0.06424419776692024
2023-01-31,N225,-0.0038626305528507744
2023-01-31,SX5E,-0.03512037456326594
2023-01-31,000688.SH,-0.021358817845236508
2023-01-31,SOX,0.08375174677719219
2023-01-31,NDX,0.05343300488451376
2023-01-31,XAU,-0.023873670875889753
2023-01-31,COPPER,-0.007472054464338972
2023-01-31,WTI,0.052270337276570114
2023-01-31,BTC,-0.07564620621622276
2023-01-31,ETH,0.07150656746978291
2023-01-31,US10Y,-0.054134138363758244
2023-01-31,CN10Y,0.0034682633344401237
2023-02-01,000300.SH,-0.02478560661878372
2023-02-01,SPX,0.0281633789317402
2023-02-01,HSI,-0.053475170193039955
2023-02-01,N225,-0.010489371013178306
2023-02-01,SX5E,-0.029971727172824925
2023-02-01,000688.SH,-0.02417418431272715
2023-02-01,SOX,0.06427238488195346
2023-02-01,NDX,0.03254752665846034
2023-02-01,XAU,-0.025532517122755047
2023-02-01,COPPER,-0.011162942695989069
2023-02-01,WTI,0.06207633802877864
2023-02-01,BTC,-0.07904414108877704
2023-02-01,ETH,0.09167924236962431
2023-02-01,US10Y,-0.022023826164779683
2023-02-01,CN10Y,0.0019206155122979411
2023-02-02,000300.SH,-0.049271933898234165
2023-02-02,SPX,0.020989552175805226
2023-02-02,HSI,-0.07549683693212372
2023-02-02,N225,-0.03609472152518237
2023-02-02,SX5E,-0.03236677035162624
2023-02-02,000688.SH,-0.039041706280528374
2023-02-02,SOX,0.011806254569280972
2023-02-02,NDX,0.01327951566664361
2023-02-02,XAU,-0.019125210863482577
2023-02-02,COPPER,0.01410325690887156
2023-02-02,WTI,0.09665716716008863
2023-02-02,BTC,-0.06815193784213992
2023-02-02,ETH,0.11151684183459894
2023-02-02,US10Y,0.04927734305844528
2023-02-02,CN10Y,0.0019191863195832009
2023-02-03,000300.SH,-0.046575464102451586
2023-02-03,SPX,0.01772938596359776
2023-02-03,HSI,-0.06915390911307732
2023-02-03,N225,-0.04484355311148577
2023-02-03,SX5E,-0.03255902841301736
2023-02-03,000688.SH,-0.05849782557195508
2023-02-03,SOX,0.007300159832367922
2023-02-03,NDX,-0.0115799914910302
2023-02-03,XAU,-0.0028483582962597447
2023-02-03,COPPER,0.035516394162418814
2023-02-03,WTI,0.13325535833621402
2023-02-03,BTC,-0.06985494740014693
2023-02-03,ETH,0.0947235565486103
2023-02-03,US10Y,0.045497365804364344
2023-02-03,CN10Y,0.0018908568518508743
2023-02-06,000300.SH,-0.03545342287423271
2023-02-06,SPX,0.015230894816265095
2023-02-06,HSI,-0.027947219437588794
2023-02-06,N225,-0.04398413849174743
2023-02-06,SX5E,-0.04842707765780887
2023-02-06,000688.SH,-0.06983381236813362
2023-02-06,SOX,-0.013979328459718108
2023-02-06,NDX,-0.01717418742435804
2023-02-06,XAU,0.010798946365792145
2023-02-06,COPPER,0.03713586777749713
2023-02-06,WTI,0.16933220664190982
2023-02-06,BTC,-0.06695708641798084
2023-02-06,ETH,0.08939567676707241
2023-02-06,US10Y,0.00290521071686662
2023-02-06,CN10Y,-0.0010425299538347939
2023-02-07,000300.SH,-0.027407342222064188
2023-02-07,SPX,0.02087077627094122
2023-02-07,HSI,-0.01701045446683975
2023-02-07,N225,-0.06071466334894274
2023-02-07,SX5E,-0.04197508055039029
2023-02-07,000688.SH,-0.07462774864327251
2023-02-07,SOX,-0.008769819538908657
2023-02-07,NDX,-0.014185754306023337
2023-02-07,XAU,0.008749987252278008
2023-02-07,COPPER,0.04094533664279605
2023-02-07,WTI,0.15885831658032867
2023-02-07,BTC,-0.06080908824625397
2023-02-07,ETH,0.09142790885525992
2023-02-07,US10Y,-0.0019474963299509936
2023-02-07,CN10Y,-0.013404877948957401
2023-02-08,000300.SH,-0.01259143763279295
2023-02-08,SPX,0.0023283616290066134
2023-02-08,HSI,0.0033071223244554963
2023-02-08,N225,-0.057106189193169295
2023-02-08,SX5E,-0.038208100536780795
2023-02-08,000688.SH,-0.02631558569625542
2023-02-08,SOX,-0.050949747907342455
2023-02-08,NDX,-0.049293290990230755
2023-02-08,XAU,0.015543482315574482
2023-02-08,COPPER,0.050923889996665694
2023-02-08,WTI,0.12467226796125966
2023-02-08,BTC,-0.061812355467251424
2023-02-08,ETH,0.08040578383435523
2023-02-08,US10Y,0.020101273106245786
2023-02-08,CN10Y,-0.0010054737437397952
2023-02-09,000300.SH,-0.016536950111039225
2023-02-09,SPX,0.020749557910546033
2023-02-09,HSI,-0.011492568623683912
2023-02-09,N225,-0.06321645654942695
2023-02-09,SX5E,-0.03363955834672049
2023-02-09,000688.SH,-0.015760859975235488
2023-02-09,SOX,-0.015575991258622069
2023-02-09,NDX,-0.01872069507390466
2023-02-09,XAU,0.013796322960202206
2023-02-09,COPPER,0.04383703395268943
2023-02-09,WTI,0.0985330386923419
2023-02-09,BTC,-0.07380468106992187
2023-02-09,ETH,0.05844236656531972
2023-02-09,US10Y,0.020518871768227667
2023-02-09,CN10Y,-0.007129430840772236
2023-02-10,000300.SH,-0.028559734797300874
2023-02-10,SPX,0.02166001299313789
2023-02-10,HSI,-0.02955455837934718
2023-02-10,N225,-0.06207346196485211
2023-02-10,SX5E,-0.06136749600275012
2023-02-10,000688.SH,-0.04592052103958102
2023-02-10,SOX,-0.02868462636278159
2023-02-10,NDX,-0.01772658975310543
2023-02-10,XAU,0.023157434687831158
2023-02-10,COPPER,0.030273660515428624
2023-02-10,WTI,0.12421995507992002
2023-02-10,BTC,-0.040732463697798954
2023-02-10,ETH,0.09833699869157263
2023-02-10,US10Y,0.02361584073397303
2023-02-10,CN10Y,-0.006644450704346043
2023-02-13,000300.SH,-0.019514220900215328
2023-02-13,SPX,0.01767003666002686
2023-02-13,HSI,0.037609456247124244
2023-02-13,N225,-0.07937108798977577
2023-02-13,SX5E,-0.004928184838228494
2023-02-13,000688.SH,-0.022944507344200345
2023-02-13,SOX,-0.008629393220688956
2023-02-13,NDX,-0.020814862092414337
2023-02-13,XAU,0.03514430782350101
2023-02-13,COPPER,0.01725800441783154
2023-02-13,WTI,0.0008322452275945635
2023-02-13,BTC,-0.03387334142996354
2023-02-13,ETH,0.14392029621159028
2023-02-13,US10Y,-0.0430607548493934
2023-02-13,CN10Y,-0.019297993922788276
2023-02-14,000300.SH,-0.008596634965364815
2023-02-14,SPX,-0.004443550807563954
2023-02-14,HSI,0.05214606330358781
2023-02-14,N225,-0.06666040302396566
2023-02-14,SX5E,-0.01829247693608998
2023-02-14,000688.SH,-0.010786550349054918
2023-02-14,SOX,-0.0415373425008872
2023-02-14,NDX,-0.05124197941329606
2023-02-14,XAU,0.02986916809795047
2023-02-14,COPPER,0.02963456848533988
2023-02-14,WTI,0.019424910573746422
2023-02-14,BTC,-0.03776565526076327
2023-02-14,ETH,0.15001826954574154
2023-02-14,US10Y,-0.03200183771973419
2023-02-14,CN10Y,-0.009766549029646078
2023-02-15,000300.SH,-0.007260369043357815
2023-02-15,SPX,0.015224617005255632
2023-02-15,HSI,0.049253330256445196
2023-02-15,N225,-0.06670430017732137
2023-02-15,SX5E,-0.005019616513404698
2023-02-15,000688.SH,-0.003689352669602043
2023-02-15,SOX,-0.022150246426525293
2023-02-15,NDX,-0.03433326832171831
2023-02-15,XAU,0.04499578856422447
2023-02-15,COPPER,0.044421978332219836
2023-02-15,WTI,0.016622258368955107
2023-02-15,BTC,-0.05636267391854851
2023-02-15,ETH,0.11903561221703939
2023-02-15,US10Y,-0.08574848301940349
2023-02-15,CN10Y,-0.008285274654258013
2023-02-16,000300.SH,0.0041075548899968
2023-02-16,SPX,0.010961556946538553
2023-02-16,HSI,0.07413129712413373
2023-02-16,N225,-0.05480438353887944
2023-02-16,SX5E,-0.009620419962871118
2023-02-16,000688.SH,-0.009369421827131833
2023-02-16,SOX,-0.008368873430304994
2023-02-16,NDX,-0.0363088977862821
2023-02-16,XAU,0.05574382327587747
2023-02-16,COPPER,0.09057734342621326
2023-02-16,WTI,0.02786245255326146
2023-02-16,BTC,-0.13773325671898395
2023-02-16,ETH,0.06739603168405853
2023-02-16,US10Y,-0.07465902954014893
2023-02-16,CN10Y,8.42229045226559e-05
2023-02-17,000300.SH,0.0034220467872939095
2023-02-17,SPX,0.02182384807870675
2023-02-17,HSI,0.05964904828287439
2023-02-17,N225,-0.05096948953818757
2023-02-17,SX5E,-0.012845479637765406
2023-02-17,000688.SH,-0.012211038725422466
2023-02-17,SOX,-0.0021996996214100964
2023-02-17,NDX,-0.02052072456098284
2023-02-17,XAU,0.04759918576353539
2023-02-17,COPPER,0.07477110324917333
2023-02-17,WTI,0.053542568563077604
2023-02-17,BTC,-0.12087281439381546
2023-02-17,ETH,0.06299886610461343
2023-02-17,US10Y,-0.1023635513021523
2023-02-17,CN10Y,-0.0018238690495385674
2023-02-21,000300.SH,0.016593567162490684
2023-02-21,SPX,0.020077700930490893
2023-02-21,HSI,0.07042891406442474
2023-02-21,N225,-0.04394821193642327
2023-02-21,SX5E,-0.005951860725892834
2023-02-21,000688.SH,0.004133431113334109
2023-02-21,SOX,0.01062716302519992
2023-02-21,NDX,-0.019282122317298343
2023-02-21,XAU,0.051210168967203165
2023-02-21,COPPER,0.064091461722739
2023-02-21,WTI,0.07378016336400164
2023-02-21,BTC,-0.1380216585953083
2023-02-21,ETH,0.01409310931888591
2023-02-21,US10Y,-0.12045091692438138
2023-02-21,CN10Y,0.002619090830534143
2023-02-22,000300.SH,-0.0020979661894724444
2023-02-22,SPX,0.031024765170145914
2023-02-22,HSI,0.08042086189345622
2023-02-22,N225,-0.05400043251389767
2023-02-22,SX5E,-0.0028155581109842835
2023-02-22,000688.SH,-0.00950731427029722
2023-02-22,SOX,0.021457523106090153
2023-02-22,NDX,-0.005384094399998124
2023-02-22,XAU,0.059661990661274464
2023-02-22,COPPER,0.0391389315405476
2023-02-22,WTI,0.08664291135775343
2023-02-22,BTC,-0.11377112174870138
2023-02-22,ETH,0.0029710816005704497
2023-02-22,US10Y,-0.13285172267183198
2023-02-22,CN10Y,-0.000889855424655089
2023-02-24,000300.SH,0.014277626391580941
2023-02-24,SPX,0.010154405583646005
2023-02-24,HSI,0.06421648312975613
2023-02-24,N225,-0.03907459737810033
2023-02-24,SX5E,-0.008643184786663795
2023-02-24,000688.SH,0.020987886762921293
2023-02-24,SOX,-0.012458433755659887
2023-02-24,NDX,-0.03228637642701198
2023-02-24,XAU,0.04782164223574983
2023-02-24,COPPER,0.030857067754587866
2023-02-24,WTI,0.10658079131169182
2023-02-24,BTC,-0.09842623992958098
2023-02-24,ETH,0.009844178137708763
2023-02-24,US10Y,-0.11039624089776903
2023-02-24,CN10Y,-0.003455008132856645
2023-02-27,000300.SH,0.023219431413379003
2023-02-27,SPX,-0.00010232722464991687
2023-02-27,HSI,0.08630488046398133
2023-02-27,N225,-0.028385364517268814
2023-02-27,SX5E,0.006240779222338169
2023-02-27,000688.SH,0.02344569586852456
2023-02-27,SOX,-0.03450756998715993
2023-02-27,NDX,-0.038195855055926764
2023-02-27,XAU,0.05489844625758582
2023-02-27,COPPER,0.0831021691508059
2023-02-27,WTI,0.05264510816555533
2023-02-27,BTC,-0.0757166149548432
2023-02-27,ETH,0.0052133110138905085
2023-02-27,US10Y,-0.16318899399399714
2023-02-27,CN10Y,0.0050269041777851724
2023-02-28,000300.SH,0.03430382707325029
2023-02-28,SPX,-0.009433969558808852
2023-02-28,HSI,0.08982267141787591
2023-02-28,N225,-0.041434990730975695
2023-02-28,SX5E,-0.028551197269416448
2023-02-28,000688.SH,0.04494599594261209
2023-02-28,SOX,-0.06539755188141641
2023-02-28,NDX,-0.053349517205355426
2023-02-28,XAU,0.06617433488336061
2023-02-28,COPPER,0.07651495867584608
2023-02-28,WTI,0.0810299500978167
2023-02-28,BTC,-0.06665343734519956
2023-02-28,ETH,0.018391848191865165
2023-02-28,US10Y,-0.1490479904694007
2023-02-28,CN10Y,0.002685068177946226
2023-03-01,000300.SH,0.025231544657829345
2023-03-01,SPX,-0.00559552845484267
2023-03-01,HSI,0.1021728141075992
2023-03-01,N225,-0.035530207834915464
2023-03-01,SX5E,-0.03192396122279613
2023-03-01,000688.SH,0.03886246549384109
2023-03-01,SOX,-0.072122258312343
2023-03-01,NDX,-0.04735281893167309
2023-03-01,XAU,0.04789849490539096
2023-03-01,COPPER,0.04668178745378128
2023-03-01,WTI,0.05493829339955594
2023-03-01,BTC,-0.03356691041519004
2023-03-01,ETH,0.02101115766718383
2023-03-01,US10Y,-0.12019616259773033
2023-03-01,CN10Y,0.009491290084308959
2023-03-02,000300.SH,0.019972451231894655
2023-03-02,SPX,0.02000271286408839
2023-03-02,HSI,0.06989169114073568
2023-03-02,N225,-0.004497940768569126
2023-03-02,SX5E,-0.011026296508536912
2023-03-02,000688.SH,0.03886536620238925
2023-03-02,SOX,-0.027262808292802202
2023-03-02,NDX,0.00022759806599759527
2023-03-02,XAU,0.05301150388763438
2023-03-02,COPPER,0.011160849585402052
2023-03-02,WTI,0.006421083012626111
2023-03-02,BTC,-0.020924231114137885
2023-03-02,ETH,-0.03878176061316214
2023-03-02,US10Y,-0.12236672796296695
2023-03-02,CN10Y,0.005306509269407015
2023-03-03,000300.SH,0.010158416832329925
2023-03-03,SPX,0.02412401019897071
2023-03-03,HSI,0.06648475450611173
2023-03-03,N225,-0.00760540425142958
2023-03-03,SX5E,-0.017685379777772257
2023-03-03,000688.SH,0.026788896338730425
2023-03-03,SOX,-0.023375968928500822
2023-03-03,NDX,0.0033476261734112778
2023-03-03,XAU,0.05468740889426601
2023-03-03,COPPER,0.03998923712868243
2023-03-03,WTI,0.016319921680990845
2023-03-03,BTC,-0.010340072933475745
2023-03-03,ETH,-0.029838420208076415
2023-03-03,US10Y,-0.14789133097347873
2023-03-03,CN10Y,-0.0051636946807599145
2023-03-06,000300.SH,0.013383643594295322
2023-03-06,SPX,0.012265914630454074
2023-03-06,HSI,0.06561382235760352
2023-03-06,N225,-0.02214285894879608
2023-03-06,SX5E,-0.03257749469458092
2023-03-06,000688.SH,0.026001669963183528
2023-03-06,SOX,0.0011582498772638155
2023-03-06,NDX,-0.0035959579028048937
2023-03-06,XAU,0.051970268687239404
2023-03-06,COPPER,0.023926937037091894
2023-03-06,WTI,-0.04658081777732915
2023-03-06,BTC,0.04306751196226714
2023-03-06,ETH,0.023379734389358378
2023-03-06,US10Y,-0.15679329656426774
2023-03-06,CN10Y,0.0009226733890215764
2023-03-07,000300.SH,0.014689230310150183
2023-03-07,SPX,0.02563503181122565
2023-03-07,HSI,0.05826855397388242
2023-03-07,N225,-0.03114521302329485
2023-03-07,SX5E,-0.02072337891907823
2023-03-07,000688.SH,0.02202062965319225
2023-03-07,SOX,0.033156891209668034
2023-03-07,NDX,0.030260293934708547
2023-03-07,XAU,0.0366651286056298
2023-03-07,COPPER,-0.001264608937291636
2023-03-07,WTI,-0.06483316874295547
2023-03-07,BTC,0.02778444694299856
2023-03-07,ETH,0.022413227966674137
2023-03-07,US10Y,-0.1560733952524129
2023-03-07,CN10Y,0.0031463304669034
2023-03-08,000300.SH,0.01707808013099041
2023-03-08,SPX,0.023476432951125788
2023-03-08,HSI,0.04196265006352103
2023-03-08,N225,-0.030225005042826814
2023-03-08,SX5E,-0.01316771464315665
2023-03-08,000688.SH,0.03952666275671003
2023-03-08,SOX,0.012739696646287676
2023-03-08,NDX,0.014372042837347986
2023-03-08,XAU,0.026815112523622103
2023-03-08,COPPER,0.005569458157333413
2023-03-08,WTI,-0.06759738439457223
2023-03-08,BTC,0.019689818522077553
2023-03-08,ETH,0.02261601433866193
2023-03-08,US10Y,-0.11807675451415857
2023-03-08,CN10Y,0.0052208896670362295
2023-03-09,000300.SH,0.009735524507994437
2023-03-09,SPX,0.0202079103467963
2023-03-09,HSI,0.04861926122078514
2023-03-09,N225,-0.028564967682841766
2023-03-09,SX5E,-0.024779214873525808
2023-03-09,000688.SH,0.027829515584608378
2023-03-09,SOX,-0.02204443646361984
2023-03-09,NDX,0.006207484107638293
2023-03-09,XAU,0.030441507866051643
2023-03-09,COPPER,-0.004164660165460514
2023-03-09,WTI,-0.036161320700790464
2023-03-09,BTC,0.027789836537303637
2023-03-09,ETH,0.0333934853037131
2023-03-09,US10Y,-0.09350180255730103
2023-03-09,CN10Y,0.004991876968648366
2023-03-10,000300.SH,0.004043761043597242
2023-03-10,SPX,0.027650488014638104
2023-03-10,HSI,0.039218367796217034
2023-03-10,N225,-0.03423292733842626
2023-03-10,SX5E,-0.0384470570043618
2023-03-10,000688.SH,0.012878839082117064
2023-03-10,SOX,-0.01622830882057068
2023-03-10,NDX,0.012757200683535605
2023-03-10,XAU,0.012096210286079538
2023-03-10,COPPER,-0.0163462894158584
2023-03-10,WTI,-0.012374481596597004
2023-03-10,BTC,0.03999236970882831
2023-03-10,ETH,0.03771177604179246
2023-03-10,US10Y,-0.0709077603723188
2023-03-10,CN10Y,0.002187811891327441
2023-03-13,000300.SH,0.01137452765890819
2023-03-13,SPX,0.024711773860418333
2023-03-13,HSI,0.06475532371832952
2023-03-13,N225,-0.021342614005874793
2023-03-13,SX5E,-0.029262780222908576
2023-03-13,000688.SH,0.007637745571222373
2023-03-13,SOX,-0.028968838947101897
2023-03-13,NDX,-0.0005689104070484528
2023-03-13,XAU,-0.007401228761732978
2023-03-13,COPPER,-0.026565391298794098
2023-03-13,WTI,-0.019352626598547414
2023-03-13,BTC,0.024747291371505394
2023-03-13,ETH,0.021654616959258514
2023-03-13,US10Y,-0.027679493584015363
2023-03-13,CN10Y,0.0062606046863810496
2023-03-14,000300.SH,0.025491090774436845
2023-03-14,SPX,0.041148591800568936
2023-03-14,HSI,0.080958855748297
2023-03-14,N225,-0.011316543384439631
2023-03-14,SX5E,0.024670331806366158
2023-03-14,000688.SH,0.03536844690122515
2023-03-14,SOX,0.016201710614998872
2023-03-14,NDX,0.01596814898891936
2023-03-14,XAU,-0.028951049102554888
2023-03-14,COPPER,-0.007032841296137047
2023-03-14,WTI,0.018263298657670457
2023-03-14,BTC,-0.1308727781067003
2023-03-14,ETH,-0.11305467346439882
2023-03-14,US10Y,0.027808190021926676
2023-03-14,CN10Y,0.0053492200398210085
2023-03-15,000300.SH,0.028755998559176654
2023-03-15,SPX,0.03370636245719062
2023-03-15,HSI,0.08912320852486182
2023-03-15,N225,0.013476789683905643
2023-03-15,SX5E,-0.003867035945727265
2023-03-15,000688.SH,0.011160154773486756
2023-03-15,SOX,-0.016876024514643505
2023-03-15,NDX,-0.0038765395366657206
2023-03-15,XAU,-0.018427678005578155
2023-03-15,COPPER,-0.004489230716098934
2023-03-15,WTI,0.09537977728361796
2023-03-15,BTC,-0.13743825887778205
2023-03-15,ETH,-0.11975202063928679
2023-03-15,US10Y,0.021752015940415006
2023-03-15,CN10Y,0.011372481013127775
2023-03-16,000300.SH,0.03128083651168467
2023-03-16,SPX,0.03884972377415494
2023-03-16,HSI,0.06281410264932773
2023-03-16,N225,0.004810097675835399
2023-03-16,SX5E,0.03254351007218247
2023-03-16,000688.SH,0.012300706530244569
2023-03-16,SOX,-0.014738953275615854
2023-03-16,NDX,-0.010276912168721512
2023-03-16,XAU,-0.03845661498925347
2023-03-16,COPPER,0.023562313400135503
2023-03-16,WTI,0.119831482780024
2023-03-16,BTC,-0.1655988258880377
2023-03-16,ETH,-0.15288017629046813
2023-03-16,US10Y,0.048694334928538356
2023-03-16,CN10Y,0.007264374289968823
2023-03-17,000300.SH,0.04394206708989215
2023-03-17,SPX,0.021205583389313797
2023-03-17,HSI,0.07817991101014078
2023-03-17,N225,0.019437312464417822
2023-03-17,SX5E,0.011929752201398403
2023-03-17,000688.SH,0.02568068187737453
2023-03-17,SOX,-0.035323003014316276
2023-03-17,NDX,-0.029764880612807732
2023-03-17,XAU,-0.03916513008190112
2023-03-17,COPPER,0.03310592056138742
2023-03-17,WTI,0.11436412544955732
2023-03-17,BTC,-0.1698643928592236
2023-03-17,ETH,-0.13477275133092054
2023-03-17,US10Y,0.05121355415312356
2023-03-17,CN10Y,0.009831249702563223
2023-03-20,000300.SH,0.034119396131436816
2023-03-20,SPX,0.03462811085906169
2023-03-20,HSI,0.048341001293837955
2023-03-20,N225,0.004512183524808491
2023-03-20,SX5E,0.03415374165043602
2023-03-20,000688.SH,0.0038347432978877785
2023-03-20,SOX,-0.029703630105538243
2023-03-20,NDX,-0.017408286289672247
2023-03-20,XAU,-0.08525912371629299
2023-03-20,COPPER,0.011816717755080298
2023-03-20,WTI,0.13167545963428298
2023-03-20,BTC,-0.1621888335105784
2023-03-20,ETH,-0.1297588231012413
2023-03-20,US10Y,0.11284542079325559
2023-03-20,CN10Y,0.008391921783235251
2023-03-22,000300.SH,0.034519898627445346
2023-03-22,SPX,0.019053093265734893
2023-03-22,HSI,0.08803387725429468
2023-03-22,N225,0.025679201128760286
2023-03-22,SX5E,0.028967698989984164
2023-03-22,000688.SH,-0.022364075803807268
2023-03-22,SOX,-0.050884650814202105
2023-03-22,NDX,-0.030131586690567366
2023-03-22,XAU,-0.07784581754138266
2023-03-22,COPPER,0.025542219682241653
2023-03-22,WTI,0.11701796080792204
2023-03-22,BTC,-0.18248192691390755
2023-03-22,ETH,-0.08909478330632128
2023-03-22,US10Y,0.1015528986431358
2023-03-22,CN10Y,0.012435992670669038
2023-03-23,000300.SH,0.008960179709957381
2023-03-23,SPX,0.02846107912818985
2023-03-23,HSI,0.050191994510524446
2023-03-23,N225,-0.00012294003926455188
2023-03-23,SX5E,0.010888435178111324
2023-03-23,000688.SH,-0.046585757400051275
2023-03-23,SOX,-0.04409788022898517
2023-03-23,NDX,-0.025375308713602003
2023-03-23,XAU,-0.06564507800030417
2023-03-23,COPPER,0.015698626732355416
2023-03-23,WTI,0.07154604414885686
2023-03-23,BTC,-0.08624465384231352
2023-03-23,ETH,-0.01796829543282931
2023-03-23,US10Y,0.08883522731594685
2023-03-23,CN10Y,0.011458326933407509
2023-03-24,000300.SH,0.032267689443269756
2023-03-24,SPX,0.01697775846880817
2023-03-24,HSI,0.026385771183932517
2023-03-24,N225,0.0003492257146079467
2023-03-24,SX5E,0.010188330688987914
2023-03-24,000688.SH,-0.05628502597829
2023-03-24,SOX,-0.08237468440332196
2023-03-24,NDX,-0.04600111678023064
2023-03-24,XAU,-0.07503294685604352
2023-03-24,COPPER,0.032712685419290385
2023-03-24,WTI,0.08280751838407022
2023-03-24,BTC,-0.08102784234431383
2023-03-24,ETH,-0.0323251301547622
2023-03-24,US10Y,0.15163212972228868
2023-03-24,CN10Y,0.01972563749170612
2023-03-27,000300.SH,0.02518120470137121
2023-03-27,SPX,0.011804282547779881
2023-03-27,HSI,0.02802184599034356
2023-03-27,N225,-0.011754093625580121
2023-03-27,SX5E,0.02706471633316239
2023-03-27,000688.SH,-0.0659381627926417
2023-03-27,SOX,-0.0655495208148076
2023-03-27,NDX,-0.0456120303351425
2023-03-27,XAU,-0.07257207655930868
2023-03-27,COPPER,0.030263706946223625
2023-03-27,WTI,0.05820267142986605
2023-03-27,BTC,-0.0719417577945972
2023-03-27,ETH,-0.00974649616250374
2023-03-27,US10Y,0.1438700032232393
2023-03-27,CN10Y,0.018705706912595144
2023-03-28,000300.SH,0.022213940755150697
2023-03-28,SPX,0.013427230897878369
2023-03-28,HSI,0.03419829881615581
2023-03-28,N225,-0.001659232136381526
2023-03-28,SX5E,0.009663603837959174
2023-03-28,000688.SH,-0.05876488538602901
2023-03-28,SOX,-0.021100089049380766
2023-03-28,NDX,-0.03373281014622728
2023-03-28,XAU,-0.0655038341242723
2023-03-28,COPPER,-0.019055370553913223
2023-03-28,WTI,0.04954624704024837
2023-03-28,BTC,-0.07642540238002547
2023-03-28,ETH,0.018626489482804005
2023-03-28,US10Y,0.10557417436601482
2023-03-28,CN10Y,0.02299163858001796
2023-03-29,000300.SH,0.0209149333256009
2023-03-29,SPX,0.01688708080256633
2023-03-29,HSI,0.018675542140082685
2023-03-29,N225,-0.004301430031985429
2023-03-29,SX5E,0.024678050545316042
2023-03-29,000688.SH,-0.045298545623766
2023-03-29,SOX,-0.009715554929382019
2023-03-29,NDX,-0.023190681299922966
2023-03-29,XAU,-0.07128099742775627
2023-03-29,COPPER,-0.002283797702484577
2023-03-29,WTI,0.028648846253223937
2023-03-29,BTC,-0.06788184358376352
2023-03-29,ETH,-0.0006127143176474781
2023-03-29,US10Y,0.09227562937750386
2023-03-29,CN10Y,0.02248548247241413
2023-03-30,000300.SH,0.031797678798051565
2023-03-30,SPX,0.008951945419588185
2023-03-30,HSI,-0.0014661086387382678
2023-03-30,N225,-0.016368785930279902
2023-03-30,SX5E,0.013193463047117465
2023-03-30,000688.SH,-0.0574106539818263
2023-03-30,SOX,-0.021554164561117344
2023-03-30,NDX,-0.029747247703169832
2023-03-30,XAU,-0.06515615668693822
2023-03-30,COPPER,0.024110511607503847
2023-03-30,WTI,0.06126071727058139
2023-03-30,BTC,-0.07507590177832266
2023-03-30,ETH,0.018854725032841635
2023-03-30,US10Y,0.08702628865007321
2023-03-30,CN10Y,0.02158368945463464
2023-03-31,000300.SH,0.03606058272418336
2023-03-31,SPX,-0.007924816110500305
2023-03-31,HSI,0.029288996230474824
2023-03-31,N225,-0.010805741719578588
2023-03-31,SX5E,-0.009197686623947982
2023-03-31,000688.SH,-0.05616277213580702
2023-03-31,SOX,-0.05060336636862503
2023-03-31,NDX,-0.0565797775707569
2023-03-31,XAU,-0.07007379981362126
2023-03-31,COPPER,0.03444674196857259
2023-03-31,WTI,0.04313455553113252
2023-03-31,BTC,-0.0522922413199883
2023-03-31,ETH,0.03816210850371762
2023-03-31,US10Y,0.11538363459328774
2023-03-31,CN10Y,0.017163582111456088
2023-04-03,000300.SH,0.0338696060830558
2023-04-03,SPX,-0.010141646696098721
2023-04-03,HSI,0.020048737853716393
2023-04-03,N225,-0.021046951914124874
2023-04-03,SX5E,-0.007255598425693029
2023-04-03,000688.SH,-0.07404829599499213
2023-04-03,SOX,-0.03880207365470599
2023-04-03,NDX,-0.05777145812481008
2023-04-03,XAU,-0.06254064176285373
2023-04-03,COPPER,0.024543922349040615
2023-04-03,WTI,0.031175410253584758
2023-04-03,BTC,-0.05159108835406914
2023-04-03,ETH,0.035180152125291936
2023-04-03,US10Y,0.15315338598143172
2023-04-03,CN10Y,0.025226540281225764
2023-04-04,000300.SH,0.029319328677078683
2023-04-04,SPX,0.0050872535957214565
2023-04-04,HSI,0.02912771750048366
2023-04-04,N225,-0.010858638468806185
2023-04-04,SX5E,0.008222334427368827
2023-04-04,000688.SH,-0.1034083988824693
2023-04-04,SOX,-0.008981500943610821
2023-04-04,NDX,-0.030812241523346336
2023-04-04,XAU,-0.057526191258979946
2023-04-04,COPPER,0.03440317383861938
2023-04-04,WTI,-0.0037614449645686082
2023-04-04,BTC,-0.06012297413422586
2023-04-04,ETH,0.008332209056179977
2023-04-04,US10Y,0.1408011479098965
2023-04-04,CN10Y,0.0201782251706578
2023-04-06,000300.SH,0.020833242324539435
2023-04-06,SPX,0.010953300953525402
2023-04-06,HSI,0.03697161360575258
2023-04-06,N225,-0.0033029679241919217
2023-04-06,SX5E,0.011255203424894313
2023-04-06,000688.SH,-0.09704410704975987
2023-04-06,SOX,-0.0031885685736549423
2023-04-06,NDX,-0.027058571385520175
2023-04-06,XAU,-0.08138763992129061
2023-04-06,COPPER,0.05592320193288368
2023-04-06,WTI,-0.003522947808823884
2023-04-06,BTC,-0.07210486015243676
2023-04-06,ETH,-0.028834158431704577
2023-04-06,US10Y,0.16657478459206043
2023-04-06,CN10Y,0.013932474413726128
2023-04-11,000300.SH,0.011072118508164423
2023-04-11,SPX,0.003903381547689566
2023-04-11,HSI,0.037842366977162166
2023-04-11,N225,0.028159309104893258
2023-04-11,SX5E,0.010637890302977172
2023-04-11,000688.SH,-0.1280269157255054
2023-04-11,SOX,0.025299823142413504
2023-04-11,NDX,-0.023584725710554866
2023-04-11,XAU,-0.08860089608622189
2023-04-11,COPPER,0.027297719598062136
2023-04-11,WTI,-0.026241359975795145
2023-04-11,BTC,-0.060192460707339274
2023-04-11,ETH,-0.008509160125974467
2023-04-11,US10Y,0.1803682923419593
2023-04-11,CN10Y,0.010574616808068826
2023-04-12,000300.SH,0.01176914814962089
2023-04-12,SPX,0.011593127973825453
2023-04-12,HSI,0.01478109480386183
2023-04-12,N225,0.017056140581289587
2023-04-12,SX5E,0.011869257136290341
2023-04-12,000688.SH,-0.09789041876425802
2023-04-12,SOX,0.054296339773747315
2023-04-12,NDX,-0.0006066555123535079
2023-04-12,XAU,-0.08233501123261329
2023-04-12,COPPER,0.04789456303309088
2023-04-12,WTI,-0.040901177522057436
2023-04-12,BTC,-0.1217459339334257
2023-04-12,ETH,-0.00021080651568663317
2023-04-12,US10Y,0.1452690111555484
2023-04-12,CN10Y,0.029161320873119075
2023-04-13,000300.SH,0.014759967025871063
2023-04-13,SPX,0.010996123126259652
2023-04-13,HSI,0.028294410730304576
2023-04-13,N225,0.017442016284331265
2023-04-13,SX5E,0.019575545596216905
2023-04-13,000688.SH,-0.09784526399815226
2023-04-13,SOX,0.07702594914871896
2023-04-13,NDX,0.009305286031295879
2023-04-13,XAU,-0.07234042499011252
2023-04-13,COPPER,0.04644962503719598
2023-04-13,WTI,-0.05849447125877772
2023-04-13,BTC,-0.1350846306121992
2023-04-13,ETH,-0.03143222216201676
2023-04-13,US10Y,0.14123323714145264
2023-04-13,CN10Y,0.030114852899610727
2023-04-14,000300.SH,0.01675650591179085
2023-04-14,SPX,0.0005915005625087982
2023-04-14,HSI,0.011038321631156506
2023-04-14,N225,-0.0008611512838706324
2023-04-14,SX5E,0.010573249685515457
2023-04-14,000688.SH,-0.07125511791208872
2023-04-14,SOX,0.08285939191064329
2023-04-14,NDX,-0.0006558688200992268
2023-04-14,XAU,-0.057620629317747904
2023-04-14,COPPER,0.05018004468695949
2023-04-14,WTI,-0.017974639623279724
2023-04-14,BTC,-0.10060112938477628
2023-04-14,ETH,-0.023489437618841175
2023-04-14,US10Y,0.07649811736677133
2023-04-14,CN10Y,0.023960842205357054
2023-04-17,000300.SH,0.016061576802957438
2023-04-17,SPX,-0.013608451613136705
2023-04-17,HSI,0.015159989250180333
2023-04-17,N225,-0.023440457539735025
2023-04-17,SX5E,-0.034271857589651816
2023-04-17,000688.SH,-0.10182491600736435
2023-04-17,SOX,0.05865516250839284
2023-04-17,NDX,-0.011578762092380589
2023-04-17,XAU,-0.02109507450540026
2023-04-17,COPPER,0.04886873360987977
2023-04-17,WTI,-0.05944301104070533
2023-04-17,BTC,0.04104590317116416
2023-04-17,ETH,0.048473853116662864
2023-04-17,US10Y,0.012880893335130338
2023-04-17,CN10Y,0.024116418594005366
2023-04-18,000300.SH,-0.006303331662756234
2023-04-18,SPX,-0.004916017303689819
2023-04-18,HSI,-0.02840992922209955
2023-04-18,N225,-0.046215782612700824
2023-04-18,SX5E,-0.011249720731068537
2023-04-18,000688.SH,-0.09244687649040176
2023-04-18,SOX,0.08198343923441043
2023-04-18,NDX,0.004618289446032817
2023-04-18,XAU,-0.023706164369522647
2023-04-18,COPPER,0.046619868506728314
2023-04-18,WTI,-0.08554731252568108
2023-04-18,BTC,0.07865852433677205
2023-04-18,ETH,0.05624110477234705
2023-04-18,US10Y,0.014357819400494506
2023-04-18,CN10Y,0.01631608922113436
2023-04-19,000300.SH,-0.0023329083695346874
2023-04-19,SPX,0.00021100380134858078
2023-04-19,HSI,0.003670585597680213
2023-04-19,N225,-0.05100101688784625
2023-04-19,SX5E,-0.043526813888181706
2023-04-19,000688.SH,-0.08460342501801582
2023-04-19,SOX,0.09089298894979432
2023-04-19,NDX,0.026460237702612986
2023-04-19,XAU,-0.015444404623063101
2023-04-19,COPPER,0.025994996931408297
2023-04-19,WTI,-0.11796360827887428
2023-04-19,BTC,0.0859705187375043
2023-04-19,ETH,0.07065450087197918
2023-04-19,US10Y,-0.011246328949942215
2023-04-19,CN10Y,0.02226367342312918
2023-04-20,000300.SH,-0.014655738736948226
2023-04-20,SPX,0.003986402271352861
2023-04-20,HSI,-0.014935206262425683
2023-04-20,N225,-0.05797796507499748
2023-04-20,SX5E,-0.03230375464352287
2023-04-20,000688.SH,-0.10978946668080494
2023-04-20,SOX,0.11439164380624006
2023-04-20,NDX,0.03392199616771409
2023-04-20,XAU,-0.016688480620717608
2023-04-20,COPPER,0.010532477620464567
2023-04-20,WTI,-0.10905633359508816
2023-04-20,BTC,0.09375075935724353
2023-04-20,ETH,0.09123156530300575
2023-04-20,US10Y,-0.008512111021506895
2023-04-20,CN10Y,0.016104212109990218
2023-04-21,000300.SH,-0.012967513633115947
2023-04-21,SPX,-0.011889946233134436
2023-04-21,HSI,-0.010037797071302108
2023-04-21,N225,-0.048009553519258716
2023-04-21,SX5E,-0.049966919808287984
2023-04-21,000688.SH,-0.11766963942648466
2023-04-21,SOX,0.08973248407010682
2023-04-21,NDX,0.02165368224668411
2023-04-21,XAU,0.009384337587841327
2023-04-21,COPPER,0.01782065300524914
2023-04-21,WTI,-0.12041301477443353
2023-04-21,BTC,0.1566381782402387
2023-04-21,ETH,0.10234305971285786
2023-04-21,US10Y,-0.042672656143417684
2023-04-21,CN10Y,0.016054645746456427
2023-04-24,000300.SH,-0.005651200280995658
2023-04-24,SPX,-0.012138139226903802
2023-04-24,HSI,-0.031126160536155488
2023-04-24,N225,-0.05945692354283668
2023-04-24,SX5E,-0.04703015562675363
2023-04-24,000688.SH,-0.07355334570461501
2023-04-24,SOX,0.09141446400975581
2023-04-24,NDX,0.012131832424831986
2023-04-24,XAU,0.01082657363770492
2023-04-24,COPPER,0.032444717454806475
2023-04-24,WTI,-0.12001768329823949
2023-04-24,BTC,0.1503548514925745
2023-04-24,ETH,0.06822213023603256
2023-04-24,US10Y,-0.030672805987790003
2023-04-24,CN10Y,0.01425184494858299
2023-04-25,000300.SH,0.016698569465928736
2023-04-25,SPX,-0.025037741168603966
2023-04-25,HSI,-0.0015808527979324768
2023-04-25,N225,-0.041463509357083025
2023-04-25,SX5E,-0.03258448764982254
2023-04-25,000688.SH,-0.05114755050242946
2023-04-25,SOX,0.0731696339246092
2023-04-25,NDX,0.003095056719657154
2023-04-25,XAU,-0.001704304925629038
2023-04-25,COPPER,0.049203358591865726
2023-04-25,WTI,-0.10579977909710567
2023-04-25,BTC,0.08306684567561134
2023-04-25,ETH,0.031129422790169378
2023-04-25,US10Y,-0.015703738141235726
2023-04-25,CN10Y,0.01865907647199989
2023-04-26,000300.SH,0.020740682848604
2023-04-26,SPX,-0.02207356631574029
2023-04-26,HSI,0.023302607244501467
2023-04-26,N225,-0.04515200765827535
2023-04-26,SX5E,-0.03462731928744435
2023-04-26,000688.SH,-0.01985091338099866
2023-04-26,SOX,0.10288927488949706
2023-04-26,NDX,0.01227641408957441
2023-04-26,XAU,-0.002730886588126883
2023-04-26,COPPER,0.07130583014981592
2023-04-26,WTI,-0.10601321584518565
2023-04-26,BTC,0.012182517682718622
2023-04-26,ETH,-0.018196207757857574
2023-04-26,US10Y,-0.014270069745356204
2023-04-26,CN10Y,0.020216859674273266
2023-04-27,000300.SH,0.020726926723304378
2023-04-27,SPX,-0.008274837743552279
2023-04-27,HSI,0.01219012428557065
2023-04-27,N225,-0.03945546453842675
2023-04-27,SX5E,-0.04227417484406108
2023-04-27,000688.SH,-0.009302064784168312
2023-04-27,SOX,0.08859510078038749
2023-04-27,NDX,0.015148023852835838
2023-04-27,XAU,-0.0032157990611090554
2023-04-27,COPPER,0.07230963891562461
2023-04-27,WTI,-0.07014719635876451
2023-04-27,BTC,-0.003544671631928148
2023-04-27,ETH,-0.03435270017066187
2023-04-27,US10Y,-0.023708170598487604
2023-04-27,CN10Y,0.02530526517343636
2023-04-28,000300.SH,0.015021618620849097
2023-04-28,SPX,-0.020054025661953245
2023-04-28,HSI,-0.0006459172599503314
2023-04-28,N225,-0.03578095360019856
2023-04-28,SX5E,-0.03333493214216444
2023-04-28,000688.SH,-0.00617876223081284
2023-04-28,SOX,0.08240837609140762
2023-04-28,NDX,-0.01107635541958622
2023-04-28,XAU,-0.011007131494001031
2023-04-28,COPPER,0.07500028094361989
2023-04-28,WTI,-0.018290117929733545
2023-04-28,BTC,-0.016769612208943446
2023-04-28,ETH,-0.04243254102723251
2023-04-28,US10Y,-0.005440881265928853
2023-04-28,CN10Y,0.028580954584628008
2023-05-08,000300.SH,0.0027997510806045504
2023-05-08,SPX,-0.028894647334420518
2023-05-08,HSI,0.009908699823023346
2023-05-08,N225,-0.04758942778475431
2023-05-08,SX5E,-0.03258357982569208
2023-05-08,000688.SH,-0.041185669770592674
2023-05-08,SOX,0.057814009923150264
2023-05-08,NDX,-0.021180591036547874
2023-05-08,XAU,-0.0024651699196937115
2023-05-08,COPPER,0.07008020128630774
2023-05-08,WTI,-0.03204315022809727
2023-05-08,BTC,0.0008551261079956657
2023-05-08,ETH,0.006870213778947962
2023-05-08,US10Y,0.02662500747267266
2023-05-08,CN10Y,0.03098922642709583
2023-05-09,000300.SH,-0.01332919106950667
2023-05-09,SPX,-0.02032966545748502
2023-05-09,HSI,-0.0029590682742495038
2023-05-09,N225,-0.03894741457224822
2023-05-09,SX5E,-0.023149171701918554
2023-05-09,000688.SH,-0.0004934475548966123
2023-05-09,SOX,0.054647975292269356
2023-05-09,NDX,-0.024677142253776534
2023-05-09,XAU,-0.02032725091400091
2023-05-09,COPPER,0.04845744472103351
2023-05-09,WTI,-0.004155145322870153
2023-05-09,BTC,0.026486056805050395
2023-05-09,ETH,-0.028539375258285395
2023-05-09,US10Y,0.008050926369874978
2023-05-09,CN10Y,0.039264469191009156
2023-05-10,000300.SH,-0.002008226908487209
2023-05-10,SPX,-0.01693108726641778
2023-05-10,HSI,0.016311213409511333
2023-05-10,N225,-0.053164694880040275
2023-05-10,SX5E,-0.008679582290826968
2023-05-10,000688.SH,0.018966696948163393
2023-05-10,SOX,0.07567575821115341
2023-05-10,NDX,-0.018596206287087087
2023-05-10,XAU,-0.02337010790321746
2023-05-10,COPPER,0.05182664639615325
2023-05-10,WTI,0.001111202338271229
2023-05-10,BTC,-0.020717957649441343
2023-05-10,ETH,-0.06379298555245116
2023-05-10,US10Y,-0.0011617377778949936
2023-05-10,CN10Y,0.04453106921261164
2023-05-11,000300.SH,0.003074313304588404
2023-05-11,SPX,-0.014381259162548973
2023-05-11,HSI,0.017815879840355913
2023-05-11,N225,-0.04016725003853772
2023-05-11,SX5E,-0.0026366130034013876
2023-05-11,000688.SH,0.03609951372914327
2023-05-11,SOX,0.05789353630700497
2023-05-11,NDX,-0.02341238166944263
2023-05-11,XAU,-0.030755911344146993
2023-05-11,COPPER,0.049411006284937886
2023-05-11,WTI,0.022303156131641473
2023-05-11,BTC,-0.044397637370071366
2023-05-11,ETH,-0.08433653595307433
2023-05-11,US10Y,0.006234636256402158
2023-05-11,CN10Y,0.04725554668714943
2023-05-12,000300.SH,0.006871982049254988
2023-05-12,SPX,-0.018166414672419903
2023-05-12,HSI,0.008141733657769894
2023-05-12,N225,-0.036448590550641514
2023-05-12,SX5E,-0.010035833547731196
2023-05-12,000688.SH,0.06891934853049146
2023-05-12,SOX,0.036940016432708854
2023-05-12,NDX,-0.0417284242354168
2023-05-12,XAU,-0.020300314336208672
2023-05-12,COPPER,0.06862925879934924
2023-05-12,WTI,0.09371108513685672
2023-05-12,BTC,-0.09778767719909442
2023-05-12,ETH,-0.11591213313210107
2023-05-12,US10Y,0.0009036472815723597
2023-05-12,CN10Y,0.0562623157856103
2023-05-15,000300.SH,0.02241857918839674
2023-05-15,SPX,-0.02326024060645476
2023-05-15,HSI,0.006304813176932627
2023-05-15,N225,-0.04209554312391099
2023-05-15,SX5E,-0.011476671920682632
2023-05-15,000688.SH,0.08187555889370962
2023-05-15,SOX,0.019117297697744066
2023-05-15,NDX,-0.04288257307993291
2023-05-15,XAU,-0.00026365633733695256
2023-05-15,COPPER,0.04008163141489818
2023-05-15,WTI,0.118674708841873
2023-05-15,BTC,-0.08355503920678392
2023-05-15,ETH,-0.09527106329177018
2023-05-15,US10Y,-0.04337680967070638
2023-05-15,CN10Y,0.053709008024024764
2023-05-16,000300.SH,0.013099047326149218
2023-05-16,SPX,-0.016531997500256163
2023-05-16,HSI,0.0030629041619757713
2023-05-16,N225,-0.07711149160264827
2023-05-16,SX5E,-0.007073011688183223
2023-05-16,000688.SH,0.09483057941905165
2023-05-16,SOX,-0.012911273435678472
2023-05-16,NDX,-0.03953998962171763
2023-05-16,XAU,-0.005455408760699488
2023-05-16,COPPER,0.057697673550532305
2023-05-16,WTI,0.1042484446479712
2023-05-16,BTC,-0.04974213966557314
2023-05-16,ETH,-0.0490190464521011
2023-05-16,US10Y,-0.06619041910613624
2023-05-16,CN10Y,0.0506361287273137
2023-05-17,000300.SH,0.01264106335698201
2023-05-17,SPX,-0.0174117071670866
2023-05-17,HSI,0.0004995586123989798
2023-05-17,N225,-0.06906130152306576
2023-05-17,SX5E,-0.006441252285579558
2023-05-17,000688.SH,0.06720733215514674
2023-05-17,SOX,-0.01601097197663142
2023-05-17,NDX,-0.05946809813659884
2023-05-17,XAU,0.0017735343866958145
2023-05-17,COPPER,0.07347897269729217
2023-05-17,WTI,0.11911767482182008
2023-05-17,BTC,-0.01453090335168001
2023-05-17,ETH,-0.08856203734414093
2023-05-17,US10Y,-0.04096272474088674
2023-05-17,CN10Y,0.03773086049533431
2023-05-19,000300.SH,0.020485867796371862
2023-05-19,SPX,-0.029306244859233565
2023-05-19,HSI,0.018402108669509885
2023-05-19,N225,-0.07020935910817763
2023-05-19,SX5E,-0.0054759666992170875
2023-05-19,000688.SH,0.07565460903127501
2023-05-19,SOX,-0.051206248564884115
2023-05-19,NDX,-0.0753757528259609
2023-05-19,XAU,0.01304487309276892
2023-05-19,COPPER,0.0660797616943249
2023-05-19,WTI,0.11610918957633687
2023-05-19,BTC,-0.011478696607188497
2023-05-19,ETH,-0.04779113171986771
2023-05-19,US10Y,-0.05263502033625375
2023-05-19,CN10Y,0.03370201086019595
2023-05-22,000300.SH,0.01646544830187509
2023-05-22,SPX,-0.026309330772635784
2023-05-22,HSI,0.023617711959726714
2023-05-22,N225,-0.09054669178405092
2023-05-22,SX5E,-0.01668694615144907
2023-05-22,000688.SH,0.040620013149640116
2023-05-22,SOX,-0.0737899332787813
2023-05-22,NDX,-0.07456290275637953
2023-05-22,XAU,0.027098603235948714
2023-05-22,COPPER,0.08408656957383054
2023-05-22,WTI,0.11571928443364358
2023-05-22,BTC,0.014388020928300299
2023-05-22,ETH,-0.0027939214390291997
2023-05-22,US10Y,-0.07697003719968473
2023-05-22,CN10Y,0.03966411179904567
2023-05-23,000300.SH,0.012843384108038241
2023-05-23,SPX,-0.03268237934682903
2023-05-23,HSI,0.011783364811973682
2023-05-23,N225,-0.0878860468121341
2023-05-23,SX5E,-0.010737327076199813
2023-05-23,000688.SH,0.07928610835789598
2023-05-23,SOX,-0.08720885073933543
2023-05-23,NDX,-0.08618083788595274
2023-05-23,XAU,0.0101291717560092
2023-05-23,COPPER,0.09004573458147702
2023-05-23,WTI,0.1118586013446335
2023-05-23,BTC,-0.003838531888486362
2023-05-23,ETH,0.016179471717724075
2023-05-23,US10Y,-0.06341285142322971
2023-05-23,CN10Y,0.03982098849441579
2023-05-24,000300.SH,0.03960899221322037
2023-05-24,SPX,-0.019281362327488904
2023-05-24,HSI,0.0393865415858662
2023-05-24,N225,-0.08376233408636263
2023-05-24,SX5E,-0.006957967190514176
2023-05-24,000688.SH,0.09598778606397115
2023-05-24,SOX,-0.078864542018364
2023-05-24,NDX,-0.07396045893563782
2023-05-24,XAU,0.0025746039600020314
2023-05-24,COPPER,0.0870929215075201
2023-05-24,WTI,0.06620045632151679
2023-05-24,BTC,-0.05943658650893124
2023-05-24,ETH,-0.0232216026672707
2023-05-24,US10Y,-0.03661111121004819
2023-05-24,CN10Y,0.05124466329252135
2023-05-25,000300.SH,0.04813051512026629
2023-05-25,SPX,-0.01975228747463328
2023-05-25,HSI,0.037494364699364215
2023-05-25,N225,-0.07309539514828628
2023-05-25,SX5E,0.010834306744625948
2023-05-25,000688.SH,0.08149797086901833
2023-05-25,SOX,-0.07569750507538653
2023-05-25,NDX,-0.07968115433861997
2023-05-25,XAU,0.011897983075747385
2023-05-25,COPPER,0.09762453141407798
2023-05-25,WTI,0.04992969865087818
2023-05-25,BTC,-0.04772993262683016
2023-05-25,ETH,-0.029242002812242658
2023-05-25,US10Y,-0.05551662508021408
2023-05-25,CN10Y,0.0433055319822351
2023-05-30,000300.SH,0.0518509885230406
2023-05-30,SPX,-0.016943494470115644
2023-05-30,HSI,0.05871168945632981
2023-05-30,N225,-0.0760651994776383
2023-05-30,SX5E,0.017429784978200944
2023-05-30,000688.SH,0.0853648959585114
2023-05-30,SOX,-0.1296638439374021
2023-05-30,NDX,-0.08839472783615861
2023-05-30,XAU,0.022254288761518227
2023-05-30,COPPER,0.10372617659722293
2023-05-30,WTI,0.07235200186631194
2023-05-30,BTC,-0.03203846861066445
2023-05-30,ETH,-0.04255503238416328
2023-05-30,US10Y,-0.07053067183859976
2023-05-30,CN10Y,0.04450161241360654
2023-05-31,000300.SH,0.06230220755560633
2023-05-31,SPX,-0.025135858929138447
2023-05-31,HSI,0.08190492834577172
2023-05-31,N225,-0.08659020850503275
2023-05-31,SX5E,0.017615685306579275
2023-05-31,000688.SH,0.10291537000921858
2023-05-31,SOX,-0.16945078880893724
2023-05-31,NDX,-0.11178944554203471
2023-05-31,XAU,0.015022271663645106
2023-05-31,COPPER,0.08873936306615832
2023-05-31,WTI,0.09004853002264052
2023-05-31,BTC,-0.03512847715272657
2023-05-31,ETH,-0.032251433121698994
2023-05-31,US10Y,-0.04624918935640799
2023-05-31,CN10Y,0.04804704544635689
2023-06-01,000300.SH,0.05274503503662846
2023-06-01,SPX,-0.018309675276783177
2023-06-01,HSI,0.08520689657514388
2023-06-01,N225,-0.07957686756024492
2023-06-01,SX5E,0.038783163144294586
2023-06-01,000688.SH,0.04996945803310878
2023-06-01,SOX,-0.1530648383277846
2023-06-01,NDX,-0.10292689782790593
2023-06-01,XAU,0.0014732637184041546
2023-06-01,COPPER,0.07430528229740539
2023-06-01,WTI,0.12892467779691996
2023-06-01,BTC,-0.04498561066943091
2023-06-01,ETH,-0.058437302151097326
2023-06-01,US10Y,-0.02492679678683014
2023-06-01,CN10Y,0.05082021199817181
2023-06-02,000300.SH,0.04342993118455731
2023-06-02,SPX,-0.021895390522214023
2023-06-02,HSI,0.08779614416124283
2023-06-02,N225,-0.0846094224033741
2023-06-02,SX5E,0.03178273815095975
2023-06-02,000688.SH,0.038079315963278626
2023-06-02,SOX,-0.16105398147788705
2023-06-02,NDX,-0.1111849091999754
2023-06-02,XAU,0.0010268962879286907
2023-06-02,COPPER,0.06373459702868908
2023-06-02,WTI,0.10558402517210552
2023-06-02,BTC,0.010950348418490394
2023-06-02,ETH,-0.025180667426481958
2023-06-02,US10Y,-0.027995945501697216
2023-06-02,CN10Y,0.04953632016437745
2023-06-05,000300.SH,0.03711152903040206
2023-06-05,SPX,-0.038592292426155535
2023-06-05,HSI,0.049733594279524625
2023-06-05,N225,-0.08998258263904019
2023-06-05,SX5E,0.02058151956831626
2023-06-05,000688.SH,0.03536691407594286
2023-06-05,SOX,-0.16406294057476284
2023-06-05,NDX,-0.11935626961760278
2023-06-05,XAU,0.02800537849392644
2023-06-05,COPPER,0.056226302401463285
2023-06-05,WTI,0.07511663194391438
2023-06-05,BTC,0.10135983774934193
2023-06-05,ETH,0.038861133717428734
2023-06-05,US10Y,-0.07621175025055056
2023-06-05,CN10Y,0.04584299424785096
2023-06-06,000300.SH,0.038460618392111665
2023-06-06,SPX,-0.04242377208381027
2023-06-06,HSI,0.04532600895561221
2023-06-06,N225,-0.12083406019398304
2023-06-06,SX5E,0.018508242418968954
2023-06-06,000688.SH,0.026739726230963465
2023-06-06,SOX,-0.14668334290700838
2023-06-06,NDX,-0.11573970586896455
2023-06-06,XAU,0.015583681629459584
2023-06-06,COPPER,0.039880020969880824
2023-06-06,WTI,0.03651097347371216
2023-06-06,BTC,0.150649314837837
2023-06-06,ETH,0.08005281181563145
2023-06-06,US10Y,-0.06874562192419902
2023-06-06,CN10Y,0.04271510425378762
2023-06-07,000300.SH,0.05242355656897427
2023-06-07,SPX,-0.029260162061320375
2023-06-07,HSI,0.04488134369979942
2023-06-07,N225,-0.12815182474155434
2023-06-07,SX5E,0.019089810077171608
2023-06-07,000688.SH,0.05073368837083047
2023-06-07,SOX,-0.16007888668803988
2023-06-07,NDX,-0.09478983340934803
2023-06-07,XAU,0.011522005660990268
2023-06-07,COPPER,0.04565539637910204
2023-06-07,WTI,0.04710760917918462
2023-06-07,BTC,0.10612505844537759
2023-06-07,ETH,0.03891575114152984
2023-06-07,US10Y,-0.04336544619099475
2023-06-07,CN10Y,0.03919193356829705
2023-06-08,000300.SH,0.06199469388060101
2023-06-08,SPX,-0.023395426990482537
2023-06-08,HSI,0.03123991734967464
2023-06-08,N225,-0.0988137455130735
2023-06-08,SX5E,0.015995418754650378
2023-06-08,000688.SH,0.06704540821252714
2023-06-08,SOX,-0.15213131416969747
2023-06-08,NDX,-0.07893877397655415
2023-06-08,XAU,0.02148221799982294
2023-06-08,COPPER,0.04097064094160149
2023-06-08,WTI,0.050959509024244475
2023-06-08,BTC,0.09894480454506778
2023-06-08,ETH,0.02470389555955924
2023-06-08,US10Y,-0.09619117012288539
2023-06-08,CN10Y,0.036133924504943855
2023-06-09,000300.SH,0.06619296601783832
2023-06-09,SPX,-0.03246172224420376
2023-06-09,HSI,0.05497339529414671
2023-06-09,N225,-0.08556305229013042
2023-06-09,SX5E,0.015044926060343577
2023-06-09,000688.SH,0.05528255021005274
2023-06-09,SOX,-0.14356446311094315
2023-06-09,NDX,-0.08187947693432199
2023-06-09,XAU,0.026309074732417337
2023-06-09,COPPER,0.04550429969622826
2023-06-09,WTI,0.026685831354998853
2023-06-09,BTC,0.06386358320524659
2023-06-09,ETH,0.020073182334055313
2023-06-09,US10Y,-0.05610084774340683
2023-06-09,CN10Y,0.025639753417678292
2023-06-12,000300.SH,0.05750745710031184
2023-06-12,SPX,-0.03332680063131302
2023-06-12,HSI,0.03517380247798779
2023-06-12,N225,-0.0933019476200731
2023-06-12,SX5E,0.014206954402972127
2023-06-12,000688.SH,0.01340600219549799
2023-06-12,SOX,-0.15510735216306015
2023-06-12,NDX,-0.08523607145472299
2023-06-12,XAU,0.03773588822849199
2023-06-12,COPPER,0.050743023616525024
2023-06-12,WTI,0.049962338289061145
2023-06-12,BTC,0.0905794615184203
2023-06-12,ETH,0.04822232156043466
2023-06-12,US10Y,-0.05737662795969643
2023-06-12,CN10Y,0.026811550439162554
2023-06-13,000300.SH,0.04810269888876406
2023-06-13,SPX,-0.03784528289678023
2023-06-13,HSI,0.030012987658491
2023-06-13,N225,-0.10362393593147076
2023-06-13,SX5E,0.003958759452229883
2023-06-13,000688.SH,0.011216516672108032
2023-06-13,SOX,-0.1781898014371589
2023-06-13,NDX,-0.09095283818341729
2023-06-13,XAU,0.03763424424936802
2023-06-13,COPPER,0.04172089083745173
2023-06-13,WTI,0.08250180377005469
2023-06-13,BTC,0.11450024454277948
2023-06-13,ETH,0.10173033581915064
2023-06-13,US10Y,-0.08098356373001057
2023-06-13,CN10Y,0.02021694028843997
2023-06-14,000300.SH,0.05131213463924828
2023-06-14,SPX,-0.03520927386289792
2023-06-14,HSI,0.03724334842554135
2023-06-14,N225,-0.11622247534721969
2023-06-14,SX5E,0.005389464422582793
2023-06-14,000688.SH,0.011507781705276858
2023-06-14,SOX,-0.17277227803344175
2023-06-14,NDX,-0.08116884348777668
2023-06-14,XAU,0.04308101410660218
2023-06-14,COPPER,-0.0012071785689117456
2023-06-14,WTI,0.048424459762601665
2023-06-14,BTC,0.15548517082905622
2023-06-14,ETH,0.1391574036819996
2023-06-14,US10Y,-0.11671236878777883
2023-06-14,CN10Y,0.03169164051511711
2023-06-15,000300.SH,0.03689967903574893
2023-06-15,SPX,-0.03917179649308218
2023-06-15,HSI,0.03540990892588294
2023-06-15,N225,-0.12322534679140155
2023-06-15,SX5E,-0.0005921025380286327
2023-06-15,000688.SH,0.002125931505464057
2023-06-15,SOX,-0.19362239753786803
2023-06-15,NDX,-0.09375447694022844
2023-06-15,XAU,0.04075395417234971
2023-06-15,COPPER,-0.004410620462406747
2023-06-15,WTI,0.03609725490927596
2023-06-15,BTC,0.17236943003474303
2023-06-15,ETH,0.19043899131864325
2023-06-15,US10Y,-0.09447090682905088
2023-06-15,CN10Y,0.03515249768995812
2023-06-16,000300.SH,0.03475610312379505
2023-06-16,SPX,-0.04995471961490808
2023-06-16,HSI,0.02850275053499738
2023-06-16,N225,-0.11339424969386931
2023-06-16,SX5E,0.0011552921092345993
2023-06-16,000688.SH,0.012920162309447982
2023-06-16,SOX,-0.16047103143929656
2023-06-16,NDX,-0.10260162076403688
2023-06-16,XAU,0.034413114194807574
2023-06-16,COPPER,-0.01032113449418807
2023-06-16,WTI,0.023961492190662924
2023-06-16,BTC,0.15450877267592486
2023-06-16,ETH,0.17335065920743098
2023-06-16,US10Y,-0.0552351872276476
2023-06-16,CN10Y,0.028409596887644696
2023-06-20,000300.SH,0.02635317885279141
2023-06-20,SPX,-0.04599971166831866
2023-06-20,HSI,0.027233719134450454
2023-06-20,N225,-0.10855911151037784
2023-06-20,SX5E,-0.0008178991441924852
2023-06-20,000688.SH,0.002471328306713606
2023-06-20,SOX,-0.13780902574300694
2023-06-20,NDX,-0.08663846155854751
2023-06-20,XAU,0.02351282893846959
2023-06-20,COPPER,-0.019574378507104532
2023-06-20,WTI,0.0056756433029298975
2023-06-20,BTC,0.16060323064458973
2023-06-20,ETH,0.18515091417175106
2023-06-20,US10Y,-0.053318215731116544
2023-06-20,CN10Y,0.021715960510968132
2023-06-21,000300.SH,0.02866099941727426
2023-06-21,SPX,-0.03268365220646801
2023-06-21,HSI,0.02371414836677319
2023-06-21,N225,-0.09138306960333281
2023-06-21,SX5E,0.010984288456498873
2023-06-21,000688.SH,-0.0001810091982740686
2023-06-21,SOX,-0.11186068954286495
2023-06-21,NDX,-0.07775468354826412
2023-06-21,XAU,0.02907975449323188
2023-06-21,COPPER,-0.001032200246108062
2023-06-21,WTI,0.04281009918304931
2023-06-21,BTC,0.07808085678824808
2023-06-21,ETH,0.12093253515901395
2023-06-21,US10Y,-0.038974631231899495
2023-06-21,CN10Y,0.019607253713121407
2023-06-26,000300.SH,0.037793973936815835
2023-06-26,SPX,-0.021942867668959247
2023-06-26,HSI,0.03462253948280491
2023-06-26,N225,-0.0739470011968131
2023-06-26,SX5E,0.030835165066105376
2023-06-26,000688.SH,0.040418063107381316
2023-06-26,SOX,-0.06435218087149006
2023-06-26,NDX,-0.05165072001635256
2023-06-26,XAU,0.027194118840857418
2023-06-26,COPPER,-0.017107472212301106
2023-06-26,WTI,0.008378622737781134
2023-06-26,BTC,-0.016624941544245722
2023-06-26,ETH,0.046606754490846815
2023-06-26,US10Y,0.000791563952951122
2023-06-26,CN10Y,0.018984381894617347
2023-06-27,000300.SH,0.049557105168438156
2023-06-27,SPX,-0.022085195690149335
2023-06-27,HSI,0.05742327140244205
2023-06-27,N225,-0.04781353701080046
2023-06-27,SX5E,0.027805528148653204
2023-06-27,000688.SH,0.030374432558407403
2023-06-27,SOX,-0.07193062279220619
2023-06-27,NDX,-0.046913726008060416
2023-06-27,XAU,0.025668931526174575
2023-06-27,COPPER,-0.018643548368805742
2023-06-27,WTI,0.03428826801187357
2023-06-27,BTC,-0.0641568317940254
2023-06-27,ETH,0.027639818288604748
2023-06-27,US10Y,0.0005979371892469243
2023-06-27,CN10Y,0.018188169370206626
2023-06-28,000300.SH,0.03289291315606368
2023-06-28,SPX,-0.03795925908588666
2023-06-28,HSI,0.035155528670503
2023-06-28,N225,-0.04114183823578055
2023-06-28,SX5E,0.0193680772422864
2023-06-28,000688.SH,0.022943655547032538
2023-06-28,SOX,-0.10407250312599575
2023-06-28,NDX,-0.06888239710217892
2023-06-28,XAU,0.035803633189311096
2023-06-28,COPPER,-0.015185564250215998
2023-06-28,WTI,0.09075817014454363
2023-06-28,BTC,-0.03201468697590231
2023-06-28,ETH,0.0631442363413999
2023-06-28,US10Y,-0.013642368714134313
2023-06-28,CN10Y,0.012832403198953853
2023-06-29,000300.SH,0.02446876899885825
2023-06-29,SPX,-0.04079054084323104
2023-06-29,HSI,0.023351743531250437
2023-06-29,N225,-0.06963369524799574
2023-06-29,SX5E,-0.005364450211200274
2023-06-29,000688.SH,0.027003569085921022
2023-06-29,SOX,-0.10488167061274495
2023-06-29,NDX,-0.0702343526714064
2023-06-29,XAU,0.03265457781763637
2023-06-29,COPPER,-0.011726773856051902
2023-06-29,WTI,0.08378617798790323
2023-06-29,BTC,-0.01362922236584497
2023-06-29,ETH,0.09403256354476003
2023-06-29,US10Y,0.01386867544179577
2023-06-29,CN10Y,0.017094629400349635
2023-06-30,000300.SH,0.02531379116581876
2023-06-30,SPX,-0.03864566895700664
2023-06-30,HSI,0.014095398065921659
2023-06-30,N225,-0.06669622701265938
2023-06-30,SX5E,-0.007411791632921965
2023-06-30,000688.SH,0.04107887221787767
2023-06-30,SOX,-0.041737668953049735
2023-06-30,NDX,-0.04661783267676336
2023-06-30,XAU,0.022596552772247206
2023-06-30,COPPER,4.4193750510138075e-05
2023-06-30,WTI,0.040908139098683696
2023-06-30,BTC,-0.036660651940832394
2023-06-30,ETH,0.07024125411936112
2023-06-30,US10Y,0.0009437622539033852
2023-06-30,CN10Y,0.022547877728909343
2023-07-03,000300.SH,0.014331207609125284
2023-07-03,SPX,-0.040864324598338636
2023-07-03,HSI,0.003806180426410812
2023-07-03,N225,-0.04726584983148131
2023-07-03,SX5E,-0.012744251084996848
2023-07-03,000688.SH,0.05502871905368743
2023-07-03,SOX,-0.0008025869577028746
2023-07-03,NDX,-0.037016319788433116
2023-07-03,XAU,0.03123602188684161
2023-07-03,COPPER,-0.004585664421748585
2023-07-03,WTI,0.0024591081580595912
2023-07-03,BTC,-0.020092721665674287
2023-07-03,ETH,0.05558430194002967
2023-07-03,US10Y,-0.025377626231793796
2023-07-03,CN10Y,0.02630380550601463
2023-07-05,000300.SH,0.003430838817352332
2023-07-05,SPX,-0.036074980657633815
2023-07-05,HSI,-0.019028141602097516
2023-07-05,N225,-0.06844780229238878
2023-07-05,SX5E,-0.019021996385112486
2023-07-05,000688.SH,0.07610803520626093
2023-07-05,SOX,-0.007549550176140342
2023-07-05,NDX,-0.030647581874185016
2023-07-05,XAU,0.03843134957825357
2023-07-05,COPPER,0.010549468447332472
2023-07-05,WTI,-0.00591359175303036
2023-07-05,BTC,-0.0032195843287602804
2023-07-05,ETH,0.08623450814975878
2023-07-05,US10Y,-0.04515318826770859
2023-07-05,CN10Y,0.0203022171380984
2023-07-06,000300.SH,0.004903168927652923
2023-07-06,SPX,-0.03121502177844139
2023-07-06,HSI,-0.01926488061746136
2023-07-06,N225,-0.05346321279196694
2023-07-06,SX5E,-0.004904205599563254
2023-07-06,000688.SH,0.06999814541252125
2023-07-06,SOX,0.013358187372099213
2023-07-06,NDX,-0.025908375917419145
2023-07-06,XAU,0.0454417583505969
2023-07-06,COPPER,0.020120595607007036
2023-07-06,WTI,-0.0005778686886796676
2023-07-06,BTC,-0.028393530159663963
2023-07-06,ETH,0.07162431906340418
2023-07-06,US10Y,-0.0803123999854283
2023-07-06,CN10Y,0.01859332080534197
2023-07-07,000300.SH,0.01143711380246756
2023-07-07,SPX,-0.0236021639331888
2023-07-07,HSI,0.03032216537225076
2023-07-07,N225,-0.03728558797202188
2023-07-07,SX5E,0.026091098312892434
2023-07-07,000688.SH,0.05705344922363878
2023-07-07,SOX,-0.008666177732548856
2023-07-07,NDX,-0.028865852217610545
2023-07-07,XAU,0.02677528481199253
2023-07-07,COPPER,0.004930590330642999
2023-07-07,WTI,0.0040779635315469475
2023-07-07,BTC,-0.05707921454506645
2023-07-07,ETH,0.06510639061374117
2023-07-07,US10Y,-0.09226623797053354
2023-07-07,CN10Y,0.02197117837179667
2023-07-10,000300.SH,0.01674615562144059
2023-07-10,SPX,-0.01718723045532026
2023-07-10,HSI,0.05546733776445206
2023-07-10,N225,0.0003226752955072347
2023-07-10,SX5E,0.02074929920898221
2023-07-10,000688.SH,0.07195229139284227
2023-07-10,SOX,-0.01294047892821416
2023-07-10,NDX,-0.018045257876773853
2023-07-10,XAU,0.02883762932762573
2023-07-10,COPPER,0.01285351395522494
2023-07-10,WTI,-0.0139191530416968
2023-07-10,BTC,-0.10142643050969137
2023-07-10,ETH,0.026713751665652506
2023-07-10,US10Y,-0.09151973345117478
2023-07-10,CN10Y,0.02139563003114334
2023-07-11,000300.SH,0.00046378089620563836
2023-07-11,SPX,-0.01930684089460842
2023-07-11,HSI,0.04568308131372536
2023-07-11,N225,0.014807351508437587
2023-07-11,SX5E,0.015066675236545002
2023-07-11,000688.SH,0.04031794871087549
2023-07-11,SOX,-0.025740453086218543
2023-07-11,NDX,-0.021062187937264422
2023-07-11,XAU,0.02849688757215226
2023-07-11,COPPER,0.00849566606883305
2023-07-11,WTI,-0.016350381630101708
2023-07-11,BTC,-0.05972796778707846
2023-07-11,ETH,0.04957399421715356
2023-07-11,US10Y,-0.0779150282876973
2023-07-11,CN10Y,0.017197474099040606
2023-07-12,000300.SH,-0.0047240457118744306
2023-07-12,SPX,-0.02326120351621108
2023-07-12,HSI,0.05269206443939237
2023-07-12,N225,0.0016737757984836752
2023-07-12,SX5E,0.012945385975403297
2023-07-12,000688.SH,0.035872786542215325
2023-07-12,SOX,-0.01478416930334205
2023-07-12,NDX,-0.03556215258953624
2023-07-12,XAU,0.015349595932444903
2023-07-12,COPPER,0.019771972859058948
2023-07-12,WTI,-0.015643056125412766
2023-07-12,BTC,-0.07054909290277378
2023-07-12,ETH,0.05136273430403385
2023-07-12,US10Y,-0.04503231367785734
2023-07-12,CN10Y,0.01988771797597484
2023-07-13,000300.SH,0.01141277235497421
2023-07-13,SPX,-0.02321388351016977
2023-07-13,HSI,0.045848946800918534
2023-07-13,N225,0.0028211398263344196
2023-07-13,SX5E,-0.0016036946656688995
2023-07-13,000688.SH,0.04168154159129728
2023-07-13,SOX,-0.020127692303781496
2023-07-13,NDX,-0.03395242635198886
2023-07-13,XAU,0.014894674243389923
2023-07-13,COPPER,0.008272720579796878
2023-07-13,WTI,-0.048033533383767854
2023-07-13,BTC,-0.0545084824338101
2023-07-13,ETH,0.06543867943877768
2023-07-13,US10Y,-0.027697610558654044
2023-07-13,CN10Y,0.018766848372351614
2023-07-14,000300.SH,0.012123548444011126
2023-07-14,SPX,-0.020495305951054952
2023-07-14,HSI,0.038831192514091825
2023-07-14,N225,0.019536952042291486
2023-07-14,SX5E,-0.0009180012028047486
2023-07-14,000688.SH,0.06570376269889024
2023-07-14,SOX,-0.0161372395104744
2023-07-14,NDX,-0.0363885581232673
2023-07-14,XAU,0.013570532938729132
2023-07-14,COPPER,-0.005633108594110878
2023-07-14,WTI,-0.05772159595304264
2023-07-14,BTC,-0.0616405994349759
2023-07-14,ETH,0.029328659285295
2023-07-14,US10Y,0.006207299462705186
2023-07-14,CN10Y,0.0136324613837161
2023-07-18,000300.SH,0.011447080755840708
2023-07-18,SPX,-0.012155295703735244
2023-07-18,HSI,0.032987889657308735
2023-07-18,N225,0.022141171733901528
2023-07-18,SX5E,0.0011132012660244684
2023-07-18,000688.SH,0.06271727137549957
2023-07-18,SOX,0.024796938185714074
2023-07-18,NDX,-0.020622222349785054
2023-07-18,XAU,0.014503434774809783
2023-07-18,COPPER,-0.007372598426117412
2023-07-18,WTI,-0.07945971511879281
2023-07-18,BTC,-0.04861353673193594
2023-07-18,ETH,0.0037933303615290993
2023-07-18,US10Y,-0.017846826192186277
2023-07-18,CN10Y,0.012569876411924108
2023-07-19,000300.SH,0.020658799982361267
2023-07-19,SPX,-0.0240622553790453
2023-07-19,HSI,0.04966641922235963
2023-07-19,N225,0.030591871743187997
2023-07-19,SX5E,0.008606126872000908
2023-07-19,000688.SH,0.078374343052173
2023-07-19,SOX,-0.005716952286835296
2023-07-19,NDX,-0.0400802258583319
2023-07-19,XAU,-0.00798185557014962
2023-07-19,COPPER,0.02401171015174284
2023-07-19,WTI,-0.06713125763765818
2023-07-19,BTC,-0.07031385265768761
2023-07-19,ETH,-0.01408173788746164
2023-07-19,US10Y,0.01556123130540686
2023-07-19,CN10Y,0.0018976349479365735
2023-07-20,000300.SH,0.02190022532950308
2023-07-20,SPX,-0.024830154728337592
2023-07-20,HSI,0.047709593994030706
2023-07-20,N225,0.032661655335887226
2023-07-20,SX5E,0.017136419995418317
2023-07-20,000688.SH,0.08054421523153196
2023-07-20,SOX,0.021663598046242655
2023-07-20,NDX,-0.031118454996295147
2023-07-20,XAU,-0.006890247427952225
2023-07-20,COPPER,0.036877391345295656
2023-07-20,WTI,-0.07085188134066665
2023-07-20,BTC,-0.09618288509440999
2023-07-20,ETH,-0.05566059195106246
2023-07-20,US10Y,0.026857132456100146
2023-07-20,CN10Y,0.00018398380471382805
2023-07-21,000300.SH,0.03738090574141062
2023-07-21,SPX,-0.013496354887261232
2023-07-21,HSI,0.0602911092652359
2023-07-21,N225,0.0379446270307261
2023-07-21,SX5E,0.00556951139933003
2023-07-21,000688.SH,0.0853528685603776
2023-07-21,SOX,0.03227952918455387
2023-07-21,NDX,-0.005823786794913036
2023-07-21,XAU,0.002497944793885593
2023-07-21,COPPER,0.030446303051754095
2023-07-21,WTI,-0.05767613256474385
2023-07-21,BTC,-0.1101195856291639
2023-07-21,ETH,-0.08470530914936795
2023-07-21,US10Y,-0.03162808003367516
2023-07-21,CN10Y,0.011686450031851007
2023-07-24,000300.SH,0.043217753957878614
2023-07-24,SPX,-0.0219630064207039
2023-07-24,HSI,0.057174719279261314
2023-07-24,N225,0.04719096311710403
2023-07-24,SX5E,0.004775699762130568
2023-07-24,000688.SH,0.10419812516541187
2023-07-24,SOX,0.003240824518476241
2023-07-24,NDX,-0.015405356948818097
2023-07-24,XAU,0.0047947391055253655
2023-07-24,COPPER,0.023639676130301268
2023-07-24,WTI,-0.06203750010921116
2023-07-24,BTC,-0.11202333357388593
2023-07-24,ETH,-0.07993997702103052
2023-07-24,US10Y,-0.01840674139673585
2023-07-24,CN10Y,0.021543414434295974
2023-07-25,000300.SH,0.034899882632094786
2023-07-25,SPX,-0.03335422233295361
2023-07-25,HSI,0.05307781637862582
2023-07-25,N225,0.023031603532296233
2023-07-25,SX5E,-0.007506851131977962
2023-07-25,000688.SH,0.10863086951979536
2023-07-25,SOX,-0.008049238206372792
2023-07-25,NDX,-0.0211130634918572
2023-07-25,XAU,-0.003692388671323915
2023-07-25,COPPER,0.011531645647679119
2023-07-25,WTI,-0.1037218962138595
2023-07-25,BTC,-0.025094107281604015
2023-07-25,ETH,-0.02768756968472195
2023-07-25,US10Y,-0.032344324728675336
2023-07-25,CN10Y,0.031391844032854825
2023-07-26,000300.SH,0.0009391403210825301
2023-07-26,SPX,-0.03365376533655755
2023-07-26,HSI,0.005742767874454512
2023-07-26,N225,0.037218510392600906
2023-07-26,SX5E,-0.006710071649423862
2023-07-26,000688.SH,0.07090307981476851
2023-07-26,SOX,-0.03334557743738875
2023-07-26,NDX,-0.031858234080123025
2023-07-26,XAU,-0.009629082999672968
2023-07-26,COPPER,0.01209482205525902
2023-07-26,WTI,-0.07623830889449086
2023-07-26,BTC,0.055954200024681336
2023-07-26,ETH,0.053203884784293665
2023-07-26,US10Y,-0.04968521603726144
2023-07-26,CN10Y,0.005063851167777612
2023-07-27,000300.SH,-0.006233716088193701
2023-07-27,SPX,-0.036296441985020515
2023-07-27,HSI,-0.006842669401813923
2023-07-27,N225,0.017904717287700666
2023-07-27,SX5E,0.0016544275756008604
2023-07-27,000688.SH,0.07231737595868906
2023-07-27,SOX,-0.01450292398321889
2023-07-27,NDX,-0.03325765287779494
2023-07-27,XAU,-0.015807334960032483
2023-07-27,COPPER,5.8303188557348555e-05
2023-07-27,WTI,-0.09845891886565614
2023-07-27,BTC,0.08596531516505174
2023-07-27,ETH,0.0536596499094925
2023-07-27,US10Y,-0.03200632840373161
2023-07-27,CN10Y,0.011846197480369514
2023-07-28,000300.SH,0.0027456933152365717
2023-07-28,SPX,-0.020676039285279862
2023-07-28,HSI,-0.004135639426128749
2023-07-28,N225,0.0035234064071203676
2023-07-28,SX5E,-0.019254401215871395
2023-07-28,000688.SH,0.07962582850652122
2023-07-28,SOX,-0.002575705305674539
2023-07-28,NDX,-0.016076827066271473
2023-07-28,XAU,-0.007926215009866835
2023-07-28,COPPER,0.008604169995501093
2023-07-28,WTI,-0.13655228030194577
2023-07-28,BTC,0.09331157786093773
2023-07-28,ETH,0.06599511923674417
2023-07-28,US10Y,-0.05994491885004469
2023-07-28,CN10Y,0.013336231139021677
2023-07-31,000300.SH,-0.009164565940764542
2023-07-31,SPX,-0.02124620398795384
2023-07-31,HSI,-0.0006544883424412428
2023-07-31,N225,0.036921103435796875
2023-07-31,SX5E,-0.005042446728074342
2023-07-31,000688.SH,0.07787267672797654
2023-07-31,SOX,-0.009910232987225629
2023-07-31,NDX,-0.0205102046527455
2023-07-31,XAU,-0.03455042590015441
2023-07-31,COPPER,-0.013288066927670336
2023-07-31,WTI,-0.11554475801773934
2023-07-31,BTC,0.10235498221963407
2023-07-31,ETH,0.06443143700738951
2023-07-31,US10Y,-0.061580868387454524
2023-07-31,CN10Y,0.009912062481425947
2023-08-02,000300.SH,-0.01732323799037125
2023-08-02,SPX,-0.016755204797315668
2023-08-02,HSI,-0.01854363398749942
2023-08-02,N225,0.026457261796232343
2023-08-02,SX5E,-0.002494717120911866
2023-08-02,000688.SH,0.06615304034248316
2023-08-02,SOX,-0.007839205679148132
2023-08-02,NDX,-0.02049955600335089
2023-08-02,XAU,-0.0373179779572444
2023-08-02,COPPER,-0.03962589484890475
2023-08-02,WTI,-0.11818067704540422
2023-08-02,BTC,0.11880336881737513
2023-08-02,ETH,0.0902032652366537
2023-08-02,US10Y,-0.02673936446529342
2023-08-02,CN10Y,0.0037025337026988688
2023-08-03,000300.SH,-0.020958469492494955
2023-08-03,SPX,-0.005077919555339235
2023-08-03,HSI,-0.01882129396885976
2023-08-03,N225,0.022870447720587363
2023-08-03,SX5E,0.02010798735343869
2023-08-03,000688.SH,0.04975631180139596
2023-08-03,SOX,0.006506457310935592
2023-08-03,NDX,-0.002332984511029061
2023-08-03,XAU,-0.021771344315980937
2023-08-03,COPPER,-0.009841890930960728
2023-08-03,WTI,-0.10970140946038412
2023-08-03,BTC,0.0740145443281058
2023-08-03,ETH,0.08688697433773163
2023-08-03,US10Y,-0.06719136123547678
2023-08-03,CN10Y,-0.004446049381669797
2023-08-04,000300.SH,-0.020129927404707152
2023-08-04,SPX,-0.004632436671431791
2023-08-04,HSI,0.0022530291334402416
2023-08-04,N225,0.05286469034236576
2023-08-04,SX5E,0.024128671396663623
2023-08-04,000688.SH,0.046322922392037474
2023-08-04,SOX,0.007950245811292354
2023-08-04,NDX,-0.0031267926078150147
2023-08-04,XAU,-0.02115493416366126
2023-08-04,COPPER,-0.021043099409557037
2023-08-04,WTI,-0.14495565111202363
2023-08-04,BTC,0.08210057496974277
2023-08-04,ETH,0.08538689832807785
2023-08-04,US10Y,-0.0869235168213793
2023-08-04,CN10Y,0.0009593258169548575
2023-08-07,000300.SH,-0.028217493028730257
2023-08-07,SPX,0.0007735632207055507
2023-08-07,HSI,-0.011557786545027905
2023-08-07,N225,0.04183091222153687
2023-08-07,SX5E,0.008570870391609205
2023-08-07,000688.SH,0.040945010318076784
2023-08-07,SOX,-0.006493089227110158
2023-08-07,NDX,0.004050732682886081
2023-08-07,XAU,-0.028385257322361888
2023-08-07,COPPER,-0.013933000750770573
2023-08-07,WTI,-0.12909702581679258
2023-08-07,BTC,0.07308893937816745
2023-08-07,ETH,0.0748288002023453
2023-08-07,US10Y,-0.025946042094923183
2023-08-07,CN10Y,-0.0004591336296110018
2023-08-08,000300.SH,-0.019119686719467954
2023-08-08,SPX,-0.007827928136156079
2023-08-08,HSI,-0.030338851595073036
2023-08-08,N225,0.031959543338499485
2023-08-08,SX5E,-0.013014690108665093
2023-08-08,000688.SH,0.05296517014137945
2023-08-08,SOX,-0.010820472868982649
2023-08-08,NDX,-0.002231835003262435
2023-08-08,XAU,-0.025736321314075394
2023-08-08,COPPER,-0.0038940220354981413
2023-08-08,WTI,-0.1138349755164205
2023-08-08,BTC,0.0766617936921077
2023-08-08,ETH,0.07154964613777756
2023-08-08,US10Y,-0.006520793908169778
2023-08-08,CN10Y,0.00020342389600635661
2023-08-09,000300.SH,-0.026217864449959227
2023-08-09,SPX,-0.011250455622065714
2023-08-09,HSI,-0.028652058003081612
2023-08-09,N225,0.011754553876805894
2023-08-09,SX5E,-0.0037340625019837287
2023-08-09,000688.SH,0.04151499164768687
2023-08-09,SOX,-0.0057078620483840495
2023-08-09,NDX,-0.003118459262859031
2023-08-09,XAU,-0.014009853371952204
2023-08-09,COPPER,0.013302724120611105
2023-08-09,WTI,-0.10043552208492318
2023-08-09,BTC,0.05932724488206266
2023-08-09,ETH,0.05488086693920142
2023-08-09,US10Y,0.012541507569480938
2023-08-09,CN10Y,-0.00019575169064050093
2023-08-10,000300.SH,-0.02211188005292595
2023-08-10,SPX,-0.005170989086628419
2023-08-10,HSI,-0.031057979107824256
2023-08-10,N225,0.00748927748945965
2023-08-10,SX5E,-0.009403228702199715
2023-08-10,000688.SH,0.04839190490910992
2023-08-10,SOX,0.025499620347498735
2023-08-10,NDX,0.004359911815009811
2023-08-10,XAU,-0.009321892927621079
2023-08-10,COPPER,0.007704746326156239
2023-08-10,WTI,-0.12805095350666806
2023-08-10,BTC,0.05845644072221273
2023-08-10,ETH,0.04947706758588316
2023-08-10,US10Y,0.005083173896112462
2023-08-10,CN10Y,-0.0013452197075754977
2023-08-14,000300.SH,-0.019592651336189572
2023-08-14,SPX,-0.0010542546930029772
2023-08-14,HSI,-0.023995615723969854
2023-08-14,N225,-0.0029412615493189832
2023-08-14,SX5E,-0.019845986652160537
2023-08-14,000688.SH,0.051732755762675726
2023-08-14,SOX,0.025053510127221134
2023-08-14,NDX,0.004904741590887965
2023-08-14,XAU,-0.004659327783845234
2023-08-14,COPPER,0.00831627696464272
2023-08-14,WTI,-0.09342696913514634
2023-08-14,BTC,0.061743360147447496
2023-08-14,ETH,0.04167771096111926
2023-08-14,US10Y,-0.024269309994811986
2023-08-14,CN10Y,-0.003642978685549036
2023-08-15,000300.SH,-0.004745466711587071
2023-08-15,SPX,-0.004851843923029075
2023-08-15,HSI,-0.00037381291513014295
2023-08-15,N225,-0.005395444555813336
2023-08-15,SX5E,0.0018205077454382145
2023-08-15,000688.SH,0.05842738199650346
2023-08-15,SOX,0.02189471961556482
2023-08-15,NDX,0.0035092704859559197
2023-08-15,XAU,0.008290591281492782
2023-08-15,COPPER,0.024505627133396074
2023-08-15,WTI,-0.08412497666776922
2023-08-15,BTC,0.0369592109602345
2023-08-15,ETH,0.020011535751556363
2023-08-15,US10Y,-0.0811757067290765
2023-08-15,CN10Y,0.0052484065322631855
2023-08-16,000300.SH,-0.009055985071855004
2023-08-16,SPX,-0.0030512511366522785
2023-08-16,HSI,0.00702612613226474
2023-08-16,N225,-0.015915760423203265
2023-08-16,SX5E,-0.0006503448798387658
2023-08-16,000688.SH,0.06513562959653679
2023-08-16,SOX,0.01699877524766749
2023-08-16,NDX,0.008798921160444707
2023-08-16,XAU,0.005854392643690837
2023-08-16,COPPER,0.036491411507306976
2023-08-16,WTI,-0.07692999707267831
2023-08-16,BTC,0.02589839536328953
2023-08-16,ETH,0.03314003057483065
2023-08-16,US10Y,-0.11372704785019216
2023-08-16,CN10Y,0.019986704208388505
2023-08-17,000300.SH,-0.005360074113801353
2023-08-17,SPX,0.0015532273997641123
2023-08-17,HSI,0.017711399814618264
2023-08-17,N225,-0.0040030098670625555
2023-08-17,SX5E,-0.0013843918724461852
2023-08-17,000688.SH,0.07561120306729416
2023-08-17,SOX,0.018484476148271187
2023-08-17,NDX,0.015340012451166491
2023-08-17,XAU,0.006239755075813293
2023-08-17,COPPER,0.026366842727670512
2023-08-17,WTI,-0.08183384174207786
2023-08-17,BTC,0.005861127883095788
2023-08-17,ETH,0.01047324840218418
2023-08-17,US10Y,-0.10790823605429865
2023-08-17,CN10Y,0.02284826067980922
2023-08-18,000300.SH,-0.027127738784112482
2023-08-18,SPX,0.01494925364158519
2023-08-18,HSI,-0.013379707358349608
2023-08-18,N225,-0.001892898972538466
2023-08-18,SX5E,-0.0023748402606591007
2023-08-18,000688.SH,0.049373826135592574
2023-08-18,SOX,0.038229070594918035
2023-08-18,NDX,0.03563379728327654
2023-08-18,XAU,0.016336519072149662
2023-08-18,COPPER,-0.01681602698394324
2023-08-18,WTI,-0.08532594757853863
2023-08-18,BTC,0.05281194526330629
2023-08-18,ETH,0.044864580793569975
2023-08-18,US10Y,-0.11625242963001357
2023-08-18,CN10Y,0.010970596783757575
2023-08-21,000300.SH,-0.018261636593816577
2023-08-21,SPX,0.015826547984969918
2023-08-21,HSI,6.202981718295315e-05
2023-08-21,N225,0.014320667574078124
2023-08-21,SX5E,-0.0030280562107481623
2023-08-21,000688.SH,0.04954831826618122
2023-08-21,SOX,0.018252448332420686
2023-08-21,NDX,0.03340023726881743
2023-08-21,XAU,0.01427391229616178
2023-08-21,COPPER,-0.03306958142542117
2023-08-21,WTI,-0.10599062874993978
2023-08-21,BTC,0.07308428948555723
2023-08-21,ETH,0.04854839231773002
2023-08-21,US10Y,-0.11828830644360516
2023-08-21,CN10Y,0.01132136608043232
2023-08-22,000300.SH,-0.005965601595943851
2023-08-22,SPX,0.006692076248510407
2023-08-22,HSI,0.023926841499437235
2023-08-22,N225,0.0031661015727294196
2023-08-22,SX5E,0.0014216445284211546
2023-08-22,000688.SH,0.05305559102250342
2023-08-22,SOX,-0.03575296241419354
2023-08-22,NDX,3.102686841057606e-06
2023-08-22,XAU,0.00848538164526047
2023-08-22,COPPER,-0.022597046919498584
2023-08-22,WTI,-0.08851603716773908
2023-08-22,BTC,0.08140350049899991
2023-08-22,ETH,0.0642252242792272
2023-08-22,US10Y,-0.11005401823194573
2023-08-22,CN10Y,0.020506202347391228
2023-08-23,000300.SH,-0.013512954560042659
2023-08-23,SPX,0.010231505965797591
2023-08-23,HSI,0.023210845143624936
2023-08-23,N225,-0.011273428908351524
2023-08-23,SX5E,-0.002195234742013427
2023-08-23,000688.SH,0.03743319199877242
2023-08-23,SOX,-0.015678494492358024
2023-08-23,NDX,-2.407290016712962e-05
2023-08-23,XAU,0.0033227421370746555
2023-08-23,COPPER,-0.03437931169891752
2023-08-23,WTI,-0.06652051836161514
2023-08-23,BTC,0.08837980155453579
2023-08-23,ETH,0.08480247358838083
2023-08-23,US10Y,-0.11309887168942814
2023-08-23,CN10Y,0.009302326964708032
2023-08-24,000300.SH,0.0021278332129693114
2023-08-24,SPX,0.00635601667577982
2023-08-24,HSI,0.0040921773176310185
2023-08-24,N225,-0.0005195399038939795
2023-08-24,SX5E,-0.0020510918262164374
2023-08-24,000688.SH,0.059370252450760656
2023-08-24,SOX,-0.031009315827312887
2023-08-24,NDX,-0.010274090211701715
2023-08-24,XAU,-0.008782827536122414
2023-08-24,COPPER,-0.035324573967353355
2023-08-24,WTI,-0.021839196137399514
2023-08-24,BTC,0.05886777405394441
2023-08-24,ETH,0.04726540481818829
2023-08-24,US10Y,-0.07396025838586509
2023-08-24,CN10Y,0.0056814352665924845
2023-08-25,000300.SH,0.009700912925345279
2023-08-25,SPX,0.011721066507359875
2023-08-25,HSI,0.005343511485635267
2023-08-25,N225,-0.020856329838040543
2023-08-25,SX5E,-0.0032665859090926855
2023-08-25,000688.SH,0.05381819466801707
2023-08-25,SOX,-0.006952182978693669
2023-08-25,NDX,0.004396325234656299
2023-08-25,XAU,-0.006796137280276463
2023-08-25,COPPER,-0.02394056684955165
2023-08-25,WTI,-0.036376534518494555
2023-08-25,BTC,0.035743375629025353
2023-08-25,ETH,0.018862371968889693
2023-08-25,US10Y,-0.07019206183209974
2023-08-25,CN10Y,0.0287946407873214
2023-08-28,000300.SH,0.013350914985225441
2023-08-28,SPX,0.006302559520945985
2023-08-28,HSI,0.018038013908462512
2023-08-28,N225,0.0006105103844825446
2023-08-28,SX5E,-0.01348499734012552
2023-08-28,000688.SH,0.07000161384163571
2023-08-28,SOX,-0.022539378770434177
2023-08-28,NDX,-0.006328571102511655
2023-08-28,XAU,-0.002346192849965735
2023-08-28,COPPER,-0.02583054982497272
2023-08-28,WTI,-0.053345286920099516
2023-08-28,BTC,0.04974896584711619
2023-08-28,ETH,0.03728737915896244
2023-08-28,US10Y,-0.08689890996383125
2023-08-28,CN10Y,0.015433929125110626
2023-08-29,000300.SH,0.003082556472480625
2023-08-29,SPX,-0.004184137449478415
2023-08-29,HSI,0.02725062429133724
2023-08-29,N225,-0.00723751717176812
2023-08-29,SX5E,-4.5655916770916474e-05
2023-08-29,000688.SH,0.050273752033151514
2023-08-29,SOX,-0.01022409499609485
2023-08-29,NDX,-0.012312484558030806
2023-08-29,XAU,-0.017260182304655813
2023-08-29,COPPER,-0.04579972387210842
2023-08-29,WTI,-0.04009760707278163
2023-08-29,BTC,0.04799868828468613
2023-08-29,ETH,0.038376926180457974
2023-08-29,US10Y,-0.03965662720676118
2023-08-29,CN10Y,0.009835483286337463
2023-08-30,000300.SH,0.021226805467029715
2023-08-30,SPX,-0.003617593008909941
2023-08-30,HSI,0.03301072420871409
2023-08-30,N225,-0.007502588940917897
2023-08-30,SX5E,0.00471851943722082
2023-08-30,000688.SH,0.025431946091584924
2023-08-30,SOX,-0.0009369352191857996
2023-08-30,NDX,-0.006271943460464493
2023-08-30,XAU,0.004890067265892005
2023-08-30,COPPER,-0.026181938895157762
2023-08-30,WTI,-0.042286415510747424
2023-08-30,BTC,0.003870055584015805
2023-08-30,ETH,0.014656884306457046
2023-08-30,US10Y,-0.04315197912315096
2023-08-30,CN10Y,0.022144391797620566
2023-08-31,000300.SH,0.0236340715249881
2023-08-31,SPX,-0.008560508486183623
2023-08-31,HSI,0.03703294822270219
2023-08-31,N225,-0.0005289056131791278
2023-08-31,SX5E,0.00607706811926436
2023-08-31,000688.SH,0.003272968366861171
2023-08-31,SOX,-0.008516907383047497
2023-08-31,NDX,-0.014784834236945552
2023-08-31,XAU,0.004519708032577936
2023-08-31,COPPER,-0.010405926775924864
2023-08-31,WTI,-0.03731143424035785
2023-08-31,BTC,0.00910625081459378
2023-08-31,ETH,0.010530727791670903
2023-08-31,US10Y,-0.04159447897946785
2023-08-31,CN10Y,0.027529252842448677
2023-09-05,000300.SH,0.0285962746577418
2023-09-05,SPX,-0.015218426201592163
2023-09-05,HSI,0.026901769928958777
2023-09-05,N225,-0.015737521787954147
2023-09-05,SX5E,-0.011921155401108004
2023-09-05,000688.SH,0.009734105546662094
2023-09-05,SOX,-0.033918668979118854
2023-09-05,NDX,-0.030871368184243575
2023-09-05,XAU,-0.006521195059195991
2023-09-05,COPPER,-0.03495254971704924
2023-09-05,WTI,-0.07427102291208176
2023-09-05,BTC,0.07552900777352409
2023-09-05,ETH,0.06000850367783771
2023-09-05,US10Y,-0.005688496574751935
2023-09-05,CN10Y,0.028330743232371728
2023-09-06,000300.SH,0.02685765104578735
2023-09-06,SPX,-0.012809703833651782
2023-09-06,HSI,0.02474609324814294
2023-09-06,N225,-0.0428563162312002
2023-09-06,SX5E,-0.009332025526532369
2023-09-06,000688.SH,0.0276913103928784
2023-09-06,SOX,-0.033811634541914645
2023-09-06,NDX,-0.028710568075441915
2023-09-06,XAU,0.0018726487059755204
2023-09-06,COPPER,-0.01816372793382294
2023-09-06,WTI,-0.08258573690632001
2023-09-06,BTC,0.09072898170917475
2023-09-06,ETH,0.0755125261779605
2023-09-06,US10Y,-0.02294572643885319
2023-09-06,CN10Y,0.0038062282078180423
2023-09-07,000300.SH,0.03342511921550193
2023-09-07,SPX,-0.010505364490780284
2023-09-07,HSI,0.0317526820526516
2023-09-07,N225,-0.04746370833323181
2023-09-07,SX5E,0.005030209650095277
2023-09-07,000688.SH,0.029448595149887156
2023-09-07,SOX,-0.026539300401449424
2023-09-07,NDX,-0.024224601259079465
2023-09-07,XAU,0.011408548404160728
2023-09-07,COPPER,-0.017813721100185753
2023-09-07,WTI,-0.08022537478339915
2023-09-07,BTC,0.09005118688546841
2023-09-07,ETH,0.07435064168932606
2023-09-07,US10Y,-0.06528432189028725
2023-09-07,CN10Y,-0.00341059078867757
2023-09-11,000300.SH,0.031861185474057876
2023-09-11,SPX,-0.0038847233784280507
2023-09-11,HSI,0.03324579107823081
2023-09-11,N225,-0.04336500129911274
2023-09-11,SX5E,0.003324656820331763
2023-09-11,000688.SH,0.052285590644207874
2023-09-11,SOX,-0.008834274966095144
2023-09-11,NDX,-0.016476923280012188
2023-09-11,XAU,0.003750402283261036
2023-09-11,COPPER,-0.02164540396084868
2023-09-11,WTI,-0.0815448903337176
2023-09-11,BTC,0.05706125542967337
2023-09-11,ETH,0.04425003584513107
2023-09-11,US10Y,-0.04493849228838251
2023-09-11,CN10Y,-0.005089208068296255
2023-09-12,000300.SH,0.026362846024132067
2023-09-12,SPX,-0.01595596664422691
2023-09-12,HSI,0.019748443519089703
2023-09-12,N225,-0.023879842185245206
2023-09-12,SX5E,-0.015665980223553706
2023-09-12,000688.SH,0.03934878070298352
2023-09-12,SOX,-0.020338347429428274
2023-09-12,NDX,-0.03856128996832678
2023-09-12,XAU,-0.003706717398639625
2023-09-12,COPPER,-0.04829685117964862
2023-09-12,WTI,-0.08340429178518954
2023-09-12,BTC,0.1169315600959535
2023-09-12,ETH,0.11627311394198554
2023-09-12,US10Y,-0.06512351508517006
2023-09-12,CN10Y,-0.003731942384714958
2023-09-13,000300.SH,0.029361135953707818
2023-09-13,SPX,-0.014196469786190356
2023-09-13,HSI,0.033048003279671556
2023-09-13,N225,-0.03549005509504363
2023-09-13,SX5E,-0.002422625170528706
2023-09-13,000688.SH,0.04106447585375184
2023-09-13,SOX,-0.023443739997564217
2023-09-13,NDX,-0.03423036834365536
2023-09-13,XAU,-0.0033330032340800663
2023-09-13,COPPER,-0.03703792016881847
2023-09-13,WTI,-0.07873576489750891
2023-09-13,BTC,0.09210386737208155
2023-09-13,ETH,0.09965836665189878
2023-09-13,US10Y,-0.0668260376336363
2023-09-13,CN10Y,0.0004801352159150025
2023-09-14,000300.SH,0.036426215811410055
2023-09-14,SPX,-0.016221512689523737
2023-09-14,HSI,0.03208955801314422
2023-09-14,N225,-0.026049083690030134
2023-09-14,SX5E,0.016187834864746505
2023-09-14,000688.SH,0.055656470758837756
2023-09-14,SOX,-0.03527967793305915
2023-09-14,NDX,-0.03772619579003547
2023-09-14,XAU,-0.002621758417292455
2023-09-14,COPPER,-0.04537125470056011
2023-09-14,WTI,-0.097212052173243
2023-09-14,BTC,0.07029808789094098
2023-09-14,ETH,0.08550076367785325
2023-09-14,US10Y,-0.03931242307804864
2023-09-14,CN10Y,0.003635027454860492
2023-09-15,000300.SH,0.020424802099082366
2023-09-15,SPX,-0.011027133001823036
2023-09-15,HSI,0.025114227917211872
2023-09-15,N225,-0.04308377995927054
2023-09-15,SX5E,0.0021689657351286794
2023-09-15,000688.SH,0.046418950485540525
2023-09-15,SOX,-0.014426985265953965
2023-09-15,NDX,-0.027827093536806798
2023-09-15,XAU,-0.0009701207662686229
2023-09-15,COPPER,-0.043342856064797965
2023-09-15,WTI,-0.10903420574231713
2023-09-15,BTC,0.08235310911857611
2023-09-15,ETH,0.10109959557894779
2023-09-15,US10Y,-0.028320762202560253
2023-09-15,CN10Y,0.0004532856053111739
2023-09-19,000300.SH,0.03298422808127544
2023-09-19,SPX,-0.004311797385554332
2023-09-19,HSI,0.019254678134229417
2023-09-19,N225,-0.04199417427072342
2023-09-19,SX5E,-0.003188736128045818
2023-09-19,000688.SH,0.0315516842535905
2023-09-19,SOX,0.01490175808416354
2023-09-19,NDX,-0.012763954352388848
2023-09-19,XAU,-0.007148255659781997
2023-09-19,COPPER,-0.04295705799668956
2023-09-19,WTI,-0.11419173530152114
2023-09-19,BTC,0.08640685422912571
2023-09-19,ETH,0.10221248442886674
2023-09-19,US10Y,-0.03430935307800899
2023-09-19,CN10Y,-0.026446623038537245
2023-09-20,000300.SH,0.030300301677590024
2023-09-20,SPX,-0.004461304853152235
2023-09-20,HSI,0.02710610869034979
2023-09-20,N225,-0.041526528088212264
2023-09-20,SX5E,0.0152335745635644
2023-09-20,000688.SH,0.03557069212903279
2023-09-20,SOX,0.015114118603279462
2023-09-20,NDX,-0.014313252276305645
2023-09-20,XAU,-0.013299276288482691
2023-09-20,COPPER,-0.021732158569969885
2023-09-20,WTI,-0.1314493224006739
2023-09-20,BTC,0.06150646123978433
2023-09-20,ETH,0.10753283317230197
2023-09-20,US10Y,-0.02900708015847607
2023-09-20,CN10Y,-0.036575167440630316
2023-09-21,000300.SH,0.040689948396978794
2023-09-21,SPX,0.0003548377043643084
2023-09-21,HSI,0.03701935307396972
2023-09-21,N225,-0.03561510189233449
2023-09-21,SX5E,-0.0016186711674573816
2023-09-21,000688.SH,0.055183590187297224
2023-09-21,SOX,0.03222707278463387
2023-09-21,NDX,-0.0062504260780323045
2023-09-21,XAU,-0.013262057995022017
2023-09-21,COPPER,-0.002485485710383248
2023-09-21,WTI,-0.10858869195825283
2023-09-21,BTC,-0.0013738727516385413
2023-09-21,ETH,0.05913123321111874
2023-09-21,US10Y,-0.0196786536097454
2023-09-21,CN10Y,-0.035733074195496685
2023-09-22,000300.SH,0.03221088097097422
2023-09-22,SPX,0.013079159805054164
2023-09-22,HSI,0.021048741886095613
2023-09-22,N225,-0.030605462880753845
2023-09-22,SX5E,0.005788304663745019
2023-09-22,000688.SH,0.049831022794315866
2023-09-22,SOX,0.04792826399301843
2023-09-22,NDX,0.005447691289682532
2023-09-22,XAU,-0.010266644105470697
2023-09-22,COPPER,0.013548818420016947
2023-09-22,WTI,-0.10327814523627583
2023-09-22,BTC,-0.011218774048251978
2023-09-22,ETH,0.05968210888899429
2023-09-22,US10Y,-0.056700436618313727
2023-09-22,CN10Y,-0.036495529822831045
2023-09-25,000300.SH,0.0036428204648373107
2023-09-25,SPX,0.0247789018525624
2023-09-25,HSI,-0.013793436258915158
2023-09-25,N225,-0.019233205290560534
2023-09-25,SX5E,0.013028074740720444
2023-09-25,000688.SH,0.01427481088119388
2023-09-25,SOX,0.07422933256045978
2023-09-25,NDX,0.025326159274589657
2023-09-25,XAU,-0.008113577395457447
2023-09-25,COPPER,0.01758975434869189
2023-09-25,WTI,-0.11463571515986332
2023-09-25,BTC,-0.0020732889244016346
2023-09-25,ETH,0.06614409242537903
2023-09-25,US10Y,-0.02933839665470918
2023-09-25,CN10Y,-0.051826326864527344
2023-09-26,000300.SH,0.0156631401358454
2023-09-26,SPX,0.01628288525895627
2023-09-26,HSI,0.010547171993221199
2023-09-26,N225,-0.020295222285439205
2023-09-26,SX5E,0.02877656319379758
2023-09-26,000688.SH,0.03202370173305996
2023-09-26,SOX,0.053592047653465084
2023-09-26,NDX,0.016342365786959218
2023-09-26,XAU,-0.002712587890540309
2023-09-26,COPPER,0.029852081836341412
2023-09-26,WTI,-0.11872608761284363
2023-09-26,BTC,0.0012286412537076356
2023-09-26,ETH,0.044143747356630035
2023-09-26,US10Y,-0.05306388529777781
2023-09-26,CN10Y,-0.05365456311538298
2023-09-27,000300.SH,-0.0030932713183833456
2023-09-27,SPX,0.035784459441381214
2023-09-27,HSI,0.015420149083050665
2023-09-27,N225,-0.010637424091475554
2023-09-27,SX5E,0.03180955803476957
2023-09-27,000688.SH,-0.0006474334716510049
2023-09-27,SOX,0.07736377553363744
2023-09-27,NDX,0.03816996412892987
2023-09-27,XAU,0.011451921925010312
2023-09-27,COPPER,0.04086673143828933
2023-09-27,WTI,-0.1472999461722253
2023-09-27,BTC,0.003878430207875306
2023-09-27,ETH,0.04868666644505452
2023-09-27,US10Y,-0.08526838901036517
2023-09-27,CN10Y,-0.056485192173897705
2023-09-28,000300.SH,0.009703576871506189
2023-09-28,SPX,0.027980648785287082
2023-09-28,HSI,0.039671537799059305
2023-09-28,N225,0.002065949161448461
2023-09-28,SX5E,0.030303274070914488
2023-09-28,000688.SH,0.00768741178236802
2023-09-28,SOX,0.0485922143811408
2023-09-28,NDX,0.02265617042281295
2023-09-28,XAU,0.0279425368357073
2023-09-28,COPPER,0.04029382976190039
2023-09-28,WTI,-0.17101367894522507
2023-09-28,BTC,0.0029019847334511148
2023-09-28,ETH,0.053044111590783136
2023-09-28,US10Y,-0.09076334285446704
2023-09-28,CN10Y,-0.05106622439668722
2023-10-10,000300.SH,0.013819502005239195
2023-10-10,SPX,0.03268539240154936
2023-10-10,HSI,0.047062254095583025
2023-10-10,N225,0.00029190314532689596
2023-10-10,SX5E,0.028706873390924
2023-10-10,000688.SH,-0.013595071907430183
2023-10-10,SOX,0.04455166758778951
2023-10-10,NDX,0.02849107541019315
2023-10-10,XAU,0.03539697077796667
2023-10-10,COPPER,0.027541642520849143
2023-10-10,WTI,-0.13187311888085043
2023-10-10,BTC,-0.016429345773743977
2023-10-10,ETH,0.02665006276379902
2023-10-10,US10Y,-0.08474223546224151
2023-10-10,CN10Y,-0.03855757207495415
2023-10-11,000300.SH,0.026423033261454523
2023-10-11,SPX,0.01915516257263649
2023-10-11,HSI,0.027716450214952223
2023-10-11,N225,0.01514541639295688
2023-10-11,SX5E,0.02380544773584401
2023-10-11,000688.SH,-0.001992490897100024
2023-10-11,SOX,0.014499732022698456
2023-10-11,NDX,-0.00238838435140927
2023-10-11,XAU,0.0386249273527903
2023-10-11,COPPER,0.04792271405407581
2023-10-11,WTI,-0.07610101979966157
2023-10-11,BTC,-0.044499825244214704
2023-10-11,ETH,0.056938243330985586
2023-10-11,US10Y,-0.10726424338316626
2023-10-11,CN10Y,-0.037985163262842514
2023-10-12,000300.SH,0.018163584716317634
2023-10-12,SPX,0.01647911928238332
2023-10-12,HSI,0.009565229072246061
2023-10-12,N225,-0.0016400722901573801
2023-10-12,SX5E,0.016987140711811927
2023-10-12,000688.SH,0.01133568931719393
2023-10-12,SOX,0.0011642535418596549
2023-10-12,NDX,-0.007498380510304463
2023-10-12,XAU,0.033189923787448436
2023-10-12,COPPER,0.0422065292212222
2023-10-12,WTI,-0.04368878948099446
2023-10-12,BTC,-0.0018409286410438763
2023-10-12,ETH,0.05890908081164886
2023-10-12,US10Y,-0.09951923875948751
2023-10-12,CN10Y,-0.05381314078014402
2023-10-13,000300.SH,0.010164061274550117
2023-10-13,SPX,0.02783755205603683
2023-10-13,HSI,-0.006856564615789819
2023-10-13,N225,-0.014601093709929253
2023-10-13,SX5E,0.01665415446617284
2023-10-13,000688.SH,0.03118433108923492
2023-10-13,SOX,0.005265531346442967
2023-10-13,NDX,0.003787926244173976
2023-10-13,XAU,0.03977973685636809
2023-10-13,COPPER,0.052023909818692676
2023-10-13,WTI,-0.039915756551811774
2023-10-13,BTC,-0.009561719414613673
2023-10-13,ETH,0.06605464167179395
2023-10-13,US10Y,-0.12719778425165115
2023-10-13,CN10Y,-0.054618926279670466
2023-10-16,000300.SH,0.016303646863659753
2023-10-16,SPX,0.03273717072900106
2023-10-16,HSI,0.013983144797841657
2023-10-16,N225,0.0009352988418063844
2023-10-16,SX5E,0.029113124324688402
2023-10-16,000688.SH,0.04448060704820471
2023-10-16,SOX,0.04189867668635048
2023-10-16,NDX,0.020521676352157077
2023-10-16,XAU,0.004239692423625957
2023-10-16,COPPER,0.05677098564785872
2023-10-16,WTI,-0.06439813561774863
2023-10-16,BTC,-0.058259524456653944
2023-10-16,ETH,0.029024696852300524
2023-10-16,US10Y,-0.11977512525330135
2023-10-16,CN10Y,-0.047575935239790555
2023-10-17,000300.SH,0.03978703145447532
2023-10-17,SPX,0.019102823342180407
2023-10-17,HSI,0.026043872594124204
2023-10-17,N225,0.033138902419795564
2023-10-17,SX5E,0.018645970967561973
2023-10-17,000688.SH,0.05136602851462735
2023-10-17,SOX,0.03146262804264623
2023-10-17,NDX,0.00866785643380321
2023-10-17,XAU,0.003065404698771623
2023-10-17,COPPER,0.05329406514531658
2023-10-17,WTI,-0.021387768586042518
2023-10-17,BTC,-0.1282180470674127
2023-10-17,ETH,-0.013006382511244318
2023-10-17,US10Y,-0.09411748985240874
2023-10-17,CN10Y,-0.02784489559619404
2023-10-18,000300.SH,0.03660312191736966
2023-10-18,SPX,0.014076307415243372
2023-10-18,HSI,0.022179956503086965
2023-10-18,N225,0.028879033695146827
2023-10-18,SX5E,0.013108279228567835
2023-10-18,000688.SH,0.04859326321337996
2023-10-18,SOX,0.0356359923979471
2023-10-18,NDX,0.005920568585268207
2023-10-18,XAU,-0.002320934736047343
2023-10-18,COPPER,0.04193989248505585
2023-10-18,WTI,-0.001506106999551702
2023-10-18,BTC,-0.12056031364162863
2023-10-18,ETH,0.013700705492661778
2023-10-18,US10Y,-0.11399608847788241
2023-10-18,CN10Y,-0.0222536770786174
2023-10-19,000300.SH,0.03440050983084212
2023-10-19,SPX,0.026679565694409907
2023-10-19,HSI,0.016837087562751873
2023-10-19,N225,0.024018466928904338
2023-10-19,SX5E,0.02346092544491089
2023-10-19,000688.SH,0.028915426580254915
2023-10-19,SOX,0.03871697343359189
2023-10-19,NDX,0.016237509480341236
2023-10-19,XAU,-0.012127235576463023
2023-10-19,COPPER,0.04085566518898164
2023-10-19,WTI,-0.01528928175922573
2023-10-19,BTC,-0.0898521431644834
2023-10-19,ETH,0.03488161195444216
2023-10-19,US10Y,-0.1390913537725672
2023-10-19,CN10Y,-0.02864372782669157
2023-10-20,000300.SH,0.06051431928502964
2023-10-20,SPX,0.044744222981283104
2023-10-20,HSI,0.039375685744596954
2023-10-20,N225,0.029234234376154883
2023-10-20,SX5E,0.0370384636114903
2023-10-20,000688.SH,0.03913844944048155
2023-10-20,SOX,0.05166062485991635
2023-10-20,NDX,0.04017625438122696
2023-10-20,XAU,-0.023638618925550938
2023-10-20,COPPER,0.05451869630455272
2023-10-20,WTI,-0.02974839487895303
2023-10-20,BTC,-0.14005917354775957
2023-10-20,ETH,-0.018685746865417338
2023-10-20,US10Y,-0.1496747165941722
2023-10-20,CN10Y,-0.034594300172879386
2023-10-24,000300.SH,0.05945814077270151
2023-10-24,SPX,0.04747396013296662
2023-10-24,HSI,0.03397887872283603
2023-10-24,N225,0.04063094663080224
2023-10-24,SX5E,0.04550993407521133
2023-10-24,000688.SH,0.03652960676976607
2023-10-24,SOX,0.04934255579786678
2023-10-24,NDX,0.03771123851709947
2023-10-24,XAU,-0.03358690192737807
2023-10-24,COPPER,0.05310732280508343
2023-10-24,WTI,-0.009130722707970756
2023-10-24,BTC,-0.1569814308029106
2023-10-24,ETH,-0.028108374497095745
2023-10-24,US10Y,-0.14117957978065154
2023-10-24,CN10Y,-0.0347555745083265
2023-10-25,000300.SH,0.07216918548971542
2023-10-25,SPX,0.05333974931401724
2023-10-25,HSI,0.062263146666238244
2023-10-25,N225,0.052023300022680345
2023-10-25,SX5E,0.04262822858178486
2023-10-25,000688.SH,0.047585699956798774
2023-10-25,SOX,0.07053019270425716
2023-10-25,NDX,0.04488225843961137
2023-10-25,XAU,-0.02687780959673139
2023-10-25,COPPER,0.04780972586953937
2023-10-25,WTI,0.05225805241103775
2023-10-25,BTC,-0.2506037411850881
2023-10-25,ETH,-0.09647901382899943
2023-10-25,US10Y,-0.13459371872357426
2023-10-25,CN10Y,-0.036935256121287716
2023-10-26,000300.SH,0.05880596985244923
2023-10-26,SPX,0.07099725353404446
2023-10-26,HSI,0.047142153119625496
2023-10-26,N225,0.05417690033756897
2023-10-26,SX5E,0.047579843673189945
2023-10-26,000688.SH,0.03328259647752034
2023-10-26,SOX,0.10683267109008146
2023-10-26,NDX,0.07015490168876858
2023-10-26,XAU,-0.033586607031706
2023-10-26,COPPER,0.05936164591187365
2023-10-26,WTI,0.045382217679772005
2023-10-26,BTC,-0.2713240710939908
2023-10-26,ETH,-0.10463863898958344
2023-10-26,US10Y,-0.1465740921690431
2023-10-26,CN10Y,-0.03759274408057087
2023-10-27,000300.SH,0.04435173560726994
2023-10-27,SPX,0.06606672002795716
2023-10-27,HSI,0.049624858950295093
2023-10-27,N225,0.08351724508923143
2023-10-27,SX5E,0.05192108316708504
2023-10-27,000688.SH,0.0344825248737359
2023-10-27,SOX,0.07164832705107384
2023-10-27,NDX,0.06439813685998358
2023-10-27,XAU,-0.03062956060940956
2023-10-27,COPPER,0.04463311167034352
2023-10-27,WTI,0.06030927563470485
2023-10-27,BTC,-0.27416995714686065
2023-10-27,ETH,-0.11790579660984658
2023-10-27,US10Y,-0.11682480713335708
2023-10-27,CN10Y,-0.03142289743220632
2023-10-30,000300.SH,0.03976513163542511
2023-10-30,SPX,0.07429017646787106
2023-10-30,HSI,0.027520662189448705
2023-10-30,N225,0.06586484446681505
2023-10-30,SX5E,0.053890964259790564
2023-10-30,000688.SH,0.010481070863337239
2023-10-30,SOX,0.06582443964080582
2023-10-30,NDX,0.06630328751122283
2023-10-30,XAU,-0.03537522231154484
2023-10-30,COPPER,0.02702675645412606
2023-10-30,WTI,0.04755176237658735
2023-10-30,BTC,-0.2281387390705904
2023-10-30,ETH,-0.08956516139304245
2023-10-30,US10Y,-0.10590164214893326
2023-10-30,CN10Y,-0.01953833094131894
2023-10-31,000300.SH,0.03866085072226428
2023-10-31,SPX,0.059462434207254715
2023-10-31,HSI,0.03454860207608058
2023-10-31,N225,0.07460069894805466
2023-10-31,SX5E,0.06581703112856557
2023-10-31,000688.SH,-0.008817868825282689
2023-10-31,SOX,0.07640529400608427
2023-10-31,NDX,0.05078580066930912
2023-10-31,XAU,-0.027145681245019256
2023-10-31,COPPER,0.03195458322879547
2023-10-31,WTI,0.06972445286478823
2023-10-31,BTC,-0.2295824888888105
2023-10-31,ETH,-0.09779170877577355
2023-10-31,US10Y,-0.12315202033031067
2023-10-31,CN10Y,-0.015469979786000659
2023-11-01,000300.SH,0.041352690655440796
2023-11-01,SPX,0.04269832468286865
2023-11-01,HSI,0.05190266924235351
2023-11-01,N225,0.06179978810033609
2023-11-01,SX5E,0.05010509933597168
2023-11-01,000688.SH,-0.0035950157646385825
2023-11-01,SOX,0.06266252365321502
2023-11-01,NDX,0.03613965510169667
2023-11-01,XAU,-0.022478062209033735
2023-11-01,COPPER,0.03004793273387757
2023-11-01,WTI,0.09756274653054253
2023-11-01,BTC,-0.2393702342354253
2023-11-01,ETH,-0.10462320873105672
2023-11-01,US10Y,-0.09640533829610151
2023-11-01,CN10Y,-0.007799570800047439
2023-11-02,000300.SH,0.05968271346467774
2023-11-02,SPX,0.030907497027103117
2023-11-02,HSI,0.07459280025952625
2023-11-02,N225,0.03225561690843412
2023-11-02,SX5E,0.04171028210339929
2023-11-02,000688.SH,0.027641339171936723
2023-11-02,SOX,0.048630913826485864
2023-11-02,NDX,0.020561586823990844
2023-11-02,XAU,-0.01971400808209492
2023-11-02,COPPER,0.029175605273354943
2023-11-02,WTI,0.10912523535331232
2023-11-02,BTC,-0.25693021411461103
2023-11-02,ETH,-0.11666483581039103
2023-11-02,US10Y,-0.08434965261268028
2023-11-02,CN10Y,0.0033751204075552236
2023-11-06,000300.SH,0.06118462903132847
2023-11-06,SPX,0.01896618280444636
2023-11-06,HSI,0.05388227945355082
2023-11-06,N225,0.03208081829598505
2023-11-06,SX5E,0.01639647515533203
2023-11-06,000688.SH,0.032832885922062176
2023-11-06,SOX,0.03863263204682396
2023-11-06,NDX,0.012205479302650526
2023-11-06,XAU,-0.024466727947539
2023-11-06,COPPER,0.021167631041330886
2023-11-06,WTI,0.08656640721783382
2023-11-06,BTC,-0.24556839573845185
2023-11-06,ETH,-0.08683990591623804
2023-11-06,US10Y,-0.04039483638203039
2023-11-06,CN10Y,0.023354445712914236
2023-11-07,000300.SH,0.05289576130471828
2023-11-07,SPX,0.009691858309742278
2023-11-07,HSI,0.026844346334720628
2023-11-07,N225,0.012015132717439704
2023-11-07,SX5E,0.0267708862444846
2023-11-07,000688.SH,0.019045602232663987
2023-11-07,SOX,0.0345623051686121
2023-11-07,NDX,0.006192733289377224
2023-11-07,XAU,-0.021894376007065626
2023-11-07,COPPER,0.03144977992113501
2023-11-07,WTI,0.12373520082388813
2023-11-07,BTC,-0.20949387813673653
2023-11-07,ETH,-0.09318165666994241
2023-11-07,US10Y,-0.04797479245753618
2023-11-07,CN10Y,0.029341096924497004
2023-11-08,000300.SH,0.04915473453559207
2023-11-08,SPX,-0.0012559658241780534
2023-11-08,HSI,0.03672190848508386
2023-11-08,N225,0.01923552884007185
2023-11-08,SX5E,0.019858247653942146
2023-11-08,000688.SH,0.012711451472398331
2023-11-08,SOX,0.018258843249852125
2023-11-08,NDX,-0.013102194539207633
2023-11-08,XAU,-0.034130918202825204
2023-11-08,COPPER,0.025954822121466218
2023-11-08,WTI,0.19852790826493952
2023-11-08,BTC,-0.23487370428732898
2023-11-08,ETH,-0.10553456481827073
2023-11-08,US10Y,-0.012553501509343291
2023-11-08,CN10Y,0.021027404557806398
2023-11-09,000300.SH,0.041773373847733664
2023-11-09,SPX,-0.00239432155617361
2023-11-09,HSI,0.018056805664129427
2023-11-09,N225,0.0018107185450627439
2023-11-09,SX5E,0.01467235955812244
2023-11-09,000688.SH,0.005205661223917097
2023-11-09,SOX,0.022222243008055413
2023-11-09,NDX,-0.01473850111246879
2023-11-09,XAU,-0.033092483231658885
2023-11-09,COPPER,0.04867127096121799
2023-11-09,WTI,0.19315964123323853
2023-11-09,BTC,-0.2323489493423792
2023-11-09,ETH,-0.09046552878867205
2023-11-09,US10Y,0.0068051695837756995
2023-11-09,CN10Y,0.02066254040609848
2023-11-10,000300.SH,0.04430072053215951
2023-11-10,SPX,0.030341114055443315
2023-11-10,HSI,0.05631908080975157
2023-11-10,N225,-0.005611239326401315
2023-11-10,SX5E,0.02457252329951309
2023-11-10,000688.SH,0.017874557929512827
2023-11-10,SOX,0.07771208884807441
2023-11-10,NDX,0.0388717005576199
2023-11-10,XAU,-0.03646562226755601
2023-11-10,COPPER,0.044305372378229596
2023-11-10,WTI,0.13693263539845715
2023-11-10,BTC,-0.21635258279081698
2023-11-10,ETH,-0.225356336425446
2023-11-10,US10Y,-0.012371303548432765
2023-11-10,CN10Y,0.024927290549890013
2023-11-13,000300.SH,0.05648499408380627
2023-11-13,SPX,0.021111608628149675
2023-11-13,HSI,0.09022308193157517
2023-11-13,N225,0.0050747531294755895
2023-11-13,SX5E,0.03325909354998506
2023-11-13,000688.SH,0.03769225132104504
2023-11-13,SOX,0.0490372590680338
2023-11-13,NDX,0.02669663245856736
2023-11-13,XAU,-0.01758475854553404
2023-11-13,COPPER,0.051782501005948396
2023-11-13,WTI,0.083586308459771
2023-11-13,BTC,-0.24507485241733443
2023-11-13,ETH,-0.19749868885151242
2023-11-13,US10Y,-0.028322028476065426
2023-11-13,CN10Y,0.03353184465408715
2023-11-14,000300.SH,0.06636775101309107
2023-11-14,SPX,0.015037142399928153
2023-11-14,HSI,0.09424378779542526
2023-11-14,N225,0.02157623399667246
2023-11-14,SX5E,0.023223265244119346
2023-11-14,000688.SH,0.036134150879284586
2023-11-14,SOX,0.059663437319892515
2023-11-14,NDX,0.024860350762782868
2023-11-14,XAU,-0.0257856418238166
2023-11-14,COPPER,0.02223353835491255
2023-11-14,WTI,0.06940716970642496
2023-11-14,BTC,-0.22777365697216012
2023-11-14,ETH,-0.2044409474485968
2023-11-14,US10Y,-0.004885661559905439
2023-11-14,CN10Y,0.030139080331943423
2023-11-15,000300.SH,0.058186402548782164
2023-11-15,SPX,-0.006770414104106087
2023-11-15,HSI,0.07757219868785349
2023-11-15,N225,0.015089801802535021
2023-11-15,SX5E,-0.0028850169409218324
2023-11-15,000688.SH,0.021415785581964122
2023-11-15,SOX,0.002000580834764301
2023-11-15,NDX,-0.00541798709583468
2023-11-15,XAU,0.0008301594669059449
2023-11-15,COPPER,0.020265871477406158
2023-11-15,WTI,0.12617497430781638
2023-11-15,BTC,-0.19234247032717344
2023-11-15,ETH,-0.15247137388624454
2023-11-15,US10Y,0.019402245447155006
2023-11-15,CN10Y,0.018949242199096078
2023-11-16,000300.SH,0.045140566705645424
2023-11-16,SPX,0.007756159962040346
2023-11-16,HSI,0.03744226903008889
2023-11-16,N225,-0.02090274955693667
2023-11-16,SX5E,-0.0012384345072762697
2023-11-16,000688.SH,0.01059066889548426
2023-11-16,SOX,0.018249912476846687
2023-11-16,NDX,0.013518635502235499
2023-11-16,XAU,-0.0051328001638094286
2023-11-16,COPPER,0.017436620801125884
2023-11-16,WTI,0.13558883617210546
2023-11-16,BTC,-0.16814471015466576
2023-11-16,ETH,-0.13009990604853633
2023-11-16,US10Y,0.019886485009214624
2023-11-16,CN10Y,0.019908445876435085
2023-11-17,000300.SH,0.04798009922527553
2023-11-17,SPX,-0.002959868214213646
2023-11-17,HSI,0.03983704270297679
2023-11-17,N225,-0.018706462871154992
2023-11-17,SX5E,-0.0072026530864692535
2023-11-17,000688.SH,0.02356979351320113
2023-11-17,SOX,-0.012188235687133413
2023-11-17,NDX,-0.004383260178285796
2023-11-17,XAU,-0.01502246355251054
2023-11-17,COPPER,0.013197243186449773
2023-11-17,WTI,0.1674917817894038
2023-11-17,BTC,-0.16808026607221815
2023-11-17,ETH,-0.1505067131555876
2023-11-17,US10Y,0.06333422194793133
2023-11-17,CN10Y,0.02363974045233335
2023-11-20,000300.SH,0.047011558259719276
2023-11-20,SPX,-0.012813698763049794
2023-11-20,HSI,0.06826177924864114
2023-11-20,N225,-0.01798469123839514
2023-11-20,SX5E,-0.022173377388140132
2023-11-20,000688.SH,0.011374572401005638
2023-11-20,SOX,-0.025797670080859952
2023-11-20,NDX,-0.011637842037155902
2023-11-20,XAU,-0.0007800148101500162
2023-11-20,COPPER,0.007042990630894122
2023-11-20,WTI,0.1400246553146674
2023-11-20,BTC,-0.16517711886448516
2023-11-20,ETH,-0.13109981763844786
2023-11-20,US10Y,0.08060727226592518
2023-11-20,CN10Y,0.0331414026998292
2023-11-21,000300.SH,0.0316153853102804
2023-11-21,SPX,-0.02130504781068648
2023-11-21,HSI,0.03949843856868042
2023-11-21,N225,-0.021943820909157936
2023-11-21,SX5E,-0.019103798666860582
2023-11-21,000688.SH,0.020559141041058118
2023-11-21,SOX,-0.03918745355919794
2023-11-21,NDX,-0.021403880329322587
2023-11-21,XAU,0.014684986334095224
2023-11-21,COPPER,-0.0019186245006595146
2023-11-21,WTI,0.14987862750392755
2023-11-21,BTC,-0.14262926327182304
2023-11-21,ETH,-0.12483314046259943
2023-11-21,US10Y,0.09813852952094843
2023-11-21,CN10Y,0.03794992123131496
2023-11-22,000300.SH,0.022746814809264895
2023-11-22,SPX,-0.03362378016165584
2023-11-22,HSI,0.03147987634147957
2023-11-22,N225,-0.03057338653701064
2023-11-22,SX5E,-0.03406825321802208
2023-11-22,000688.SH,0.01687540345479608
2023-11-22,SOX,-0.037993429639508705
2023-11-22,NDX,-0.032828340031600005
2023-11-22,XAU,0.009524678710487181
2023-11-22,COPPER,-0.011277894041625314
2023-11-22,WTI,0.13753491581068084
2023-11-22,BTC,-0.08017166951902674
2023-11-22,ETH,-0.07564344241541077
2023-11-22,US10Y,0.08815517730703762
2023-11-22,CN10Y,0.029863329130111645
2023-11-24,000300.SH,0.01789964434333264
2023-11-24,SPX,-0.03844932795042384
2023-11-24,HSI,0.009799931296431776
2023-11-24,N225,-0.04189584874396499
2023-11-24,SX5E,-0.036432349712258824
2023-11-24,000688.SH,0.013175375849557254
2023-11-24,SOX,-0.049031881579657675
2023-11-24,NDX,-0.034886959507887554
2023-11-24,XAU,0.00407674528624114
2023-11-24,COPPER,0.006965807711777579
2023-11-24,WTI,0.09317144278845291
2023-11-24,BTC,0.00044071767732142483
2023-11-24,ETH,-0.04413781349631827
2023-11-24,US10Y,0.0743724762141103
2023-11-24,CN10Y,0.024932039823284208
2023-11-27,000300.SH,0.026191730620263434
2023-11-27,SPX,-0.05190073363428624
2023-11-27,HSI,0.027870265951901063
2023-11-27,N225,-0.03889000877613874
2023-11-27,SX5E,-0.03759956841871438
2023-11-27,000688.SH,0.0195065397993612
2023-11-27,SOX,-0.08789202765556267
2023-11-27,NDX,-0.05616865499240136
2023-11-27,XAU,0.0027387017314085514
2023-11-27,COPPER,-0.00927427101762759
2023-11-27,WTI,0.1348114786568147
2023-11-27,BTC,0.015499255437542069
2023-11-27,ETH,-0.04462864620433722
2023-11-27,US10Y,0.08742251287372733
2023-11-27,CN10Y,0.012313425628047853
2023-11-28,000300.SH,0.039054648724872146
2023-11-28,SPX,-0.05981972816557909
2023-11-28,HSI,0.030032340604825035
2023-11-28,N225,-0.05572721027290875
2023-11-28,SX5E,-0.0366655675782662
2023-11-28,000688.SH,0.018553952574633274
2023-11-28,SOX,-0.08589152244429131
2023-11-28,NDX,-0.07051820676649637
2023-11-28,XAU,0.0016748405946902757
2023-11-28,COPPER,-0.005260014835477453
2023-11-28,WTI,0.11725527257195398
2023-11-28,BTC,0.019494580205188457
2023-11-28,ETH,-0.012711483786937837
2023-11-28,US10Y,0.08422612678869784
2023-11-28,CN10Y,0.016301971785093874
2023-11-29,000300.SH,0.04799178537904924
2023-11-29,SPX,-0.06755991889240663
2023-11-29,HSI,0.057301558348359004
2023-11-29,N225,-0.04180469765074416
2023-11-29,SX5E,-0.046402191440653696
2023-11-29,000688.SH,0.0263993313970249
2023-11-29,SOX,-0.0734806344963116
2023-11-29,NDX,-0.07198779120690216
2023-11-29,XAU,-0.013571373905276834
2023-11-29,COPPER,-0.008216111727726846
2023-11-29,WTI,0.11504686396459529
2023-11-29,BTC,-0.005094904300585034
2023-11-29,ETH,-0.03394036627138871
2023-11-29,US10Y,0.09417743097579072
2023-11-29,CN10Y,0.021141019827174548
2023-11-30,000300.SH,0.05820415653711518
2023-11-30,SPX,-0.05854524040395285
2023-11-30,HSI,0.07127894348805308
2023-11-30,N225,-0.05280035736727417
2023-11-30,SX5E,-0.051969736778710626
2023-11-30,000688.SH,0.051736907519663214
2023-11-30,SOX,-0.10433345520227437
2023-11-30,NDX,-0.06559395915144599
2023-11-30,XAU,-0.02077991692595323
2023-11-30,COPPER,-0.007258429401949625
2023-11-30,WTI,0.0675155677775189
2023-11-30,BTC,-0.004662500830593515
2023-11-30,ETH,-0.02445964654483037
2023-11-30,US10Y,0.11883253652143837
2023-11-30,CN10Y,0.022835130763194253
2023-12-01,000300.SH,0.05390194689856601
2023-12-01,SPX,-0.05484523751143725
2023-12-01,HSI,0.05328950262984395
2023-12-01,N225,-0.05148794977373948
2023-12-01,SX5E,-0.045569871440728535
2023-12-01,000688.SH,0.044489845537466016
2023-12-01,SOX,-0.08484899897909098
2023-12-01,NDX,-0.056397947731881115
2023-12-01,XAU,-0.022614669799697548
2023-12-01,COPPER,-0.011404277470944326
2023-12-01,WTI,0.0802740257658633
2023-12-01,BTC,0.007486234470295037
2023-12-01,ETH,-0.028690343635292385
2023-12-01,US10Y,0.09527508200238764
2023-12-01,CN10Y,0.021142659038387867
2023-12-04,000300.SH,0.05337922671845988
2023-12-04,SPX,-0.05374616281952512
2023-12-04,HSI,0.05988062163971781
2023-12-04,N225,-0.027600482946302303
2023-12-04,SX5E,-0.05026889722192929
2023-12-04,000688.SH,0.03373891884847773
2023-12-04,SOX,-0.0730450004998912
2023-12-04,NDX,-0.047363997071245896
2023-12-04,XAU,-0.04285080909117887
2023-12-04,COPPER,-0.03157877413132799
2023-12-04,WTI,0.0890451276010494
2023-12-04,BTC,-0.0038323071337789914
2023-12-04,ETH,-0.033437822754607244
2023-12-04,US10Y,0.10984666569035789
2023-12-04,CN10Y,0.017833693171722582
2023-12-05,000300.SH,0.05550307924912956
2023-12-05,SPX,-0.02915934993361853
2023-12-05,HSI,0.07984525627367346
2023-12-05,N225,-0.0087352777729966
2023-12-05,SX5E,-0.030521508584208733
2023-12-05,000688.SH,0.029782330137188767
2023-12-05,SOX,-0.037068089152776776
2023-12-05,NDX,-0.019866041126224258
2023-12-05,XAU,-0.022403660041241842
2023-12-05,COPPER,-0.00032952021594594844
2023-12-05,WTI,0.12398208778923939
2023-12-05,BTC,-0.09637579458907561
2023-12-05,ETH,-0.12347590459245611
2023-12-05,US10Y,0.07664700997936336
2023-12-05,CN10Y,0.0021753825799482184
2023-12-06,000300.SH,0.08085727608038847
2023-12-06,SPX,-0.03146440476035998
2023-12-06,HSI,0.11681373952678842
2023-12-06,N225,0.015405121028487253
2023-12-06,SX5E,-0.054926642447416144
2023-12-06,000688.SH,0.06650793689006732
2023-12-06,SOX,-0.03833045427967767
2023-12-06,NDX,-0.027376934411690448
2023-12-06,XAU,-0.024752684860124892
2023-12-06,COPPER,-0.0028140254332550078
2023-12-06,WTI,0.11514469939016413
2023-12-06,BTC,-0.1851038799547532
2023-12-06,ETH,-0.13485342485568869
2023-12-06,US10Y,0.10504754482479961
2023-12-06,CN10Y,-0.00015386673773010347
2023-12-07,000300.SH,0.07727720867103971
2023-12-07,SPX,-0.022541078894329186
2023-12-07,HSI,0.09376693456899134
2023-12-07,N225,-0.017742337353460057
2023-12-07,SX5E,-0.060536871221299235
2023-12-07,000688.SH,0.06586777157631657
2023-12-07,SOX,-0.018860881005931193
2023-12-07,NDX,-0.009044426090252222
2023-12-07,XAU,-0.029891508390676662
2023-12-07,COPPER,0.007306565785956755
2023-12-07,WTI,0.10743953408864365
2023-12-07,BTC,-0.16911062133687915
2023-12-07,ETH,-0.12073450565639518
2023-12-07,US10Y,0.09596051316565644
2023-12-07,CN10Y,0.0008437020926174588
2023-12-08,000300.SH,0.08443467237145685
2023-12-08,SPX,-0.02274189166650193
2023-12-08,HSI,0.10729967210741775
2023-12-08,N225,0.004096751360115267
2023-12-08,SX5E,-0.046578556159461666
2023-12-08,000688.SH,0.0849860048454833
2023-12-08,SOX,-0.032629001074146416
2023-12-08,NDX,-0.013023239113194057
2023-12-08,XAU,-0.04065449195206512
2023-12-08,COPPER,-0.01518468114886106
2023-12-08,WTI,0.0869816541558058
2023-12-08,BTC,-0.1251302132075091
2023-12-08,ETH,-0.14269461687483959
2023-12-08,US10Y,0.07199542192912067
2023-12-08,CN10Y,-0.00115748557282208
2023-12-11,000300.SH,0.077155882439895
2023-12-11,SPX,-0.04044542465982538
2023-12-11,HSI,0.0976247391567134
2023-12-11,N225,0.030142655682548126
2023-12-11,SX5E,-0.05205293773242289
2023-12-11,000688.SH,0.049053016600271004
2023-12-11,SOX,-0.05671487553636838
2023-12-11,NDX,-0.03342937513066761
2023-12-11,XAU,-0.02981512244420907
2023-12-11,COPPER,-0.033243582520616856
2023-12-11,WTI,0.06268365082036591
2023-12-11,BTC,-0.12433893967446985
2023-12-11,ETH,-0.030660220713390952
2023-12-11,US10Y,0.0860253764718684
2023-12-11,CN10Y,-0.001984842759691999
2023-12-12,000300.SH,0.05926393943367095
2023-12-12,SPX,-0.033290958205356255
2023-12-12,HSI,0.07949799787982373
2023-12-12,N225,0.007177666601207236
2023-12-12,SX5E,-0.0674606927639332
2023-12-12,000688.SH,0.027849198697965354
2023-12-12,SOX,-0.0593162543932296
2023-12-12,NDX,-0.025896308450422113
2023-12-12,XAU,-0.028229365242674435
2023-12-12,COPPER,-0.03723519281041841
2023-12-12,WTI,0.08056035437637096
2023-12-12,BTC,-0.06383673292945047
2023-12-12,ETH,-0.022551481222267154
2023-12-12,US10Y,0.08106820622444305
2023-12-12,CN10Y,0.0023996228042695543
2023-12-13,000300.SH,0.05300373960607175
2023-12-13,SPX,-0.040889341897965274
2023-12-13,HSI,0.07792811773697683
2023-12-13,N225,0.0035476915235486844
2023-12-13,SX5E,-0.060450366384095566
2023-12-13,000688.SH,0.04288473018788832
2023-12-13,SOX,-0.08050628933681625
2023-12-13,NDX,-0.04013369558626015
2023-12-13,XAU,-0.022812557363452734
2023-12-13,COPPER,-0.022274897247633568
2023-12-13,WTI,0.13090817519278264
2023-12-13,BTC,-0.10147656138384792
2023-12-13,ETH,-0.03626239363571353
2023-12-13,US10Y,0.09181499782045897
2023-12-13,CN10Y,0.00471865076805717
2023-12-14,000300.SH,0.07266666531541591
2023-12-14,SPX,-0.03327412299619922
2023-12-14,HSI,0.08983708578915461
2023-12-14,N225,0.007370875066856145
2023-12-14,SX5E,-0.04328989580728674
2023-12-14,000688.SH,0.06369326799164639
2023-12-14,SOX,-0.05542151564503865
2023-12-14,NDX,-0.028560582524283264
2023-12-14,XAU,-0.03936401410129803
2023-12-14,COPPER,-0.02756390848623628
2023-12-14,WTI,0.11402387743767504
2023-12-14,BTC,-0.14659269028510497
2023-12-14,ETH,-0.08055581048937073
2023-12-14,US10Y,0.0917151777993433
2023-12-14,CN10Y,0.015315590934725641
2023-12-15,000300.SH,0.07790800799680551
2023-12-15,SPX,-0.041273987849372806
2023-12-15,HSI,0.10609652819340638
2023-12-15,N225,0.029964320564774258
2023-12-15,SX5E,-0.04652179452437085
2023-12-15,000688.SH,0.0584732381611449
2023-12-15,SOX,-0.08871480714360971
2023-12-15,NDX,-0.03676356497342354
2023-12-15,XAU,-0.04696771166366448
2023-12-15,COPPER,-0.033924873644683405
2023-12-15,WTI,0.0691828640115975
2023-12-15,BTC,-0.11030443621467628
2023-12-15,ETH,-0.09049079640273738
2023-12-15,US10Y,0.1436684947977124
2023-12-15,CN10Y,0.00966851869109707
2023-12-18,000300.SH,0.0787964600828724
2023-12-18,SPX,-0.03330829648971921
2023-12-18,HSI,0.08198943253383603
2023-12-18,N225,0.02828841719585084
2023-12-18,SX5E,-0.044912673876969796
2023-12-18,000688.SH,0.06143758184717234
2023-12-18,SOX,-0.07689830041431235
2023-12-18,NDX,-0.031224424248076442
2023-12-18,XAU,-0.027201457895714647
2023-12-18,COPPER,-0.033119255030371914
2023-12-18,WTI,0.020379134911527288
2023-12-18,BTC,-0.10092844357221768
2023-12-18,ETH,-0.0661126820475324
2023-12-18,US10Y,0.12811915386176057
2023-12-18,CN10Y,0.014695353141894142
2023-12-19,000300.SH,0.07839383574503306
2023-12-19,SPX,-0.0391619858246743
2023-12-19,HSI,0.06544190532548536
2023-12-19,N225,0.035754993997950776
2023-12-19,SX5E,-0.03245347352828214
2023-12-19,000688.SH,0.07052298012142817
2023-12-19,SOX,-0.0723500590241292
2023-12-19,NDX,-0.0410445477689309
2023-12-19,XAU,-0.031312978679437456
2023-12-19,COPPER,-0.017539073442545797
2023-12-19,WTI,0.048428351584229784
2023-12-19,BTC,-0.11749440114141574
2023-12-19,ETH,-0.07922292725184081
2023-12-19,US10Y,0.11554158805715273
2023-12-19,CN10Y,0.01649579182997579
2023-12-20,000300.SH,0.07419718015555934
2023-12-20,SPX,-0.042025568134229155
2023-12-20,HSI,0.08271521707280348
2023-12-20,N225,0.009374782779354478
2023-12-20,SX5E,-0.03966690129226994
2023-12-20,000688.SH,0.058807401021836195
2023-12-20,SOX,-0.07146274991196266
2023-12-20,NDX,-0.040421637926469106
2023-12-20,XAU,-0.03933727259944661
2023-12-20,COPPER,-0.018091381886337965
2023-12-20,WTI,0.04784338337761491
2023-12-20,BTC,-0.10486896029776702
2023-12-20,ETH,-0.04916068989428604
2023-12-20,US10Y,0.11737850549717567
2023-12-20,CN10Y,0.014718692038423947
2023-12-21,000300.SH,0.08992449865015724
2023-12-21,SPX,-0.02658995715460452
2023-12-21,HSI,0.07973110921108909
2023-12-21,N225,-0.0007422080299183884
2023-12-21,SX5E,-0.03854020226684445
2023-12-21,000688.SH,0.06722083560818623
2023-12-21,SOX,-0.05582175863235554
2023-12-21,NDX,-0.026665618948012657
2023-12-21,XAU,-0.024569302983339744
2023-12-21,COPPER,-0.009690789723196674
2023-12-21,WTI,0.05727710932077023
2023-12-21,BTC,-0.1698886800694351
2023-12-21,ETH,-0.0914248264427596
2023-12-21,US10Y,0.13140254313593946
2023-12-21,CN10Y,0.018377248324323837
2023-12-22,000300.SH,0.06921865933122788
2023-12-22,SPX,-0.03243403334300726
2023-12-22,HSI,0.07865949724846764
2023-12-22,N225,0.016512475667613834
2023-12-22,SX5E,-0.03263620765722666
2023-12-22,000688.SH,0.0354447993796277
2023-12-22,SOX,-0.08024302549581296
2023-12-22,NDX,-0.03465037671329322
2023-12-22,XAU,-0.036000840054977716
2023-12-22,COPPER,-0.02909931171152513
2023-12-22,WTI,0.043865236311710555
2023-12-22,BTC,-0.1268748892615324
2023-12-22,ETH,-0.035571986147304335
2023-12-22,US10Y,0.1287974612424413
2023-12-22,CN10Y,0.035012541203590056
2023-12-27,000300.SH,0.06544900613249303
2023-12-27,SPX,-0.03355124514203639
2023-12-27,HSI,0.08544534113916125
2023-12-27,N225,0.02040678311456099
2023-12-27,SX5E,-0.027504792558638875
2023-12-27,000688.SH,0.033641612902496065
2023-12-27,SOX,-0.08312801377041613
2023-12-27,NDX,-0.03721152546471976
2023-12-27,XAU,-0.03335471026006125
2023-12-27,COPPER,-0.01592871192243878
2023-12-27,WTI,0.02914437139933068
2023-12-27,BTC,-0.12142652723472473
2023-12-27,ETH,-0.06433877607687294
2023-12-27,US10Y,0.1379841473002086
2023-12-27,CN10Y,0.04437304044165757
2023-12-28,000300.SH,0.06294193885973899
2023-12-28,SPX,-0.03605680211658925
2023-12-28,HSI,0.07519241139371165
2023-12-28,N225,0.005584241955369792
2023-12-28,SX5E,-0.028914159903162064
2023-12-28,000688.SH,0.05862773568146367
2023-12-28,SOX,-0.09501668400702323
2023-12-28,NDX,-0.03908369962389131
2023-12-28,XAU,-0.04092422731034324
2023-12-28,COPPER,-0.020491660038216224
2023-12-28,WTI,0.02651065508248471
2023-12-28,BTC,-0.09590455450084787
2023-12-28,ETH,-0.08116774528034246
2023-12-28,US10Y,0.15017517133946665
2023-12-28,CN10Y,0.05852737846817916
2023-12-29,000300.SH,0.03945122787344967
2023-12-29,SPX,-0.037441455273859614
2023-12-29,HSI,0.036502455244679974
2023-12-29,N225,0.005722652857854348
2023-12-29,SX5E,-0.02929439618726594
2023-12-29,000688.SH,0.0362836452077245
2023-12-29,SOX,-0.10325147926002236
2023-12-29,NDX,-0.03848133742918348
2023-12-29,XAU,-0.010415795185831973
2023-12-29,COPPER,-0.00041683558370942016
2023-12-29,WTI,0.07015357142590065
2023-12-29,BTC,-0.07133490422662049
2023-12-29,ETH,-0.06866297819450753
2023-12-29,US10Y,0.12515055242261516
2023-12-29,CN10Y,0.04603507630877556
2024-01-04,000300.SH,0.02619645267341559
2024-01-04,SPX,-0.035831757291823176
2024-01-04,HSI,0.015641600128667804
2024-01-04,N225,0.006227058051413001
2024-01-04,SX5E,-0.025658201517412216
2024-01-04,000688.SH,0.02360666638645242
2024-01-04,SOX,-0.08625255067434154
2024-01-04,NDX,-0.035690609072054895
2024-01-04,XAU,-0.006874344399178832
2024-01-04,COPPER,0.0011971187091194156
2024-01-04,WTI,0.09392443224708615
2024-01-04,BTC,-0.06035689122081338
2024-01-04,ETH,-0.06297804930345953
2024-01-04,US10Y,0.0980530895873737
2024-01-04,CN10Y,0.04879598569555461
2024-01-05,000300.SH,0.045989841212773205
2024-01-05,SPX,-0.021955739907855
2024-01-05,HSI,0.029600832870429854
2024-01-05,N225,0.01102854584119402
2024-01-05,SX5E,-0.017301357422215717
2024-01-05,000688.SH,0.05277547432665812
2024-01-05,SOX,-0.046285028628862745
2024-01-05,NDX,-0.015768785569290344
2024-01-05,XAU,-0.00026046554651737094
2024-01-05,COPPER,0.0053120950098699445
2024-01-05,WTI,0.04624527413841355
2024-01-05,BTC,-0.14358028890227803
2024-01-05,ETH,-0.084542041415394
2024-01-05,US10Y,0.08922997876957847
2024-01-05,CN10Y,0.0495116652234957
2024-01-09,000300.SH,0.046126729764294175
2024-01-09,SPX,-0.01928147192969208
2024-01-09,HSI,0.021114115108992866
2024-01-09,N225,0.004883441896359478
2024-01-09,SX5E,-0.007910958071560704
2024-01-09,000688.SH,0.07271450757752188
2024-01-09,SOX,-0.05175097919057589
2024-01-09,NDX,-0.01609271348846299
2024-01-09,XAU,0.016514816057802133
2024-01-09,COPPER,0.03281823209938525
2024-01-09,WTI,0.00764489973912591
2024-01-09,BTC,-0.12474184328900549
2024-01-09,ETH,-0.0763542035201774
2024-01-09,US10Y,0.03939908132921148
2024-01-09,CN10Y,0.05491634591678108
2024-01-10,000300.SH,0.049318208150891246
2024-01-10,SPX,-0.0383044273660909
2024-01-10,HSI,0.028538366544964607
2024-01-10,N225,-0.014986548387512337
2024-01-10,SX5E,-0.010740065142662587
2024-01-10,000688.SH,0.09516197913490221
2024-01-10,SOX,-0.09871299420554042
2024-01-10,NDX,-0.05026029309721382
2024-01-10,XAU,0.00409526215819527
2024-01-10,COPPER,0.018687690852290006
2024-01-10,WTI,0.01571255032145347
2024-01-10,BTC,-0.09033872300738754
2024-01-10,ETH,-0.04028656461691971
2024-01-10,US10Y,0.06107795033004189
2024-01-10,CN10Y,0.07103760833058842
2024-01-11,000300.SH,0.0418511670248022
2024-01-11,SPX,-0.037480134189178206
2024-01-11,HSI,0.027467458633520944
2024-01-11,N225,-0.04136670790161372
2024-01-11,SX5E,0.0024606229385523504
2024-01-11,000688.SH,0.0921059285458411
2024-01-11,SOX,-0.08473440969717078
2024-01-11,NDX,-0.044505939960045066
2024-01-11,XAU,0.00025765605641325383
2024-01-11,COPPER,0.012875987306379332
2024-01-11,WTI,0.017010217145783407
2024-01-11,BTC,-0.01937131495768852
2024-01-11,ETH,-0.06859090158196758
2024-01-11,US10Y,0.03741913264850481
2024-01-11,CN10Y,0.06460123798786571
2024-01-12,000300.SH,0.043502321399981114
2024-01-12,SPX,-0.035282633084141764
2024-01-12,HSI,0.03332227597108762
2024-01-12,N225,-0.03212001586847485
2024-01-12,SX5E,0.0192655569492615
2024-01-12,000688.SH,0.08629020547575335
2024-01-12,SOX,-0.08494089937944885
2024-01-12,NDX,-0.044022889974159304
2024-01-12,XAU,-8.407841530732457e-06
2024-01-12,COPPER,0.006307440231190991
2024-01-12,WTI,-0.039050730816267504
2024-01-12,BTC,0.006880977022959632
2024-01-12,ETH,-0.06930149713208188
2024-01-12,US10Y,0.041297016391348695
2024-01-12,CN10Y,0.06786128065452075
2024-01-16,000300.SH,0.03632481750621978
2024-01-16,SPX,-0.03608388140189437
2024-01-16,HSI,0.015019668674466278
2024-01-16,N225,-0.07310947618768368
2024-01-16,SX5E,0.003366735004859572
2024-01-16,000688.SH,0.08911768550031406
2024-01-16,SOX,-0.0709170381522512
2024-01-16,NDX,-0.04144997361365072
2024-01-16,XAU,-0.006831099682709846
2024-01-16,COPPER,0.026092481385640576
2024-01-16,WTI,-0.03894761826234084
2024-01-16,BTC,0.03170008437766365
2024-01-16,ETH,-0.036765144720650136
2024-01-16,US10Y,0.04599173148568482
2024-01-16,CN10Y,0.05649102808633148
2024-01-17,000300.SH,0.03058686022355527
2024-01-17,SPX,-0.03082724317816042
2024-01-17,HSI,0.03211936266055673
2024-01-17,N225,-0.09436847432472924
2024-01-17,SX5E,0.019607878982606897
2024-01-17,000688.SH,0.11074544916874891
2024-01-17,SOX,-0.08188786315508836
2024-01-17,NDX,-0.04097663584932486
2024-01-17,XAU,-0.007321967168919266
2024-01-17,COPPER,0.023031957742109886
2024-01-17,WTI,-0.007428709024913336
2024-01-17,BTC,0.0311743833588538
2024-01-17,ETH,-0.07561156890934101
2024-01-17,US10Y,0.038116402670093794
2024-01-17,CN10Y,0.05304016680395075
2024-01-18,000300.SH,0.055009973780559475
2024-01-18,SPX,-0.024609471425905194
2024-01-18,HSI,0.055445560881227304
2024-01-18,N225,-0.07684678546256364
2024-01-18,SX5E,0.03168019268547609
2024-01-18,000688.SH,0.14367417560375967
2024-01-18,SOX,-0.0476929507372557
2024-01-18,NDX,-0.031925587792090794
2024-01-18,XAU,-0.007957770485788739
2024-01-18,COPPER,0.011363381748760771
2024-01-18,WTI,-0.01613088207182148
2024-01-18,BTC,-0.039598236612981313
2024-01-18,ETH,-0.13494677929843257
2024-01-18,US10Y,0.03049568176757002
2024-01-18,CN10Y,0.05203949741948585
2024-01-19,000300.SH,0.04764465087849946
2024-01-19,SPX,-0.024462938758798118
2024-01-19,HSI,0.06690056376565912
2024-01-19,N225,-0.071141282036378
2024-01-19,SX5E,0.022516397170165306
2024-01-19,000688.SH,0.12460703553479663
2024-01-19,SOX,-0.06434453612748298
2024-01-19,NDX,-0.032146372533082265
2024-01-19,XAU,-0.01820332625990105
2024-01-19,COPPER,0.016876368829702924
2024-01-19,WTI,-0.06635900522375861
2024-01-19,BTC,0.020913069875043364
2024-01-19,ETH,-0.08949951014020952
2024-01-19,US10Y,0.016780493916008526
2024-01-19,CN10Y,0.049918391109734624
2024-01-22,000300.SH,0.033724527956257154
2024-01-22,SPX,-0.021837192309232548
2024-01-22,HSI,0.0648262053569795
2024-01-22,N225,-0.08308033501999086
2024-01-22,SX5E,0.02216840726341296
2024-01-22,000688.SH,0.12051325420175128
2024-01-22,SOX,-0.08511489522807843
2024-01-22,NDX,-0.03686638327055068
2024-01-22,XAU,0.003637582987526832
2024-01-22,COPPER,0.020940376523326632
2024-01-22,WTI,-0.04587609884271769
2024-01-22,BTC,0.04858074394810377
2024-01-22,ETH,-0.06429350270368252
2024-01-22,US10Y,-0.02430407312196794
2024-01-22,CN10Y,0.04698138225886193
2024-01-23,000300.SH,0.03406378333253801
2024-01-23,SPX,-0.030356574236596906
2024-01-23,HSI,0.08017869479421864
2024-01-23,N225,-0.11429905051362613
2024-01-23,SX5E,0.011684352690748401
2024-01-23,000688.SH,0.13134676707390494
2024-01-23,SOX,-0.08140400674816226
2024-01-23,NDX,-0.05232564716516157
2024-01-23,XAU,0.012250136729469074
2024-01-23,COPPER,0.026732431086136054
2024-01-23,WTI,-0.04197684329478219
2024-01-23,BTC,0.05686977485287832
2024-01-23,ETH,-0.038350059580259874
2024-01-23,US10Y,-0.04975976262400259
2024-01-23,CN10Y,0.05534600360269811
2024-01-24,000300.SH,0.030941264553446736
2024-01-24,SPX,-0.02959375585969232
2024-01-24,HSI,0.08525065127613118
2024-01-24,N225,-0.10135232994377465
2024-01-24,SX5E,0.01955486369258745
2024-01-24,000688.SH,0.11675744904821131
2024-01-24,SOX,-0.07482264460819779
2024-01-24,NDX,-0.04605516389179608
2024-01-24,XAU,-0.0003129000896758042
2024-01-24,COPPER,0.018839921267035268
2024-01-24,WTI,-0.031155413048667115
2024-01-24,BTC,0.0429967816565273
2024-01-24,ETH,-0.019364186168078987
2024-01-24,US10Y,-0.05724423551079936
2024-01-24,CN10Y,0.04555969762674256
2024-01-25,000300.SH,0.018751104152550838
2024-01-25,SPX,-0.021901937744593522
2024-01-25,HSI,0.04968189910172831
2024-01-25,N225,-0.09709413335530984
2024-01-25,SX5E,-0.00623496383643112
2024-01-25,000688.SH,0.11505152723027018
2024-01-25,SOX,-0.08334138873087732
2024-01-25,NDX,-0.03896112609689949
2024-01-25,XAU,0.011599413642857532
2024-01-25,COPPER,0.0008066126366838462
2024-01-25,WTI,-0.029614008186788957
2024-01-25,BTC,0.07585625561851755
2024-01-25,ETH,0.01633008081392607
2024-01-25,US10Y,-0.053661054450563475
2024-01-25,CN10Y,0.04273171920492883
2024-01-26,000300.SH,0.0020548848838827065
2024-01-26,SPX,-0.020559474215895893
2024-01-26,HSI,0.025567049280871855
2024-01-26,N225,-0.0835437784879226
2024-01-26,SX5E,-0.0069093859963902824
2024-01-26,000688.SH,0.10354867588956149
2024-01-26,SOX,-0.07253598553662477
2024-01-26,NDX,-0.03356254156697265
2024-01-26,XAU,0.015333593125928755
2024-01-26,COPPER,0.01976195631378542
2024-01-26,WTI,-0.03559997491401821
2024-01-26,BTC,0.0736863104414445
2024-01-26,ETH,0.013131952246657884
2024-01-26,US10Y,-0.04834168258585607
2024-01-26,CN10Y,0.04796840112154722
2024-01-29,000300.SH,-0.004524370230423009
2024-01-29,SPX,-0.03251902477132775
2024-01-29,HSI,0.05156203072130512
2024-01-29,N225,-0.05445095022393519
2024-01-29,SX5E,-0.017293793988846742
2024-01-29,000688.SH,0.11905500453437617
2024-01-29,SOX,-0.06829230155837705
2024-01-29,NDX,-0.04072055431786961
2024-01-29,XAU,0.011608955425899377
2024-01-29,COPPER,0.020506443764727305
2024-01-29,WTI,-0.05281839327159645
2024-01-29,BTC,0.07018917007046319
2024-01-29,ETH,0.015867788582586185
2024-01-29,US10Y,-0.06716982104996791
2024-01-29,CN10Y,0.04899981631298558
2024-01-30,000300.SH,0.01407672499021097
2024-01-30,SPX,-0.031991250605118544
2024-01-30,HSI,0.04298179618430385
2024-01-30,N225,-0.07993386825672669
2024-01-30,SX5E,-0.022106466589482336
2024-01-30,000688.SH,0.1616621912154161
2024-01-30,SOX,-0.053837461432647046
2024-01-30,NDX,-0.040999290805784516
2024-01-30,XAU,0.0030382926675280864
2024-01-30,COPPER,0.021227296781795472
2024-01-30,WTI,-0.037211090665154496
2024-01-30,BTC,0.02801452571841223
2024-01-30,ETH,-0.0005144306713783138
2024-01-30,US10Y,-0.043460962311640226
2024-01-30,CN10Y,0.039053993780264765
2024-01-31,000300.SH,0.02794447711638931
2024-01-31,SPX,-0.03357044335654836
2024-01-31,HSI,0.038769085555494645
2024-01-31,N225,-0.08331024612404454
2024-01-31,SX5E,-0.029809121299349654
2024-01-31,000688.SH,0.18618495931492868
2024-01-31,SOX,-0.044667457983947376
2024-01-31,NDX,-0.0387361510338706
2024-01-31,XAU,0.0038300388042103593
2024-01-31,COPPER,0.0003690817831275891
2024-01-31,WTI,-0.05808709846654557
2024-01-31,BTC,0.021547016862888974
2024-01-31,ETH,-0.0031582841427408165
2024-01-31,US10Y,-0.03981244303543083
2024-01-31,CN10Y,0.052506586005437866
2024-02-01,000300.SH,0.024966066848105678
2024-02-01,SPX,-0.020187957821994174
2024-02-01,HSI,0.048953494169776235
2024-02-01,N225,-0.07921344681793174
2024-02-01,SX5E,-0.029265280724487447
2024-02-01,000688.SH,0.17280750526320401
2024-02-01,SOX,-0.03123955442369546
2024-02-01,NDX,-0.02357034902596203
2024-02-01,XAU,0.013704657023339265
2024-02-01,COPPER,0.004317805484285007
2024-02-01,WTI,-0.03800496358574418
2024-02-01,BTC,-0.01738116087057411
2024-02-01,ETH,-0.015126431862543881
2024-02-01,US10Y,-0.058411700284001486
2024-02-01,CN10Y,0.047651316628224645
2024-02-02,000300.SH,0.04718435892049858
2024-02-02,SPX,-0.0327650567830649
2024-02-02,HSI,0.06800154104688703
2024-02-02,N225,-0.07616176677964817
2024-02-02,SX5E,-0.030518834016990244
2024-02-02,000688.SH,0.189179049494415
2024-02-02,SOX,-0.03817586302429212
2024-02-02,NDX,-0.03678052819455091
2024-02-02,XAU,0.0002304649938415877
2024-02-02,COPPER,0.00435441344684924
2024-02-02,WTI,-0.03713260904076372
2024-02-02,BTC,-0.05118692445584084
2024-02-02,ETH,-0.041905405874985056
2024-02-02,US10Y,-0.015485403381843812
2024-02-02,CN10Y,0.05116256364948873
2024-02-05,000300.SH,0.06653154414138307
2024-02-05,SPX,-0.043598095593787516
2024-02-05,HSI,0.07545351723509966
2024-02-05,N225,-0.08040586751449844
2024-02-05,SX5E,-0.030508889025486714
2024-02-05,000688.SH,0.21823873273199487
2024-02-05,SOX,-0.05375387143757401
2024-02-05,NDX,-0.054705259114771296
2024-02-05,XAU,0.005308517472840672
2024-02-05,COPPER,0.011481118767723727
2024-02-05,WTI,-0.023705345329928924
2024-02-05,BTC,-0.05240885702738712
2024-02-05,ETH,-0.04397775717072498
2024-02-05,US10Y,-0.044585702021737936
2024-02-05,CN10Y,0.0506362138868551
2024-02-06,000300.SH,0.0430441845601182
2024-02-06,SPX,-0.0502569551030841
2024-02-06,HSI,0.06687508580134208
2024-02-06,N225,-0.08590157030243112
2024-02-06,SX5E,-0.03635192879707962
2024-02-06,000688.SH,0.18916616132972147
2024-02-06,SOX,-0.11239552053984866
2024-02-06,NDX,-0.07508290999682832
2024-02-06,XAU,0.001991543143630101
2024-02-06,COPPER,0.025315954900746902
2024-02-06,WTI,-0.00837211160496081
2024-02-06,BTC,0.0392575562431012
2024-02-06,ETH,-0.005423776027550294
2024-02-06,US10Y,-0.046525394330285186
2024-02-06,CN10Y,0.054659680723407794
2024-02-07,000300.SH,0.01528596223108282
2024-02-07,SPX,-0.044340024698143396
2024-02-07,HSI,0.04008477117216259
2024-02-07,N225,-0.07544652140053403
2024-02-07,SX5E,-0.04302955165335477
2024-02-07,000688.SH,0.12324278186131457
2024-02-07,SOX,-0.07948282690694768
2024-02-07,NDX,-0.06260336480692703
2024-02-07,XAU,-0.0010579863882883202
2024-02-07,COPPER,0.021060466703479008
2024-02-07,WTI,0.012420792654733257
2024-02-07,BTC,0.055875124422363226
2024-02-07,ETH,0.014814852563963733
2024-02-07,US10Y,-0.00600903594381192
2024-02-07,CN10Y,0.02918456018890706
2024-02-08,000300.SH,-0.00016337529435943732
2024-02-08,SPX,-0.038196434825331055
2024-02-08,HSI,0.030488371372430885
2024-02-08,N225,-0.0627764190640701
2024-02-08,SX5E,-0.03913144014569466
2024-02-08,000688.SH,0.06980882180610837
2024-02-08,SOX,-0.057993082387373635
2024-02-08,NDX,-0.047775748630256715
2024-02-08,XAU,-0.007429664837734431
2024-02-08,COPPER,0.02617481018168697
2024-02-08,WTI,-0.01616257025136724
2024-02-08,BTC,0.07861451489945918
2024-02-08,ETH,0.04199100887443102
2024-02-08,US10Y,-0.011006236269295592
2024-02-08,CN10Y,0.03355744457136542
2024-02-20,000300.SH,-0.008611750122577996
2024-02-20,SPX,-0.03451617288771579
2024-02-20,HSI,0.03972849763927136
2024-02-20,N225,-0.06684134868034995
2024-02-20,SX5E,-0.046592888933975146
2024-02-20,000688.SH,0.05735083953957776
2024-02-20,SOX,-0.08004663998697006
2024-02-20,NDX,-0.04489160360590949
2024-02-20,XAU,-0.007467011660160201
2024-02-20,COPPER,0.03821984923771374
2024-02-20,WTI,-0.05779242988126867
2024-02-20,BTC,0.06386883253368404
2024-02-20,ETH,0.13703317531802697
2024-02-20,US10Y,-0.019991296792022065
2024-02-20,CN10Y,0.030549948282674603
2024-02-21,000300.SH,0.007654095592639094
2024-02-21,SPX,-0.02505334717813426
2024-02-21,HSI,0.06397478605510248
2024-02-21,N225,-0.07712875750028389
2024-02-21,SX5E,-0.05536044521981061
2024-02-21,000688.SH,0.10280060879297634
2024-02-21,SOX,-0.05255300033046237
2024-02-21,NDX,-0.024438673133193537
2024-02-21,XAU,0.001844539989992823
2024-02-21,COPPER,0.0267970851530954
2024-02-21,WTI,-0.026838507317289487
2024-02-21,BTC,-0.0024643317153607708
2024-02-21,ETH,0.05811350749579339
2024-02-21,US10Y,-0.04244953181052716
2024-02-21,CN10Y,0.04510197112546112
2024-02-22,000300.SH,-0.0036404486183229147
2024-02-22,SPX,-0.020704018738155715
2024-02-22,HSI,0.05437690436210247
2024-02-22,N225,-0.054795104959916775
2024-02-22,SX5E,-0.04702747845641182
2024-02-22,000688.SH,0.09498979553198243
2024-02-22,SOX,-0.04239195240531632
2024-02-22,NDX,-0.012956502256179177
2024-02-22,XAU,0.010133570563929578
2024-02-22,COPPER,0.01648202025724288
2024-02-22,WTI,-0.03433398897840276
2024-02-22,BTC,-0.042434596718651366
2024-02-22,ETH,0.08336641017293389
2024-02-22,US10Y,-0.05484993907064737
2024-02-22,CN10Y,0.05378532931381109
2024-02-26,000300.SH,0.0003891685911417554
2024-02-26,SPX,-0.04330083636581492
2024-02-26,HSI,0.027299287783477705
2024-02-26,N225,-0.07165224950456155
2024-02-26,SX5E,-0.06883876716575422
2024-02-26,000688.SH,0.09499636808384522
2024-02-26,SOX,-0.07258491723724644
2024-02-26,NDX,-0.040967028983907056
2024-02-26,XAU,0.0009813189044626373
2024-02-26,COPPER,0.029568953958918565
2024-02-26,WTI,-0.0442033788874016
2024-02-26,BTC,0.002351741961785482
2024-02-26,ETH,0.1487332717988017
2024-02-26,US10Y,-0.024334316595492518
2024-02-26,CN10Y,0.06156138365774318
2024-02-27,000300.SH,-0.0014780025218298146
2024-02-27,SPX,-0.03776077621961837
2024-02-27,HSI,0.014249374804526397
2024-02-27,N225,-0.07178728071900035
2024-02-27,SX5E,-0.07519831448571891
2024-02-27,000688.SH,0.0745350903186055
2024-02-27,SOX,-0.06224040219275949
2024-02-27,NDX,-0.03178213062980732
2024-02-27,XAU,-0.014613858637158325
2024-02-27,COPPER,0.0527185819624701
2024-02-27,WTI,-0.018396655655794243
2024-02-27,BTC,-0.023545931214072068
2024-02-27,ETH,0.1277739829732688
2024-02-27,US10Y,0.0009745381216104583
2024-02-27,CN10Y,0.06655178409527494
2024-02-28,000300.SH,0.00527850698593303
2024-02-28,SPX,-0.030942368333544478
2024-02-28,HSI,0.018080274951423357
2024-02-28,N225,-0.07048177515437856
2024-02-28,SX5E,-0.06750086322832535
2024-02-28,000688.SH,0.06023230994622795
2024-02-28,SOX,-0.02655425858578928
2024-02-28,NDX,-0.020530570463460365
2024-02-28,XAU,-0.005614219591650099
2024-02-28,COPPER,0.05634859224929534
2024-02-28,WTI,-0.00992280518497262
2024-02-28,BTC,-0.08880008431541234
2024-02-28,ETH,0.10635698751294122
2024-02-28,US10Y,0.007349000234062687
2024-02-28,CN10Y,0.0667012729776468
2024-02-29,000300.SH,0.013943740805829132
2024-02-29,SPX,-0.020415399817080022
2024-02-29,HSI,0.02298165410663155
2024-02-29,N225,-0.057999285578488255
2024-02-29,SX5E,-0.06979295225762676
2024-02-29,000688.SH,0.08544718996595405
2024-02-29,SOX,0.01701225680614389
2024-02-29,NDX,-0.0008164836169196436
2024-02-29,XAU,-0.00433570227379719
2024-02-29,COPPER,0.06377148013195585
2024-02-29,WTI,-0.013670348589521928
2024-02-29,BTC,-0.18750131140280607
2024-02-29,ETH,0.051776860227876476
2024-02-29,US10Y,0.017803191610726417
2024-02-29,CN10Y,0.0817951098811201
2024-03-01,000300.SH,-0.00900611497640735
2024-03-01,SPX,-0.015395243052385127
2024-03-01,HSI,0.020011608666005674
2024-03-01,N225,-0.03422856405925865
2024-03-01,SX5E,-0.05676469101841875
2024-03-01,000688.SH,0.02516311206179734
2024-03-01,SOX,0.012087803649367686
2024-03-01,NDX,0.0022124831685341566
2024-03-01,XAU,-0.01266682800248744
2024-03-01,COPPER,0.06614641751719239
2024-03-01,WTI,0.008450077553995211
2024-03-01,BTC,-0.17118758557089242
2024-03-01,ETH,0.06693013491154841
2024-03-01,US10Y,0.018844929177421543
2024-03-01,CN10Y,0.0794024599739843
2024-03-04,000300.SH,-0.003021614029845468
2024-03-04,SPX,-0.0179734367521402
2024-03-04,HSI,0.050950271165447175
2024-03-04,N225,-0.0503437718129417
2024-03-04,SX5E,-0.060971042635418304
2024-03-04,000688.SH,0.03902240672557576
2024-03-04,SOX,-0.016154024618977355
2024-03-04,NDX,-0.005302139585411177
2024-03-04,XAU,-0.026778776244301687
2024-03-04,COPPER,0.08725105359996282
2024-03-04,WTI,-0.006249389076575589
2024-03-04,BTC,-0.15798745508735362
2024-03-04,ETH,0.05093514748139655
2024-03-04,US10Y,0.04370388948224878
2024-03-04,CN10Y,0.07291888138833073
2024-03-05,000300.SH,0.013584413390865677
2024-03-05,SPX,-0.016257336524173563
2024-03-05,HSI,0.08802018113268356
2024-03-05,N225,-0.061672133029970086
2024-03-05,SX5E,-0.042161954887341174
2024-03-05,000688.SH,0.04321087919514588
2024-03-05,SOX,-0.010418812435212406
2024-03-05,NDX,0.002683569711007445
2024-03-05,XAU,-0.04843777178202975
2024-03-05,COPPER,0.10768277167211812
2024-03-05,WTI,0.021172816340379152
2024-03-05,BTC,-0.2354671414941952
2024-03-05,ETH,0.008958265841214605
2024-03-05,US10Y,0.0473206267665812
2024-03-05,CN10Y,0.08178162610292328
2024-03-06,000300.SH,0.013786515523410911
2024-03-06,SPX,-0.008033786209039568
2024-03-06,HSI,0.11368593922116532
2024-03-06,N225,-0.06806957744119004
2024-03-06,SX5E,-0.03941399566782086
2024-03-06,000688.SH,0.044435116433798307
2024-03-06,SOX,-0.012181409391814292
2024-03-06,NDX,0.011891982640393612
2024-03-06,XAU,-0.05330723702808163
2024-03-06,COPPER,0.09379958618823916
2024-03-06,WTI,0.04519980491936128
2024-03-06,BTC,-0.2257610605973505
2024-03-06,ETH,-0.05687787660200282
2024-03-06,US10Y,0.05115002725550219
2024-03-06,CN10Y,0.08969597075542618
2024-03-07,000300.SH,0.02277021589086218
2024-03-07,SPX,-0.009971707908667787
2024-03-07,HSI,0.0924709828434938
2024-03-07,N225,-0.07714855568280318
2024-03-07,SX5E,-0.029406352536478338
2024-03-07,000688.SH,0.03831150685022218
2024-03-07,SOX,-0.054584765471646646
2024-03-07,NDX,0.0045627316367877705
2024-03-07,XAU,-0.062365538889332085
2024-03-07,COPPER,0.09221500098010117
2024-03-07,WTI,0.05210114346437544
2024-03-07,BTC,-0.1841222093705325
2024-03-07,ETH,-0.061844975491035216
2024-03-07,US10Y,0.0631221282588033
2024-03-07,CN10Y,0.11389039542584695
2024-03-08,000300.SH,0.0202253751651198
2024-03-08,SPX,-0.01291724577274286
2024-03-08,HSI,0.1127162188614413
2024-03-08,N225,-0.05693209860385083
2024-03-08,SX5E,-0.04010726654491756
2024-03-08,000688.SH,0.03359823448534692
2024-03-08,SOX,-0.07772752509148084
2024-03-08,NDX,-0.001641232738426951
2024-03-08,XAU,-0.05061589478181765
2024-03-08,COPPER,0.08589431669333686
2024-03-08,WTI,0.03221368944061091
2024-03-08,BTC,-0.15455155371262477
2024-03-08,ETH,-0.04776467583577437
2024-03-08,US10Y,0.051240294149695366
2024-03-08,CN10Y,0.10636936428608179
2024-03-11,000300.SH,0.0016684895694221826
2024-03-11,SPX,-0.004781519963103766
2024-03-11,HSI,0.0886889403406268
2024-03-11,N225,-0.056448170361458175
2024-03-11,SX5E,-0.03170034474062782
2024-03-11,000688.SH,-0.010879915669674011
2024-03-11,SOX,-0.047136939819734935
2024-03-11,NDX,0.010449351519107556
2024-03-11,XAU,-0.05702027519409272
2024-03-11,COPPER,0.10553666464809042
2024-03-11,WTI,0.06520791933972125
2024-03-11,BTC,-0.17558153164985169
2024-03-11,ETH,-0.026154316024476362
2024-03-11,US10Y,0.04865468676553936
2024-03-11,CN10Y,0.08949696124050872
2024-03-12,000300.SH,-0.0036767414355118547
2024-03-12,SPX,-0.010444134842298763
2024-03-12,HSI,0.08758570341798944
2024-03-12,N225,-0.02231884477863013
2024-03-12,SX5E,-0.023752688889816242
2024-03-12,000688.SH,-0.02385099847644837
2024-03-12,SOX,-0.022200277238996348
2024-03-12,NDX,0.007830986218311603
2024-03-12,XAU,-0.054216600253513894
2024-03-12,COPPER,0.1093682417724313
2024-03-12,WTI,0.04860734485265186
2024-03-12,BTC,-0.19162586582439817
2024-03-12,ETH,-0.014276516835168335
2024-03-12,US10Y,0.03882892594442222
2024-03-12,CN10Y,0.07414146636897181
2024-03-13,000300.SH,-0.0010942536238990538
2024-03-13,SPX,-0.007012572560506438
2024-03-13,HSI,0.06888939199439963
2024-03-13,N225,-0.027538740847871175
2024-03-13,SX5E,-0.03503886319109645
2024-03-13,000688.SH,-0.008728638505834378
2024-03-13,SOX,-0.03240068882101785
2024-03-13,NDX,0.007805496398787583
2024-03-13,XAU,-0.03477026288585891
2024-03-13,COPPER,0.10248307862696016
2024-03-13,WTI,0.027248571882131055
2024-03-13,BTC,-0.1545608403254771
2024-03-13,ETH,0.040470489918377595
2024-03-13,US10Y,-0.003418587147805326
2024-03-13,CN10Y,0.057666419088706684
2024-03-14,000300.SH,-0.004733209661599791
2024-03-14,SPX,0.006097248295841176
2024-03-14,HSI,0.06917931135677535
2024-03-14,N225,-0.02026098897952075
2024-03-14,SX5E,-0.034539600475149125
2024-03-14,000688.SH,-0.027134718964837323
2024-03-14,SOX,0.007187618675671498
2024-03-14,NDX,0.03381864223935119
2024-03-14,XAU,-0.049024183027800844
2024-03-14,COPPER,0.06427449650209596
2024-03-14,WTI,-0.012518164432383322
2024-03-14,BTC,-0.1682020859569352
2024-03-14,ETH,0.04469298505760934
2024-03-14,US10Y,0.03131350319118969
2024-03-14,CN10Y,0.05984914617968812
2024-03-15,000300.SH,0.0008072987407169762
2024-03-15,SPX,0.003642035965988772
2024-03-15,HSI,0.06850960186518634
2024-03-15,N225,-0.019273695558605367
2024-03-15,SX5E,-0.03431776363839941
2024-03-15,000688.SH,-0.015891092438444665
2024-03-15,SOX,0.030499739954423146
2024-03-15,NDX,0.032285612441413744
2024-03-15,XAU,-0.051353899484970905
2024-03-15,COPPER,0.04893950922544096
2024-03-15,WTI,-0.027756277856358202
2024-03-15,BTC,-0.1709358930969579
2024-03-15,ETH,0.050071652746381284
2024-03-15,US10Y,0.04003290671559699
2024-03-15,CN10Y,0.04474026441858435
2024-03-18,000300.SH,0.016802249821465366
2024-03-18,SPX,0.003766347422109679
2024-03-18,HSI,0.09600571129230105
2024-03-18,N225,-0.026314918793064915
2024-03-18,SX5E,-0.03024484479555363
2024-03-18,000688.SH,0.01862438447718199
2024-03-18,SOX,0.0027408105428062763
2024-03-18,NDX,0.029855305239151794
2024-03-18,XAU,-0.04534124269910006
2024-03-18,COPPER,0.018739794454471385
2024-03-18,WTI,-0.023855444488162878
2024-03-18,BTC,-0.17954767974785957
2024-03-18,ETH,0.039845476040322604
2024-03-18,US10Y,0.007812034580972599
2024-03-18,CN10Y,0.0711120166529551
2024-03-19,000300.SH,0.010892784515143892
2024-03-19,SPX,0.0026390422739846573
2024-03-19,HSI,0.08193640829707276
2024-03-19,N225,-0.05508871295043005
2024-03-19,SX5E,-0.0335155297113333
2024-03-19,000688.SH,0.019748004953007443
2024-03-19,SOX,0.01176319004942564
2024-03-19,NDX,0.026112115620867966
2024-03-19,XAU,-0.04881530566266639
2024-03-19,COPPER,-0.0014602375471552266
2024-03-19,WTI,-0.04007378647224619
2024-03-19,BTC,-0.13538422731583646
2024-03-19,ETH,0.09754462244556705
2024-03-19,US10Y,-0.0023047719969115643
2024-03-19,CN10Y,0.06600640350150676
2024-03-21,000300.SH,0.006965812022773398
2024-03-21,SPX,-0.011357053485372737
2024-03-21,HSI,0.054112770352121344
2024-03-21,N225,-0.04572755093774651
2024-03-21,SX5E,-0.03809019243052206
2024-03-21,000688.SH,0.018354057182849538
2024-03-21,SOX,0.01062266588049078
2024-03-21,NDX,0.012923833377966439
2024-03-21,XAU,-0.05183633830959821
2024-03-21,COPPER,-0.013619222484651765
2024-03-21,WTI,-0.02516820906904202
2024-03-21,BTC,-0.0996558183630725
2024-03-21,ETH,0.09493808065653467
2024-03-21,US10Y,0.012050512366360374
2024-03-21,CN10Y,0.07548665324090686
2024-03-22,000300.SH,0.0035861341183834952
2024-03-22,SPX,-0.03033425802294276
2024-03-22,HSI,0.03729930276218183
2024-03-22,N225,-0.03502907126680004
2024-03-22,SX5E,-0.040965048639860585
2024-03-22,000688.SH,0.011133227670476867
2024-03-22,SOX,-0.03795376362276322
2024-03-22,NDX,-0.017573665576329313
2024-03-22,XAU,-0.06579746529498584
2024-03-22,COPPER,0.008065599898255352
2024-03-22,WTI,-0.01187799685224055
2024-03-22,BTC,-0.05303778171171714
2024-03-22,ETH,0.14129879099954895
2024-03-22,US10Y,0.02915313003137216
2024-03-22,CN10Y,0.06203286550741877
2024-03-25,000300.SH,0.019478662866320107
2024-03-25,SPX,-0.03144771802114895
2024-03-25,HSI,0.06119332378399921
2024-03-25,N225,-0.04356018944763716
2024-03-25,SX5E,-0.037036375109745646
2024-03-25,000688.SH,0.014279570764150507
2024-03-25,SOX,-0.05434527913343181
2024-03-25,NDX,-0.027334731049618973
2024-03-25,XAU,-0.05976227032234804
2024-03-25,COPPER,0.020944698838597245
2024-03-25,WTI,-0.004329297279571136
2024-03-25,BTC,-0.07284255077289814
2024-03-25,ETH,0.11524718655573105
2024-03-25,US10Y,0.04865782333257411
2024-03-25,CN10Y,0.05085714499502586
2024-03-26,000300.SH,0.031364233119596456
2024-03-26,SPX,-0.007371241750144896
2024-03-26,HSI,0.07656516759797308
2024-03-26,N225,-0.011549449172752267
2024-03-26,SX5E,-0.022980953678881012
2024-03-26,000688.SH,0.03786975569682468
2024-03-26,SOX,0.0007214544000024494
2024-03-26,NDX,0.006587835398755865
2024-03-26,XAU,-0.06122527331241526
2024-03-26,COPPER,0.01889556234492732
2024-03-26,WTI,-0.019040992720608302
2024-03-26,BTC,-0.1744761153161629
2024-03-26,ETH,0.04047865461367149
2024-03-26,US10Y,0.040602772467353374
2024-03-26,CN10Y,0.043558590311858235
2024-03-27,000300.SH,0.012017716395351964
2024-03-27,SPX,-0.010002795833113271
2024-03-27,HSI,0.05409529694990499
2024-03-27,N225,-0.010359482308909523
2024-03-27,SX5E,-0.02689710910665289
2024-03-27,000688.SH,0.05123534330724327
2024-03-27,SOX,0.0024218747907419425
2024-03-27,NDX,0.0038674851703418473
2024-03-27,XAU,-0.061059904379106376
2024-03-27,COPPER,-0.0004478086609312965
2024-03-27,WTI,-0.02302944928949162
2024-03-27,BTC,-0.13281695947467934
2024-03-27,ETH,0.08093356732536783
2024-03-27,US10Y,0.02837310151878611
2024-03-27,CN10Y,0.031669123595144864
2024-03-28,000300.SH,0.02539627940200095
2024-03-28,SPX,-0.02110299071493518
2024-03-28,HSI,0.06147483737705938
2024-03-28,N225,-0.024681589219440248
2024-03-28,SX5E,-0.029778964451451978
2024-03-28,000688.SH,0.09762702001075407
2024-03-28,SOX,-0.021057458822274226
2024-03-28,NDX,-0.002997367930939885
2024-03-28,XAU,-0.07860319397277934
2024-03-28,COPPER,-0.009370039902940962
2024-03-28,WTI,-0.023079013725387273
2024-03-28,BTC,-0.11972234283499607
2024-03-28,ETH,0.06375327229886163
2024-03-28,US10Y,0.03835683418645812
2024-03-28,CN10Y,0.04378471830000983
2024-04-02,000300.SH,0.0100558230626285
2024-04-02,SPX,-0.02247997175299483
2024-04-02,HSI,0.04233307762307593
2024-04-02,N225,-0.00968296049590826
2024-04-02,SX5E,-0.029295206531665285
2024-04-02,000688.SH,0.05631092711061341
2024-04-02,SOX,-0.028010050651650287
2024-04-02,NDX,-0.004875196537339338
2024-04-02,XAU,-0.09313192975677623
2024-04-02,COPPER,-0.009901980852056725
2024-04-02,WTI,-0.043143215421536346
2024-04-02,BTC,-0.028965791476446907
2024-04-02,ETH,0.11088355348654666
2024-04-02,US10Y,0.029935174260722897
2024-04-02,CN10Y,0.019967747932785544
2024-04-03,000300.SH,0.006451809997418404
2024-04-03,SPX,-0.010536470687491794
2024-04-03,HSI,0.00889187529482137
2024-04-03,N225,-0.005249937822121855
2024-04-03,SX5E,-0.024587592864840278
2024-04-03,000688.SH,0.0867287185296842
2024-04-03,SOX,-0.0045306074471298165
2024-04-03,NDX,0.008693109088744794
2024-04-03,XAU,-0.10969588709140625
2024-04-03,COPPER,-0.03167685763519332
2024-04-03,WTI,-0.07493143731413243
2024-04-03,BTC,0.0017237491874436545
2024-04-03,ETH,0.14134447564190716
2024-04-03,US10Y,-0.01585392418147157
2024-04-03,CN10Y,0.023228977303766645
2024-04-08,000300.SH,0.006688437142853791
2024-04-08,SPX,-0.00765656372881516
2024-04-08,HSI,0.014084293345750678
2024-04-08,N225,0.01888272252379839
2024-04-08,SX5E,-0.029539615732018493
2024-04-08,000688.SH,0.09696579920391647
2024-04-08,SOX,0.023778230237154516
2024-04-08,NDX,0.016003569602778784
2024-04-08,XAU,-0.10037886167308221
2024-04-08,COPPER,-0.07148175120186807
2024-04-08,WTI,-0.06500599134251679
2024-04-08,BTC,-0.015064651222113076
2024-04-08,ETH,0.10858039059331517
2024-04-08,US10Y,-0.03418664190448553
2024-04-08,CN10Y,0.038330634155330834
2024-04-09,000300.SH,0.015282164448027151
2024-04-09,SPX,-0.006649927842743444
2024-04-09,HSI,0.0174240581756782
2024-04-09,N225,0.026401231782369035
2024-04-09,SX5E,-0.02068116208248088
2024-04-09,000688.SH,0.12056344010343242
2024-04-09,SOX,0.05297151249158185
2024-04-09,NDX,0.016414331903568086
2024-04-09,XAU,-0.10065653546850743
2024-04-09,COPPER,-0.09193436150909602
2024-04-09,WTI,-0.09125989331378949
2024-04-09,BTC,0.00777205935369573
2024-04-09,ETH,0.06396983625043424
2024-04-09,US10Y,-0.041086928774928734
2024-04-09,CN10Y,0.0314701744827586
2024-04-10,000300.SH,0.02967534658791922
2024-04-10,SPX,-0.01504371940189405
2024-04-10,HSI,-0.005844284790634806
2024-04-10,N225,0.019164202378329612
2024-04-10,SX5E,-0.011456808513615269
2024-04-10,000688.SH,0.11877748330254367
2024-04-10,SOX,0.03174558961374585
2024-04-10,NDX,-0.0015137419599116934
2024-04-10,XAU,-0.09928899537427935
2024-04-10,COPPER,-0.08944509686588697
2024-04-10,WTI,-0.08025381426011198
2024-04-10,BTC,-0.001032310842242555
2024-04-10,ETH,0.1283198320681061
2024-04-10,US10Y,-0.04440214534952777
2024-04-10,CN10Y,0.02059846340745911
2024-04-11,000300.SH,0.027493055526489334
2024-04-11,SPX,-0.0035934279434217085
2024-04-11,HSI,-0.016445285061847732
2024-04-11,N225,0.02042326327910394
2024-04-11,SX5E,-0.0111590287483284
2024-04-11,000688.SH,0.11990889449807321
2024-04-11,SOX,0.06390172372524616
2024-04-11,NDX,0.01004588697435008
2024-04-11,XAU,-0.08312020501284112
2024-04-11,COPPER,-0.08443008751444733
2024-04-11,WTI,-0.08314916851065804
2024-04-11,BTC,-0.008941229177434912
2024-04-11,ETH,0.15613597894573955
2024-04-11,US10Y,-0.09684119023606796
2024-04-11,CN10Y,-0.010229180743955754
2024-04-12,000300.SH,0.01922685635234396
2024-04-12,SPX,-0.0019416687155982696
2024-04-12,HSI,-0.029766331566483797
2024-04-12,N225,0.010481462433911171
2024-04-12,SX5E,0.006791358267244625
2024-04-12,000688.SH,0.09028920680903993
2024-04-12,SOX,0.0700362808490137
2024-04-12,NDX,0.007702018713617368
2024-04-12,XAU,-0.09469904377380697
2024-04-12,COPPER,-0.06942819197333026
2024-04-12,WTI,-0.07315512205440554
2024-04-12,BTC,0.0035470302173175178
2024-04-12,ETH,0.16938779045855185
2024-04-12,US10Y,-0.10543524678667435
2024-04-12,CN10Y,-0.003036399230741513
2024-04-15,000300.SH,0.024638716714547974
2024-04-15,SPX,0.0019404469536911818
2024-04-15,HSI,-0.015201679434918307
2024-04-15,N225,0.006676264376507576
2024-04-15,SX5E,0.002774551239199223
2024-04-15,000688.SH,0.09173548714123562
2024-04-15,SOX,0.04949309259633822
2024-04-15,NDX,0.0033841425166502154
2024-04-15,XAU,-0.07621675008435758
2024-04-15,COPPER,-0.09777644372237425
2024-04-15,WTI,-0.0939820267970997
2024-04-15,BTC,0.016144699026864426
2024-04-15,ETH,0.18211315836148323
2024-04-15,US10Y,-0.09629320342140392
2024-04-15,CN10Y,0.0005695445336356604
2024-04-16,000300.SH,0.007963903566111229
2024-04-16,SPX,0.008568064335847392
2024-04-16,HSI,-0.007092910875363082
2024-04-16,N225,-0.011688058119054687
2024-04-16,SX5E,-0.012569926813255907
2024-04-16,000688.SH,0.08068470456178153
2024-04-16,SOX,0.037178999821409486
2024-04-16,NDX,0.01059864293007065
2024-04-16,XAU,-0.09366724217859389
2024-04-16,COPPER,-0.1117521738061941
2024-04-16,WTI,-0.09789952276161054
2024-04-16,BTC,0.09118379352043351
2024-04-16,ETH,0.21568710685043696
2024-04-16,US10Y,-0.12733801704443715
2024-04-16,CN10Y,0.010142636012418419
2024-04-17,000300.SH,0.01339117009603781
2024-04-17,SPX,0.01762089260685125
2024-04-17,HSI,0.03082853840447787
2024-04-17,N225,0.003089104125377119
2024-04-17,SX5E,0.00824059937865853
2024-04-17,000688.SH,0.09149778782591216
2024-04-17,SOX,0.03693939950672963
2024-04-17,NDX,0.019602666723044563
2024-04-17,XAU,-0.10735893701669125
2024-04-17,COPPER,-0.1005847069609122
2024-04-17,WTI,-0.09914330190391912
2024-04-17,BTC,0.03722204876912019
2024-04-17,ETH,0.14450723117081263
2024-04-17,US10Y,-0.12558267740507406
2024-04-17,CN10Y,0.029730184679574983
2024-04-18,000300.SH,-0.016264835506558016
2024-04-18,SPX,0.016963567437067235
2024-04-18,HSI,0.015364099493762808
2024-04-18,N225,0.008948426537780023
2024-04-18,SX5E,0.00847748215616029
2024-04-18,000688.SH,0.052730007253546346
2024-04-18,SOX,0.030925643465126787
2024-04-18,NDX,0.01768184997135141
2024-04-18,XAU,-0.0928366383749962
2024-04-18,COPPER,-0.08853932725248137
2024-04-18,WTI,-0.04867958407218426
2024-04-18,BTC,0.0545445014334135
2024-04-18,ETH,0.12058162234669044
2024-04-18,US10Y,-0.10590995562715637
2024-04-18,CN10Y,0.02601314073847768
2024-04-19,000300.SH,-0.015136285065658553
2024-04-19,SPX,0.0193431345723168
2024-04-19,HSI,0.010260225087561095
2024-04-19,N225,0.01188668870340939
2024-04-19,SX5E,0.004987964203360985
2024-04-19,000688.SH,0.05563659836595631
2024-04-19,SOX,0.038951478694080485
2024-04-19,NDX,0.024266171857722504
2024-04-19,XAU,-0.10497716063629507
2024-04-19,COPPER,-0.10404976124225246
2024-04-19,WTI,-0.021355759759664916
2024-04-19,BTC,0.027530831677501262
2024-04-19,ETH,0.1069205703185792
2024-04-19,US10Y,-0.08922411422062015
2024-04-19,CN10Y,0.03495941744400324
2024-04-22,000300.SH,-0.004338946479548196
2024-04-22,SPX,0.02156699845644812
2024-04-22,HSI,0.004404813145328937
2024-04-22,N225,0.03447158747857097
2024-04-22,SX5E,0.006889771421520718
2024-04-22,000688.SH,0.08232564303204137
2024-04-22,SOX,0.07406158523363994
2024-04-22,NDX,0.03310013557052647
2024-04-22,XAU,-0.11361129879077109
2024-04-22,COPPER,-0.10016106134923064
2024-04-22,WTI,-0.029893482800316125
2024-04-22,BTC,-0.01486522482975318
2024-04-22,ETH,0.06256385887575662
2024-04-22,US10Y,-0.08155894524442871
2024-04-22,CN10Y,0.0250445662802149
2024-04-23,000300.SH,0.011593865042174543
2024-04-23,SPX,0.021694109849168825
2024-04-23,HSI,-0.0034679212234810597
2024-04-23,N225,0.05468454533554562
2024-04-23,SX5E,0.004665945490884473
2024-04-23,000688.SH,0.10679029333421106
2024-04-23,SOX,0.06429822262402662
2024-04-23,NDX,0.03625485139027637
2024-04-23,XAU,-0.08330657678155358
2024-04-23,COPPER,-0.0915561208784417
2024-04-23,WTI,-0.006914515375672161
2024-04-23,BTC,-0.05871738351235452
2024-04-23,ETH,-0.0041083307837915944
2024-04-23,US10Y,-0.07107330718929779
2024-04-23,CN10Y,0.019162322678304897
2024-04-24,000300.SH,0.02368709774048905
2024-04-24,SPX,0.02210944513441439
2024-04-24,HSI,-0.013048277353860771
2024-04-24,N225,0.0638070787723354
2024-04-24,SX5E,0.000659969254480414
2024-04-24,000688.SH,0.11642269545791611
2024-04-24,SOX,0.054201629589239735
2024-04-24,NDX,0.03285351652870582
2024-04-24,XAU,-0.07908593859194779
2024-04-24,COPPER,-0.07790237174397684
2024-04-24,WTI,-0.010380165135075713
2024-04-24,BTC,-0.06840741699908402
2024-04-24,ETH,-0.01873727748434141
2024-04-24,US10Y,-0.07118563554973314
2024-04-24,CN10Y,0.02500565038043841
2024-04-25,000300.SH,0.011241939539489054
2024-04-25,SPX,0.029246673791599745
2024-04-25,HSI,-0.030158115423101532
2024-04-25,N225,0.055864935775932344
2024-04-25,SX5E,0.009353114917400679
2024-04-25,000688.SH,0.07936568841918865
2024-04-25,SOX,0.06685514003053625
2024-04-25,NDX,0.03906379163462771
2024-04-25,XAU,-0.0687542191355381
2024-04-25,COPPER,-0.10418801862150778
2024-04-25,WTI,-0.027205536555771327
2024-04-25,BTC,-0.021978818984263383
2024-04-25,ETH,0.047485472712177165
2024-04-25,US10Y,-0.08954719287116739
2024-04-25,CN10Y,0.003355144770397875
2024-04-26,000300.SH,0.0056610914760031016
2024-04-26,SPX,0.0363131873855539
2024-04-26,HSI,-0.04335379884827629
2024-04-26,N225,0.08331561820104674
2024-04-26,SX5E,0.0187823142729426
2024-04-26,000688.SH,0.08311161573152677
2024-04-26,SOX,0.06166622258147608
2024-04-26,NDX,0.05074002277590268
2024-04-26,XAU,-0.08069963689310823
2024-04-26,COPPER,-0.12895954007517663
2024-04-26,WTI,-0.035896795525401315
2024-04-26,BTC,-0.012857285375730075
2024-04-26,ETH,0.05173051901017285
2024-04-26,US10Y,-0.10858775153917641
2024-04-26,CN10Y,0.019034216822243946
2024-04-30,000300.SH,-0.0172572033991537
2024-04-30,SPX,0.022719402936460308
2024-04-30,HSI,-0.0674877055491043
2024-04-30,N225,0.064335688503569
2024-04-30,SX5E,0.007646450398606935
2024-04-30,000688.SH,0.03786403775912084
2024-04-30,SOX,0.030368450063928458
2024-04-30,NDX,0.030451346698944816
2024-04-30,XAU,-0.0809521113205414
2024-04-30,COPPER,-0.1353206113766921
2024-04-30,WTI,-0.019614521659227203
2024-04-30,BTC,0.09028652271950266
2024-04-30,ETH,0.12836924312301273
2024-04-30,US10Y,-0.09403394865297227
2024-04-30,CN10Y,0.002624959754544985
2024-05-07,000300.SH,-0.0212641065485447
2024-05-07,SPX,0.029134670482753956
2024-05-07,HSI,-0.07482365317396523
2024-05-07,N225,0.047623598293519295
2024-05-07,SX5E,0.02537559926445656
2024-05-07,000688.SH,0.00012241009120119925
2024-05-07,SOX,0.025747074124540706
2024-05-07,NDX,0.03789248066095709
2024-05-07,XAU,-0.05728955625081334
2024-05-07,COPPER,-0.13061036422322927
2024-05-07,WTI,-0.0067775330762235575
2024-05-07,BTC,0.10540396538435517
2024-05-07,ETH,0.12009162537759288
2024-05-07,US10Y,-0.10481635347190477
2024-05-07,CN10Y,0.004190143065303914
2024-05-08,000300.SH,-0.04233969268408168
2024-05-08,SPX,0.012132802517809103
2024-05-08,HSI,-0.11528803698888121
2024-05-08,N225,0.050320742845896355
2024-05-08,SX5E,0.013726725111597834
2024-05-08,000688.SH,-0.019248962233534398
2024-05-08,SOX,0.024599830323765795
2024-05-08,NDX,0.01057594184020516
2024-05-08,XAU,-0.049504549645634825
2024-05-08,COPPER,-0.1331496830030755
2024-05-08,WTI,0.041119426281539785
2024-05-08,BTC,0.1148896187163555
2024-05-08,ETH,0.15631181040093195
2024-05-08,US10Y,-0.06340253347934428
2024-05-08,CN10Y,-0.0007434400035498494
2024-05-10,000300.SH,-0.03511653233399503
2024-05-10,SPX,0.009643463795338198
2024-05-10,HSI,-0.1092234243405932
2024-05-10,N225,0.04818185339007046
2024-05-10,SX5E,0.006352030091929046
2024-05-10,000688.SH,-0.0039474207354296825
2024-05-10,SOX,0.013388942656253296
2024-05-10,NDX,0.004588047946533873
2024-05-10,XAU,-0.030988995573428678
2024-05-10,COPPER,-0.12929404430992258
2024-05-10,WTI,0.04460215366992917
2024-05-10,BTC,0.11511973191044315
2024-05-10,ETH,0.13429191623703232
2024-05-10,US10Y,-0.06891824711646426
2024-05-10,CN10Y,0.001320524712303821
2024-05-13,000300.SH,-0.02377090397124942
2024-05-13,SPX,-0.0028167411486292237
2024-05-13,HSI,-0.11084484935482122
2024-05-13,N225,0.04341016214846268
2024-05-13,SX5E,-0.007730363204982532
2024-05-13,000688.SH,0.0025655199484476148
2024-05-13,SOX,0.015777700631388277
2024-05-13,NDX,-0.0022290581345230315
2024-05-13,XAU,-0.03066621608959843
2024-05-13,COPPER,-0.13132192167793816
2024-05-13,WTI,0.0884977919381556
2024-05-13,BTC,0.07978578590163539
2024-05-13,ETH,0.12034951129617205
2024-05-13,US10Y,-0.032478134303390985
2024-05-13,CN10Y,-0.008528283979128868
2024-05-14,000300.SH,-0.02629188080082878
2024-05-14,SPX,-0.00022718052355040876
2024-05-14,HSI,-0.12805412573321134
2024-05-14,N225,0.03663098750703054
2024-05-14,SX5E,0.00017200423006911254
2024-05-14,000688.SH,-0.0079034508450114
2024-05-14,SOX,0.018805310827250097
2024-05-14,NDX,-0.0005728959276421403
2024-05-14,XAU,-0.010997913784518061
2024-05-14,COPPER,-0.12386035233663953
2024-05-14,WTI,0.07958019806195953
2024-05-14,BTC,0.06313548680246452
2024-05-14,ETH,0.1289585794713917
2024-05-14,US10Y,-0.027044224953859785
2024-05-14,CN10Y,-0.002330541994904319
2024-05-16,000300.SH,-0.040900531952602605
2024-05-16,SPX,-0.011004511855572718
2024-05-16,HSI,-0.14049373099639917
2024-05-16,N225,0.025083439085227893
2024-05-16,SX5E,-0.008225221914871897
2024-05-16,000688.SH,-0.03762216634106047
2024-05-16,SOX,-0.02763886455416586
2024-05-16,NDX,-0.01655830306106177
2024-05-16,XAU,-0.006455930857741529
2024-05-16,COPPER,-0.1423671265842313
2024-05-16,WTI,0.09748767589527202
2024-05-16,BTC,0.12356093800000191
2024-05-16,ETH,0.20258542362813223
2024-05-16,US10Y,-0.010445959133142758
2024-05-16,CN10Y,-0.007005129357783959
2024-05-17,000300.SH,-0.031029740805422437
2024-05-17,SPX,-0.013918340181388199
2024-05-17,HSI,-0.13551425213699453
2024-05-17,N225,0.0274073938587832
2024-05-17,SX5E,-0.012880354108295505
2024-05-17,000688.SH,0.0018839786514968544
2024-05-17,SOX,-0.0269467578473064
2024-05-17,NDX,-0.018571979971141413
2024-05-17,XAU,-0.005383951768379211
2024-05-17,COPPER,-0.12755644333400265
2024-05-17,WTI,0.08211934749449347
2024-05-17,BTC,0.08157338441170095
2024-05-17,ETH,0.19729662859862784
2024-05-17,US10Y,-0.004102550350196785
2024-05-17,CN10Y,-0.0143763625119755
2024-05-21,000300.SH,-0.04672411712377729
2024-05-21,SPX,-0.02067058265205273
2024-05-21,HSI,-0.11687451722152184
2024-05-21,N225,0.030871564275320104
2024-05-21,SX5E,-0.005855719214733985
2024-05-21,000688.SH,-0.02368694835000624
2024-05-21,SOX,-0.027604925125015632
2024-05-21,NDX,-0.02172491221454171
2024-05-21,XAU,-0.0275972936917176
2024-05-21,COPPER,-0.17028829183794977
2024-05-21,WTI,0.08882343757830982
2024-05-21,BTC,0.11000558069188221
2024-05-21,ETH,0.20041090226263564
2024-05-21,US10Y,0.03308339117733301
2024-05-21,CN10Y,-0.002167568554164439
2024-05-22,000300.SH,-0.04108549648614584
2024-05-22,SPX,-0.010096906179230935
2024-05-22,HSI,-0.08728034201065782
2024-05-22,N225,0.03134169077509166
2024-05-22,SX5E,-0.0038609173932586185
2024-05-22,000688.SH,-0.004569605166578953
2024-05-22,SOX,-0.005289469210676977
2024-05-22,NDX,-0.005599593667250981
2024-05-22,XAU,-0.010099843546033709
2024-05-22,COPPER,-0.16963589998590978
2024-05-22,WTI,0.1035485102286241
2024-05-22,BTC,0.11581582281204797
2024-05-22,ETH,0.04833177757503687
2024-05-22,US10Y,0.04214866699756562
2024-05-22,CN10Y,-0.0036683947426233523
2024-05-23,000300.SH,-0.045044046830057104
2024-05-23,SPX,-0.019812052300669663
2024-05-23,HSI,-0.09701019235868062
2024-05-23,N225,0.043123473602661895
2024-05-23,SX5E,-1.4897379779036605e-05
2024-05-23,000688.SH,-0.0038645982297380466
2024-05-23,SOX,-0.03973881794317485
2024-05-23,NDX,-0.0186999006208163
2024-05-23,XAU,-0.0036232289191562086
2024-05-23,COPPER,-0.09320654640535332
2024-05-23,WTI,0.11459363144159093
2024-05-23,BTC,0.1161641702233083
2024-05-23,ETH,0.024855323465291505
2024-05-23,US10Y,0.027553392143433487
2024-05-23,CN10Y,-0.005275709888861838
2024-05-24,000300.SH,-0.012064821952240358
2024-05-24,SPX,-0.025076275990596968
2024-05-24,HSI,-0.08781873636786622
2024-05-24,N225,0.021822534407255977
2024-05-24,SX5E,0.002760806112542323
2024-05-24,000688.SH,0.03066767868456846
2024-05-24,SOX,-0.05450333085695232
2024-05-24,NDX,-0.0315218448654676
2024-05-24,XAU,0.033822883623155546
2024-05-24,COPPER,-0.07500283082823422
2024-05-24,WTI,0.11964082552856917
2024-05-24,BTC,0.07214529400134931
2024-05-24,ETH,-0.037846721006704165
2024-05-24,US10Y,0.047462990861847874
2024-05-24,CN10Y,-0.0044884513512276555
2024-05-28,000300.SH,-0.008429323987826183
2024-05-28,SPX,-0.03236795661076965
2024-05-28,HSI,-0.08876589247195396
2024-05-28,N225,0.015820284245043913
2024-05-28,SX5E,-0.00878186703202534
2024-05-28,000688.SH,0.03257136660726871
2024-05-28,SOX,-0.05874188897520853
2024-05-28,NDX,-0.038685532832433145
2024-05-28,XAU,0.032848012233353784
2024-05-28,COPPER,-0.08688189346518416
2024-05-28,WTI,0.10581445786572496
2024-05-28,BTC,0.08825424816629424
2024-05-28,ETH,-0.0028785449540249582
2024-05-28,US10Y,0.06004160466829685
2024-05-28,CN10Y,-0.009817073456557485
2024-05-29,000300.SH,0.01330157934109946
2024-05-29,SPX,-0.031027161752706162
2024-05-29,HSI,-0.07871501855546648
2024-05-29,N225,0.006581784031348109
2024-05-29,SX5E,-0.001765227419693191
2024-05-29,000688.SH,0.05803648628852718
2024-05-29,SOX,-0.08915598354378232
2024-05-29,NDX,-0.04458840771751642
2024-05-29,XAU,0.01678873845448594
2024-05-29,COPPER,-0.08818264557515901
2024-05-29,WTI,0.04566846278015482
2024-05-29,BTC,0.12765234381382307
2024-05-29,ETH,0.04005461982830949
2024-05-29,US10Y,0.030856505049517553
2024-05-29,CN10Y,-0.005506075022943312
2024-05-30,000300.SH,0.008132248462024892
2024-05-30,SPX,-0.030971166217599436
2024-05-30,HSI,-0.06688659325204672
2024-05-30,N225,0.010449978707829181
2024-05-30,SX5E,0.011312334324683647
2024-05-30,000688.SH,0.044654111468854354
2024-05-30,SOX,-0.10090518350622212
2024-05-30,NDX,-0.04974640327300114
2024-05-30,XAU,0.031214128308072485
2024-05-30,COPPER,-0.05687432538567446
2024-05-30,WTI,0.04810085464656969
2024-05-30,BTC,0.1194010709730455
2024-05-30,ETH,0.011360864875558666
2024-05-30,US10Y,0.022252425951521583
2024-05-30,CN10Y,-0.0014943460836171901
2024-05-31,000300.SH,0.007926909764505939
2024-05-31,SPX,-0.033295618957358844
2024-05-31,HSI,-0.05947921102068547
2024-05-31,N225,-0.0026764501012984526
2024-05-31,SX5E,0.004154851852092867
2024-05-31,000688.SH,0.017389661563998755
2024-05-31,SOX,-0.1310132816375258
2024-05-31,NDX,-0.05900760480586901
2024-05-31,XAU,0.024344467874638037
2024-05-31,COPPER,-0.017002443888645843
2024-05-31,WTI,0.06856644216182026
2024-05-31,BTC,0.12444951182937421
2024-05-31,ETH,0.02534862325871748
2024-05-31,US10Y,0.03306924947602056
2024-05-31,CN10Y,-0.002775107369785837
2024-06-03,000300.SH,0.004475106933331405
2024-06-03,SPX,-0.036223089162264625
2024-06-03,HSI,-0.04514443820696197
2024-06-03,N225,-0.009107303322334987
2024-06-03,SX5E,0.004442436167088843
2024-06-03,000688.SH,0.01187480697694897
2024-06-03,SOX,-0.11464002578822123
2024-06-03,NDX,-0.05357822530920261
2024-06-03,XAU,0.0023123635977966815
2024-06-03,COPPER,-0.019545561479173537
2024-06-03,WTI,0.07442043327260835
2024-06-03,BTC,0.1424809469752545
2024-06-03,ETH,0.014147957051487366
2024-06-03,US10Y,0.03751110016193718
2024-06-03,CN10Y,-0.013426507868295322
2024-06-04,000300.SH,-0.0064348959638723556
2024-06-04,SPX,-0.02596195362153896
2024-06-04,HSI,-0.04669242838123021
2024-06-04,N225,-0.018000879956671732
2024-06-04,SX5E,0.014381429710471207
2024-06-04,000688.SH,-0.005898629339324023
2024-06-04,SOX,-0.10033051878959585
2024-06-04,NDX,-0.04269029926278352
2024-06-04,XAU,-0.009961169591734936
2024-06-04,COPPER,-0.04465843972609908
2024-06-04,WTI,0.12968790723293974
2024-06-04,BTC,0.1094213181498026
2024-06-04,ETH,0.009386368555418663
2024-06-04,US10Y,0.056229563063386195
2024-06-04,CN10Y,-0.01847737207916867
2024-06-05,000300.SH,-0.011644596351646948
2024-06-05,SPX,-0.029732948311906367
2024-06-05,HSI,-0.033418844028419305
2024-06-05,N225,0.006061117450048518
2024-06-05,SX5E,0.018786284147086735
2024-06-05,000688.SH,0.0015653214476061142
2024-06-05,SOX,-0.08970817657067226
2024-06-05,NDX,-0.045877960317930046
2024-06-05,XAU,-0.004160979954755076
2024-06-05,COPPER,-0.005219764566324482
2024-06-05,WTI,0.13584980706329972
2024-06-05,BTC,0.03018289368597174
2024-06-05,ETH,-0.05527434558544963
2024-06-05,US10Y,0.08119321219537998
2024-06-05,CN10Y,0.0013989796977104843
2024-06-06,000300.SH,-0.0026601596322972203
2024-06-06,SPX,-0.04171282017751561
2024-06-06,HSI,-0.02033361060806757
2024-06-06,N225,-0.004469860518154664
2024-06-06,SX5E,-0.004935497752684618
2024-06-06,000688.SH,-0.0029449583252407615
2024-06-06,SOX,-0.1037305799014282
2024-06-06,NDX,-0.06518288298987318
2024-06-06,XAU,-0.005168773766179731
2024-06-06,COPPER,-0.0007613800500052073
2024-06-06,WTI,0.13134190236606355
2024-06-06,BTC,0.050684702405288405
2024-06-06,ETH,-0.03118757550175892
2024-06-06,US10Y,0.10121271380416634
2024-06-06,CN10Y,-0.00015121935231357433
2024-06-07,000300.SH,0.009015985854057967
2024-06-07,SPX,-0.034145931142367254
2024-06-07,HSI,-0.012215043960067607
2024-06-07,N225,-0.005934015323447554
2024-06-07,SX5E,-0.0006766028700875238
2024-06-07,000688.SH,0.027769577085620695
2024-06-07,SOX,-0.07780867124149146
2024-06-07,NDX,-0.05173893047398038
2024-06-07,XAU,-0.012422715279881534
2024-06-07,COPPER,-0.008108884861676512
2024-06-07,WTI,0.10890561880356195
2024-06-07,BTC,0.012569879620313903
2024-06-07,ETH,-0.06655648940721968
2024-06-07,US10Y,0.09332710921214443
2024-06-07,CN10Y,0.018019113984519747
2024-06-11,000300.SH,0.022294118401887154
2024-06-11,SPX,-0.04642951721052691
2024-06-11,HSI,0.0020889214977627413
2024-06-11,N225,0.008923144651762742
2024-06-11,SX5E,-0.013897694369542243
2024-06-11,000688.SH,0.05991485060715971
2024-06-11,SOX,-0.08944017619611473
2024-06-11,NDX,-0.0678909677714138
2024-06-11,XAU,-0.0035950400603341343
2024-06-11,COPPER,0.02654545795423349
2024-06-11,WTI,0.08802189937914835
2024-06-11,BTC,-0.00856307482593887
2024-06-11,ETH,-0.06054675018950825
2024-06-11,US10Y,0.06701411754443728
2024-06-11,CN10Y,0.015560710586986692
2024-06-12,000300.SH,0.042540101075379484
2024-06-12,SPX,-0.0249603560034327
2024-06-12,HSI,0.04313283010380408
2024-06-12,N225,0.004700523552763732
2024-06-12,SX5E,0.019246514445539663
2024-06-12,000688.SH,0.033248631472831504
2024-06-12,SOX,-0.08937874226475298
2024-06-12,NDX,-0.04614422093639886
2024-06-12,XAU,-0.00397892717137305
2024-06-12,COPPER,0.017574454042541984
2024-06-12,WTI,0.008866304797742156
2024-06-12,BTC,0.015071417318406301
2024-06-12,ETH,-0.055947668033921066
2024-06-12,US10Y,0.026015389020032212
2024-06-12,CN10Y,0.010013748580836875
2024-06-13,000300.SH,0.03682516267035547
2024-06-13,SPX,-0.02953885066339786
2024-06-13,HSI,0.05648669315368903
2024-06-13,N225,-0.0019996763702767066
2024-06-13,SX5E,0.012906733085088063
2024-06-13,000688.SH,0.026958670155559517
2024-06-13,SOX,-0.10672501279455675
2024-06-13,NDX,-0.0542608919453146
2024-06-13,XAU,-0.005992372950214037
2024-06-13,COPPER,0.009086120535229352
2024-06-13,WTI,0.021315530513382783
2024-06-13,BTC,0.014465267555758455
2024-06-13,ETH,-0.04303212058758118
2024-06-13,US10Y,0.047827424523824505
2024-06-13,CN10Y,0.01567732311845313
2024-06-14,000300.SH,0.04854335027449315
2024-06-14,SPX,-0.030533369177378762
2024-06-14,HSI,0.06977219475357156
2024-06-14,N225,-0.0018821051196234056
2024-06-14,SX5E,0.03705645898063995
2024-06-14,000688.SH,0.025115975203882767
2024-06-14,SOX,-0.13192777861390176
2024-06-14,NDX,-0.06324129960054084
2024-06-14,XAU,0.020032264715224783
2024-06-14,COPPER,0.03635922965024249
2024-06-14,WTI,0.00856024570750114
2024-06-14,BTC,-0.013141518478780827
2024-06-14,ETH,-0.09531959661161803
2024-06-14,US10Y,0.06645492426061775
2024-06-14,CN10Y,0.02415102405566945
2024-06-17,000300.SH,0.04169058198873818
2024-06-17,SPX,-0.033271006299180686
2024-06-17,HSI,0.080051190417641
2024-06-17,N225,-0.008306310618223395
2024-06-17,SX5E,0.0526656260257818
2024-06-17,000688.SH,0.024259713621464132
2024-06-17,SOX,-0.13544270275476378
2024-06-17,NDX,-0.06931372956996112
2024-06-17,XAU,-0.00496584880932917
2024-06-17,COPPER,0.0546386893266375
2024-06-17,WTI,0.01729619095813828
2024-06-17,BTC,0.008543478640829934
2024-06-17,ETH,-0.11632690667092747
2024-06-17,US10Y,0.06985753995727699
2024-06-17,CN10Y,0.018623493785877368
2024-06-18,000300.SH,0.041678565176612024
2024-06-18,SPX,-0.03349419447722861
2024-06-18,HSI,0.08322325413462878
2024-06-18,N225,0.015459067095095713
2024-06-18,SX5E,0.04654181804843546
2024-06-18,000688.SH,0.01595804353553689
2024-06-18,SOX,-0.12841410835611367
2024-06-18,NDX,-0.0711036240764648
2024-06-18,XAU,0.013384858814265543
2024-06-18,COPPER,0.09631567392229323
2024-06-18,WTI,-0.014559719819764666
2024-06-18,BTC,-0.003559896933460212
2024-06-18,ETH,-0.12488248411781207
2024-06-18,US10Y,0.044388991315967845
2024-06-18,CN10Y,0.019063755738008014
2024-06-20,000300.SH,0.031388171038859845
2024-06-20,SPX,-0.029685433893618676
2024-06-20,HSI,0.09140647784592636
2024-06-20,N225,0.01566587349522531
2024-06-20,SX5E,0.03487991338657284
2024-06-20,000688.SH,-0.006556434264618162
2024-06-20,SOX,-0.12717664433163814
2024-06-20,NDX,-0.0628108960831736
2024-06-20,XAU,0.014864059939765188
2024-06-20,COPPER,0.08014846651331062
2024-06-20,WTI,-0.022614607101311635
2024-06-20,BTC,0.04436096147761451
2024-06-20,ETH,-0.1336561106871834
2024-06-20,US10Y,0.04004360836636213
2024-06-20,CN10Y,0.029742594297906412
2024-06-21,000300.SH,0.04980420677315437
2024-06-21,SPX,-0.029732959724801885
2024-06-21,HSI,0.06671681741608683
2024-06-21,N225,0.0030205198343442145
2024-06-21,SX5E,0.023318534728531657
2024-06-21,000688.SH,0.0006801580808301192
2024-06-21,SOX,-0.11646672057554767
2024-06-21,NDX,-0.06031777037208587
2024-06-21,XAU,0.017016913598893
2024-06-21,COPPER,0.10154763708980878
2024-06-21,WTI,-0.024033072637753256
2024-06-21,BTC,0.03883871992531047
2024-06-21,ETH,-0.13807563315847135
2024-06-21,US10Y,0.03864329651730207
2024-06-21,CN10Y,0.029039352504398274
2024-06-24,000300.SH,0.04411211419225852
2024-06-24,SPX,-0.0351079351093645
2024-06-24,HSI,0.04278938421678263
2024-06-24,N225,-0.0018988569481155463
2024-06-24,SX5E,0.019236998627965393
2024-06-24,000688.SH,-0.020313209847891374
2024-06-24,SOX,-0.11136172953564182
2024-06-24,NDX,-0.06272840774663636
2024-06-24,XAU,0.027279347538434803
2024-06-24,COPPER,0.11867377657320319
2024-06-24,WTI,-0.04135212618276218
2024-06-24,BTC,0.00785082584536332
2024-06-24,ETH,-0.03973468423667105
2024-06-24,US10Y,0.031312404539664426
2024-06-24,CN10Y,0.021242098073410785
2024-06-25,000300.SH,0.05190764612433687
2024-06-25,SPX,-0.03708907515719512
2024-06-25,HSI,0.037719387354450455
2024-06-25,N225,-0.014013962243499475
2024-06-25,SX5E,0.00431431089669925
2024-06-25,000688.SH,0.015598330558643066
2024-06-25,SOX,-0.07695881512148042
2024-06-25,NDX,-0.055540077661781456
2024-06-25,XAU,-0.0007977363377789926
2024-06-25,COPPER,0.053711334996424
2024-06-25,WTI,-0.06809090967726808
2024-06-25,BTC,0.0456724953481583
2024-06-25,ETH,-0.01870686059632161
2024-06-25,US10Y,0.03771774472305
2024-06-25,CN10Y,0.024556186793563594
2024-06-26,000300.SH,0.04726094184748375
2024-06-26,SPX,-0.04648616505079294
2024-06-26,HSI,0.02283307038005863
2024-06-26,N225,-0.008411728965430972
2024-06-26,SX5E,0.011590257793019886
2024-06-26,000688.SH,0.02958528878997284
2024-06-26,SOX,-0.09014478384587096
2024-06-26,NDX,-0.0690573504230998
2024-06-26,XAU,-0.01404091337486969
2024-06-26,COPPER,0.06497111927474403
2024-06-26,WTI,-0.05824025317355132
2024-06-26,BTC,0.022662440475321653
2024-06-26,ETH,0.007829321918553449
2024-06-26,US10Y,0.052406714055163985
2024-06-26,CN10Y,0.02724204029929775
2024-06-27,000300.SH,0.030321370406533522
2024-06-27,SPX,-0.03995078059803771
2024-06-27,HSI,0.010479124375004022
2024-06-27,N225,-0.03176300878333933
2024-06-27,SX5E,0.016168788944234253
2024-06-27,000688.SH,-0.00690298690552479
2024-06-27,SOX,-0.06601692404278177
2024-06-27,NDX,-0.060128698210258215
2024-06-27,XAU,-0.0014530790795499633
2024-06-27,COPPER,0.06343843453824195
2024-06-27,WTI,-0.04805935326663216
2024-06-27,BTC,0.05546322481064489
2024-06-27,ETH,0.012978388711295514
2024-06-27,US10Y,0.029094160823513453
2024-06-27,CN10Y,0.03633133827665658
2024-06-28,000300.SH,0.036470340306800283
2024-06-28,SPX,-0.04526040021499527
2024-06-28,HSI,0.031266650768913745
2024-06-28,N225,-0.02404853068437857
2024-06-28,SX5E,0.013709553872282815
2024-06-28,000688.SH,0.01904355798513444
2024-06-28,SOX,-0.05363578786351369
2024-06-28,NDX,-0.06493546802553142
2024-06-28,XAU,-0.00660987623648214
2024-06-28,COPPER,0.08772569020944677
2024-06-28,WTI,-0.0317359403825028
2024-06-28,BTC,-0.005782607298944226
2024-06-28,ETH,-0.04287086462830983
2024-06-28,US10Y,0.0516289438639241
2024-06-28,CN10Y,0.03503473832815626
2024-07-02,000300.SH,0.03806877276785929
2024-07-02,SPX,-0.04568982204562241
2024-07-02,HSI,0.020511108599786703
2024-07-02,N225,-0.03325499947055369
2024-07-02,SX5E,0.004944286156453981
2024-07-02,000688.SH,0.026347464534598696
2024-07-02,SOX,-0.07424879923600729
2024-07-02,NDX,-0.06309671424638466
2024-07-02,XAU,-0.014469860252561638
2024-07-02,COPPER,0.0638054765482835
2024-07-02,WTI,-0.03760352179917737
2024-07-02,BTC,0.03451569408042691
2024-07-02,ETH,-0.00011148750345839169
2024-07-02,US10Y,0.05254045986443051
2024-07-02,CN10Y,0.02774194200192626
2024-07-03,000300.SH,0.03294121427349827
2024-07-03,SPX,-0.0535497169825779
2024-07-03,HSI,0.018032989404318665
2024-07-03,N225,-0.05299410542112281
2024-07-03,SX5E,0.012123041827374132
2024-07-03,000688.SH,0.05747653233488493
2024-07-03,SOX,-0.07832130066309348
2024-07-03,NDX,-0.08036384414904357
2024-07-03,XAU,0.004541078788973182
2024-07-03,COPPER,0.040442538809030044
2024-07-03,WTI,-0.06995492386888356
2024-07-03,BTC,0.06876199130117246
2024-07-03,ETH,0.05694846619506934
2024-07-03,US10Y,0.025401161092512656
2024-07-03,CN10Y,0.018514877057887673
2024-07-05,000300.SH,0.03230550801971366
2024-07-05,SPX,-0.048695212793078105
2024-07-05,HSI,0.0020376509025043232
2024-07-05,N225,-0.052302060944626555
2024-07-05,SX5E,0.0019761306552787284
2024-07-05,000688.SH,0.05493648224216423
2024-07-05,SOX,-0.10216390753854326
2024-07-05,NDX,-0.08650340681438132
2024-07-05,XAU,-0.011861776038861075
2024-07-05,COPPER,0.015971539520497423
2024-07-05,WTI,-0.08312156968719055
2024-07-05,BTC,0.10350628028908693
2024-07-05,ETH,0.1196971564401055
2024-07-05,US10Y,0.033175426230391616
2024-07-05,CN10Y,0.02104175951693842
2024-07-08,000300.SH,0.04222678229979625
2024-07-08,SPX,-0.05795917428412535
2024-07-08,HSI,0.020905511126710075
2024-07-08,N225,-0.052662810611356595
2024-07-08,SX5E,-0.0009814906943144165
2024-07-08,000688.SH,0.0686310675249386
2024-07-08,SOX,-0.10930906586710817
2024-07-08,NDX,-0.10012223581454649
2024-07-08,XAU,-0.021932642445263693
2024-07-08,COPPER,-0.012613375894252953
2024-07-08,WTI,-0.12551929543515983
2024-07-08,BTC,0.14977251467870228
2024-07-08,ETH,0.16937698627213796
2024-07-08,US10Y,0.028430515587198668
2024-07-08,CN10Y,0.0017567135566438595
2024-07-09,000300.SH,0.058237780291097815
2024-07-09,SPX,-0.05748336352977505
2024-07-09,HSI,0.038879548643310925
2024-07-09,N225,-0.05136534319767288
2024-07-09,SX5E,-0.009300256702584598
2024-07-09,000688.SH,0.08251223538774596
2024-07-09,SOX,-0.13516646248292744
2024-07-09,NDX,-0.0995533869438561
2024-07-09,XAU,-0.01888606011293868
2024-07-09,COPPER,-0.029684822174228347
2024-07-09,WTI,-0.12664580022753233
2024-07-09,BTC,0.1742224493673746
2024-07-09,ETH,0.1686135538327227
2024-07-09,US10Y,0.010321728669159298
2024-07-09,CN10Y,-0.004701800819895612
2024-07-10,000300.SH,0.04063393561662761
2024-07-10,SPX,-0.04877052202903203
2024-07-10,HSI,0.03284339884648827
2024-07-10,N225,-0.08152970395586712
2024-07-10,SX5E,0.019099517885567012
2024-07-10,000688.SH,0.053469330183591485
2024-07-10,SOX,-0.09728980006670351
2024-07-10,NDX,-0.08336742307921405
2024-07-10,XAU,-0.010183451091333565
2024-07-10,COPPER,-0.008508643669237903
2024-07-10,WTI,-0.10322847188507268
2024-07-10,BTC,0.1424589336049379
2024-07-10,ETH,0.14708181469087048
2024-07-10,US10Y,-0.004090325481933808
2024-07-10,CN10Y,0.0013814104303122056
2024-07-11,000300.SH,0.043986514679107254
2024-07-11,SPX,-0.056676551298525446
2024-07-11,HSI,0.04225466591993486
2024-07-11,N225,-0.08060449034866608
2024-07-11,SX5E,0.01642050890165883
2024-07-11,000688.SH,0.04121635963912887
2024-07-11,SOX,-0.12450868167947847
2024-07-11,NDX,-0.09139560280598964
2024-07-11,XAU,-0.001849309690424928
2024-07-11,COPPER,0.004050333796525477
2024-07-11,WTI,-0.08959964206523385
2024-07-11,BTC,0.1553901831121283
2024-07-11,ETH,0.14041463805205134
2024-07-11,US10Y,-0.0016781985748622946
2024-07-11,CN10Y,0.0025792723626459433
2024-07-12,000300.SH,0.028682823146963746
2024-07-12,SPX,-0.04565041140254204
2024-07-12,HSI,0.022938186874675786
2024-07-12,N225,-0.08877757313279991
2024-07-12,SX5E,0.011817297636736473
2024-07-12,000688.SH,0.02485706904282356
2024-07-12,SOX,-0.0830772503891196
2024-07-12,NDX,-0.06508318833028148
2024-07-12,XAU,-0.05049991370114153
2024-07-12,COPPER,-0.023778840849743424
2024-07-12,WTI,-0.09671435787977613
2024-07-12,BTC,0.1675691887988597
2024-07-12,ETH,0.13882335542176383
2024-07-12,US10Y,0.05196459672192945
2024-07-12,CN10Y,0.006929018041651531
2024-07-16,000300.SH,0.019421265733087698
2024-07-16,SPX,-0.04363178338857898
2024-07-16,HSI,-0.01008450964824496
2024-07-16,N225,-0.05152099354259829
2024-07-16,SX5E,-0.016945677769205445
2024-07-16,000688.SH,0.0486812356251919
2024-07-16,SOX,-0.07655445213733336
2024-07-16,NDX,-0.056833775923167885
2024-07-16,XAU,-0.036337811497375076
2024-07-16,COPPER,-0.015844225226793678
2024-07-16,WTI,-0.04923908777364595
2024-07-16,BTC,0.13905362800401422
2024-07-16,ETH,0.09442117284529715
2024-07-16,US10Y,0.04780780071210314
2024-07-16,CN10Y,0.00760721398724936
2024-07-17,000300.SH,0.014395742690470784
2024-07-17,SPX,-0.03830318737716787
2024-07-17,HSI,0.012736452927526086
2024-07-17,N225,-0.056833269819803245
2024-07-17,SX5E,0.019232964683448497
2024-07-17,000688.SH,0.028926918944536327
2024-07-17,SOX,-0.04080404686164352
2024-07-17,NDX,-0.038820174251022174
2024-07-17,XAU,-0.05051897092558741
2024-07-17,COPPER,0.02400641531013837
2024-07-17,WTI,-0.026923582084626654
2024-07-17,BTC,0.05899622338736338
2024-07-17,ETH,0.05473139181655656
2024-07-17,US10Y,0.03231242524682695
2024-07-17,CN10Y,0.006864696312983423
2024-07-18,000300.SH,0.006996634126092775
2024-07-18,SPX,-0.02573723309897886
2024-07-18,HSI,0.020086102074278835
2024-07-18,N225,-0.058433274155104346
2024-07-18,SX5E,0.009294271460545
2024-07-18,000688.SH,0.03778326620260334
2024-07-18,SOX,0.03395888681887148
2024-07-18,NDX,-0.008950340712554922
2024-07-18,XAU,-0.05891613454902504
2024-07-18,COPPER,0.01726513121933452
2024-07-18,WTI,-0.06096370493157723
2024-07-18,BTC,0.039007500099848755
2024-07-18,ETH,0.027066613854839446
2024-07-18,US10Y,0.01781141437838063
2024-07-18,CN10Y,0.00373086721244533
2024-07-19,000300.SH,0.005075496058847431
2024-07-19,SPX,-0.020555443865969247
2024-07-19,HSI,0.006993267935535527
2024-07-19,N225,-0.03382015604526746
2024-07-19,SX5E,-0.006946704515692214
2024-07-19,000688.SH,0.022399888992892653
2024-07-19,SOX,0.03331679749033371
2024-07-19,NDX,-0.003123818547263433
2024-07-19,XAU,-0.04280438858681137
2024-07-19,COPPER,0.05143456579218282
2024-07-19,WTI,-0.03353245797202832
2024-07-19,BTC,0.021171142787688745
2024-07-19,ETH,0.006913393127228246
2024-07-19,US10Y,-0.0013563360821967421
2024-07-19,CN10Y,-0.005165246569480548
2024-07-22,000300.SH,-0.0025862390341251608
2024-07-22,SPX,-0.009521988134080256
2024-07-22,HSI,0.02060681540543518
2024-07-22,N225,-0.05211626851410509
2024-07-22,SX5E,0.007505759818774672
2024-07-22,000688.SH,0.006805244017605579
2024-07-22,SOX,0.06129548059305309
2024-07-22,NDX,0.013101874090650811
2024-07-22,XAU,-0.03478355421774794
2024-07-22,COPPER,0.04277557444576706
2024-07-22,WTI,0.01570442004459803
2024-07-22,BTC,-0.035216708627479394
2024-07-22,ETH,-0.03748070691433119
2024-07-22,US10Y,0.005504145533376581
2024-07-22,CN10Y,-0.00159384850739203
2024-07-23,000300.SH,0.007630862801003974
2024-07-23,SPX,-0.015594432577496785
2024-07-23,HSI,0.008979350716182785
2024-07-23,N225,-0.029190086151453586
2024-07-23,SX5E,0.0013614990203245532
2024-07-23,000688.SH,0.0038701167479275444
2024-07-23,SOX,0.040266806877254674
2024-07-23,NDX,0.0011594498858788597
2024-07-23,XAU,-0.026234094712092378
2024-07-23,COPPER,0.06225105503735806
2024-07-23,WTI,0.03166023216767057
2024-07-23,BTC,-0.060608155912554376
2024-07-23,ETH,-0.016871656066403694
2024-07-23,US10Y,-0.011014544915222493
2024-07-23,CN10Y,0.0023335970816221394
2024-07-24,000300.SH,0.014273564513934661
2024-07-24,SPX,-0.02329835098510387
2024-07-24,HSI,0.03392912257119316
2024-07-24,N225,-0.028831710849553698
2024-07-24,SX5E,-0.00011677772781558751
2024-07-24,000688.SH,0.039975399774418253
2024-07-24,SOX,0.011213369570247104
2024-07-24,NDX,-0.012808515690818117
2024-07-24,XAU,-0.025663359114549346
2024-07-24,COPPER,0.07574562493943893
2024-07-24,WTI,0.04389318181013107
2024-07-24,BTC,-0.0702106264790087
2024-07-24,ETH,-0.060042563126003784
2024-07-24,US10Y,-0.0009500948694983317
2024-07-24,CN10Y,0.0028917356629884483
2024-07-25,000300.SH,0.014717946810136218
2024-07-25,SPX,-0.010671242089443509
2024-07-25,HSI,0.020864117313566327
2024-07-25,N225,-0.024216274506247165
2024-07-25,SX5E,-0.0010426889543046379
2024-07-25,000688.SH,0.049781728775936236
2024-07-25,SOX,0.030281443937049318
2024-07-25,NDX,0.008127592280550797
2024-07-25,XAU,-0.04263759709675888
2024-07-25,COPPER,0.05896300747481031
2024-07-25,WTI,0.03325334625143816
2024-07-25,BTC,-0.09318106377174037
2024-07-25,ETH,-0.04345490613516344
2024-07-25,US10Y,-0.006280097476856519
2024-07-25,CN10Y,0.005494687187027656
2024-07-26,000300.SH,0.013844799551914918
2024-07-26,SPX,-0.011135106655778618
2024-07-26,HSI,0.041214867590585715
2024-07-26,N225,0.010010810749026863
2024-07-26,SX5E,0.01757337516995244
2024-07-26,000688.SH,0.021167879041417644
2024-07-26,SOX,0.013236834032191658
2024-07-26,NDX,0.0032995436011828546
2024-07-26,XAU,-0.023137257588962776
2024-07-26,COPPER,0.048321839909665106
2024-07-26,WTI,0.037066006686101924
2024-07-26,BTC,-0.15041990231483202
2024-07-26,ETH,-0.02966465292817535
2024-07-26,US10Y,-0.002144675184201093
2024-07-26,CN10Y,0.010765638339911267
2024-07-29,000300.SH,0.007179664489022695
2024-07-29,SPX,-0.01439218123676313
2024-07-29,HSI,0.046387057680526145
2024-07-29,N225,0.027762493254438067
2024-07-29,SX5E,0.006461768137632851
2024-07-29,000688.SH,-0.014076406806433645
2024-07-29,SOX,0.021458604413442998
2024-07-29,NDX,0.010420803788909989
2024-07-29,XAU,-0.03567260323437775
2024-07-29,COPPER,0.04329451487637478
2024-07-29,WTI,0.050622418002979334
2024-07-29,BTC,-0.14486039324267871
2024-07-29,ETH,-0.03015823965979665
2024-07-29,US10Y,0.008655809795554558
2024-07-29,CN10Y,0.016916689741168868
2024-07-30,000300.SH,0.018480344273497394
2024-07-30,SPX,-0.015228822450659592
2024-07-30,HSI,0.03248297117044506
2024-07-30,N225,0.018146883840409914
2024-07-30,SX5E,0.01095155533882911
2024-07-30,000688.SH,0.01902366912197835
2024-07-30,SOX,0.017592062335102063
2024-07-30,NDX,0.008721620334053617
2024-07-30,XAU,-0.0651575857168458
2024-07-30,COPPER,0.04446845052348321
2024-07-30,WTI,0.057827561478908614
2024-07-30,BTC,-0.15114046264361314
2024-07-30,ETH,-0.061235250466336814
2024-07-30,US10Y,0.03726821697041862
2024-07-30,CN10Y,0.027798785890329834
2024-07-31,000300.SH,0.014955309776335841
2024-07-31,SPX,-0.01364296327454546
2024-07-31,HSI,0.022061746780727726
2024-07-31,N225,0.005724318554779708
2024-07-31,SX5E,0.00036122392462088586
2024-07-31,000688.SH,-0.006741876016591746
2024-07-31,SOX,0.03966741266036681
2024-07-31,NDX,0.018079528131182025
2024-07-31,XAU,-0.06697312073736543
2024-07-31,COPPER,0.030642864769110607
2024-07-31,WTI,0.07766342044330794
2024-07-31,BTC,-0.14005646353766438
2024-07-31,ETH,-0.04331377619175929
2024-07-31,US10Y,0.036359556907464036
2024-07-31,CN10Y,0.025212817810031353
2024-08-02,000300.SH,0.0043062470051502735
2024-08-02,SPX,-0.018828922019268685
2024-08-02,HSI,0.017082711904042917
2024-08-02,N225,0.006312162859758554
2024-08-02,SX5E,0.000979516196637862
2024-08-02,000688.SH,-0.04628060322285729
2024-08-02,SOX,0.020047984069079698
2024-08-02,NDX,0.005160483114978267
2024-08-02,XAU,-0.06985003968220657
2024-08-02,COPPER,0.03616684201540529
2024-08-02,WTI,0.036083067611919664
2024-08-02,BTC,-0.09479722686756993
2024-08-02,ETH,0.015358883352127761
2024-08-02,US10Y,0.06241376355584219
2024-08-02,CN10Y,0.0258451301069601
2024-08-05,000300.SH,0.002755282876721889
2024-08-05,SPX,-0.01788414889583813
2024-08-05,HSI,0.0034047890829831066
2024-08-05,N225,0.05234099778534079
2024-08-05,SX5E,0.015312685525095595
2024-08-05,000688.SH,-0.06797888999550696
2024-08-05,SOX,0.032148756530164746
2024-08-05,NDX,0.009820121476472907
2024-08-05,XAU,-0.09346100992177109
2024-08-05,COPPER,0.01446801121454725
2024-08-05,WTI,0.07685040579825264
2024-08-05,BTC,-0.13063511428900992
2024-08-05,ETH,-0.06686212397963769
2024-08-05,US10Y,0.1288867542577856
2024-08-05,CN10Y,0.04083348253440051
2024-08-06,000300.SH,-0.004738924668344149
2024-08-06,SPX,-0.01616472610274178
2024-08-06,HSI,0.0033298736922210866
2024-08-06,N225,0.12470092011565487
2024-08-06,SX5E,0.01503062588849538
2024-08-06,000688.SH,-0.06149137753877469
2024-08-06,SOX,-0.012911954156643854
2024-08-06,NDX,0.002075966860921156
2024-08-06,XAU,-0.08980119104439588
2024-08-06,COPPER,0.029217623690115962
2024-08-06,WTI,0.06066195655944215
2024-08-06,BTC,-0.131978953125978
2024-08-06,ETH,-0.05623952469431499
2024-08-06,US10Y,0.10377254462223293
2024-08-06,CN10Y,0.03453713990211163
2024-08-07,000300.SH,-0.006913239099049201
2024-08-07,SPX,-0.006016858011311262
2024-08-07,HSI,0.011302241713947529
2024-08-07,N225,0.05738489414998099
2024-08-07,SX5E,0.028993561289321464
2024-08-07,000688.SH,-0.07013057131004967
2024-08-07,SOX,0.014062328584438125
2024-08-07,NDX,0.02283034773157217
2024-08-07,XAU,-0.055771275024188036
2024-08-07,COPPER,0.07826448949438712
2024-08-07,WTI,0.08208512489721524
2024-08-07,BTC,-0.17468819942376312
2024-08-07,ETH,-0.08794444519098951
2024-08-07,US10Y,0.05996360403242235
2024-08-07,CN10Y,0.046577996166067254
2024-08-08,000300.SH,-0.015961860951939508
2024-08-08,SPX,0.0012463762278036366
2024-08-08,HSI,-0.017678212561686765
2024-08-08,N225,0.036582880137970016
2024-08-08,SX5E,0.00574331212400625
2024-08-08,000688.SH,-0.07282565615075992
2024-08-08,SOX,0.060303545714573845
2024-08-08,NDX,0.0348648737620475
2024-08-08,XAU,-0.06595758779368921
2024-08-08,COPPER,0.085234958836285
2024-08-08,WTI,0.033112827467414396
2024-08-08,BTC,-0.1571868661760388
2024-08-08,ETH,-0.027649441338155396
2024-08-08,US10Y,0.043347150606799265
2024-08-08,CN10Y,0.05682370009537113
2024-08-09,000300.SH,0.004279294813411921
2024-08-09,SPX,-0.0009601103894570423
2024-08-09,HSI,-0.008850697420223054
2024-08-09,N225,0.10575750957745667
2024-08-09,SX5E,0.0057962645214790845
2024-08-09,000688.SH,-0.03229611329131658
2024-08-09,SOX,0.04289966986030708
2024-08-09,NDX,0.03209437561842804
2024-08-09,XAU,-0.07167653945486299
2024-08-09,COPPER,0.08499235432974903
2024-08-09,WTI,0.030848303751342787
2024-08-09,BTC,-0.19904448960348178
2024-08-09,ETH,-0.07864194638627947
2024-08-09,US10Y,0.05163396040321579
2024-08-09,CN10Y,0.03316816367023184
2024-08-13,000300.SH,0.003063436708884655
2024-08-13,SPX,0.0007417487958762811
2024-08-13,HSI,-0.028439934049751318
2024-08-13,N225,0.10271343534134462
2024-08-13,SX5E,0.012801797688318291
2024-08-13,000688.SH,-0.02784353404399588
2024-08-13,SOX,0.06249828060224232
2024-08-13,NDX,0.03215711574141744
2024-08-13,XAU,-0.0740365183479786
2024-08-13,COPPER,0.08014900076249731
2024-08-13,WTI,0.022930753202491303
2024-08-13,BTC,-0.20805520045509326
2024-08-13,ETH,-0.06199409976185682
2024-08-13,US10Y,0.058848641624145756
2024-08-13,CN10Y,0.024465076191459344
2024-08-14,000300.SH,0.019131239870512542
2024-08-14,SPX,-0.012398714815848953
2024-08-14,HSI,-0.004167841434248204
2024-08-14,N225,0.10102341340408381
2024-08-14,SX5E,0.020318482710150368
2024-08-14,000688.SH,-0.015587637726077052
2024-08-14,SOX,0.01020627662468285
2024-08-14,NDX,0.00031123904238503086
2024-08-14,XAU,-0.06164356389432414
2024-08-14,COPPER,0.06094778426797105
2024-08-14,WTI,0.015473341151149761
2024-08-14,BTC,-0.17132929313926631
2024-08-14,ETH,-0.04300063762395306
2024-08-14,US10Y,0.06843777752183645
2024-08-14,CN10Y,0.012278134040947039
2024-08-15,000300.SH,0.02488475441835431
2024-08-15,SPX,-0.018133982654207702
2024-08-15,HSI,0.018895867061377716
2024-08-15,N225,0.059015480055434805
2024-08-15,SX5E,0.02172878741016397
2024-08-15,000688.SH,-0.005497289438634969
2024-08-15,SOX,0.006403093035569733
2024-08-15,NDX,-0.004965386268154108
2024-08-15,XAU,-0.06181523322800569
2024-08-15,COPPER,0.06750562615000053
2024-08-15,WTI,0.01974920536169899
2024-08-15,BTC,-0.15741326439582223
2024-08-15,ETH,-0.057726492327181855
2024-08-15,US10Y,0.06586804209585326
2024-08-15,CN10Y,0.021500792723554665
2024-08-16,000300.SH,0.02260561628378597
2024-08-16,SPX,-0.02694280511680753
2024-08-16,HSI,-0.017643724120096807
2024-08-16,N225,0.06190842211055229
2024-08-16,SX5E,-0.014889837028412041
2024-08-16,000688.SH,0.008421901264081063
2024-08-16,SOX,-0.037932109376458065
2024-08-16,NDX,-0.028692435225980518
2024-08-16,XAU,-0.047048978799824774
2024-08-16,COPPER,0.010083978015847435
2024-08-16,WTI,0.005905963624051559
2024-08-16,BTC,-0.03984866391237433
2024-08-16,ETH,0.04276724456312868
2024-08-16,US10Y,0.04364111082670756
2024-08-16,CN10Y,0.017664316891801295
2024-08-19,000300.SH,0.026527559417957983
2024-08-19,SPX,-0.03205593363104017
2024-08-19,HSI,-0.0263382277928651
2024-08-19,N225,0.03349559662803566
2024-08-19,SX5E,-0.02633127760415668
2024-08-19,000688.SH,0.011848828776625818
2024-08-19,SOX,-0.07830999503806767
2024-08-19,NDX,-0.043740911940566035
2024-08-19,XAU,-0.06205580241487379
2024-08-19,COPPER,0.013308331893531568
2024-08-19,WTI,0.05911933276500755
2024-08-19,BTC,-0.032399113358046606
2024-08-19,ETH,0.08217813664692465
2024-08-19,US10Y,0.05211742044677428
2024-08-19,CN10Y,0.022636055204759937
2024-08-20,000300.SH,0.030507219090894693
2024-08-20,SPX,-0.04447122315821146
2024-08-20,HSI,-0.02765092735376606
2024-08-20,N225,0.033274977942795644
2024-08-20,SX5E,-0.033904357387709645
2024-08-20,000688.SH,0.02520372265828308
2024-08-20,SOX,-0.08946899080948309
2024-08-20,NDX,-0.0545250396953701
2024-08-20,XAU,-0.06199164133407528
2024-08-20,COPPER,-0.02476799644198344
2024-08-20,WTI,0.05735927984482869
2024-08-20,BTC,-0.022193476163349712
2024-08-20,ETH,0.10743766055165106
2024-08-20,US10Y,0.0707781168038152
2024-08-20,CN10Y,0.03441267545168162
2024-08-21,000300.SH,0.04129869513034772
2024-08-21,SPX,-0.052912858429428423
2024-08-21,HSI,-0.045724138180621175
2024-08-21,N225,0.005326507349972833
2024-08-21,SX5E,-0.04206869665107223
2024-08-21,000688.SH,0.054952329443743446
2024-08-21,SOX,-0.10635651941702141
2024-08-21,NDX,-0.06594995893657275
2024-08-21,XAU,-0.08564737020494465
2024-08-21,COPPER,-0.024248131461100664
2024-08-21,WTI,0.03674391852499857
2024-08-21,BTC,0.018102389711411565
2024-08-21,ETH,0.1402319680649021
2024-08-21,US10Y,0.09038959484681107
2024-08-21,CN10Y,0.03586227020857524
2024-08-22,000300.SH,0.038199028190244955
2024-08-22,SPX,-0.04619368571177082
2024-08-22,HSI,-0.027790151891927153
2024-08-22,N225,0.0008140103952243068
2024-08-22,SX5E,-0.032943394381680466
2024-08-22,000688.SH,0.06269885868268182
2024-08-22,SOX,-0.07909403531821042
2024-08-22,NDX,-0.0557537401042328
2024-08-22,XAU,-0.08782528883208568
2024-08-22,COPPER,-0.045384072719725194
2024-08-22,WTI,0.048983695816614235
2024-08-22,BTC,-0.0072418075181929185
2024-08-22,ETH,0.09798146209351521
2024-08-22,US10Y,0.10248440976683834
2024-08-22,CN10Y,0.031064711532707907
2024-08-23,000300.SH,0.02054286056994465
2024-08-23,SPX,-0.036069435228935624
2024-08-23,HSI,-0.04666531501007812
2024-08-23,N225,-0.009213109566701173
2024-08-23,SX5E,-0.02766967126164218
2024-08-23,000688.SH,0.030467746721127863
2024-08-23,SOX,-0.0531521393535366
2024-08-23,NDX,-0.038422184096409184
2024-08-23,XAU,-0.0670263089089793
2024-08-23,COPPER,-0.0332386831607004
2024-08-23,WTI,0.025105132299627957
2024-08-23,BTC,-0.003935538827767551
2024-08-23,ETH,0.13066236535421044
2024-08-23,US10Y,0.07922461182174162
2024-08-23,CN10Y,0.02938966864809868
2024-08-26,000300.SH,0.01975582389828513
2024-08-26,SPX,-0.047150584501375256
2024-08-26,HSI,-0.03633903712713174
2024-08-26,N225,0.004940225898415775
2024-08-26,SX5E,-0.029282725206118396
2024-08-26,000688.SH,0.034139171749173004
2024-08-26,SOX,-0.07465944378487176
2024-08-26,NDX,-0.05362557111933044
2024-08-26,XAU,-0.06653367679919181
2024-08-26,COPPER,-0.04292950236539651
2024-08-26,WTI,0.011875320341456917
2024-08-26,BTC,0.000915818507203757
2024-08-26,ETH,0.13747427969944515
2024-08-26,US10Y,0.10360500060654845
2024-08-26,CN10Y,0.037814900202888115
2024-08-27,000300.SH,0.017003657201026257
2024-08-27,SPX,-0.04414010905838993
2024-08-27,HSI,-0.05832920467660042
2024-08-27,N225,-0.02085138457977667
2024-08-27,SX5E,-0.03408991339050563
2024-08-27,000688.SH,0.04100936618388545
2024-08-27,SOX,-0.05712605170216315
2024-08-27,NDX,-0.04616202694560123
2024-08-27,XAU,-0.07732565507280398
2024-08-27,COPPER,-0.025787483555609617
2024-08-27,WTI,-0.005814679250773686
2024-08-27,BTC,0.04453666209625813
2024-08-27,ETH,0.1463497895890295
2024-08-27,US10Y,0.09538366096245356
2024-08-27,CN10Y,0.02534337219957152
2024-08-28,000300.SH,0.02141793115398493
2024-08-28,SPX,-0.04427418460088199
2024-08-28,HSI,-0.06829639054445696
2024-08-28,N225,-0.04500306830351356
2024-08-28,SX5E,-0.030369769168501863
2024-08-28,000688.SH,0.05449336370827804
2024-08-28,SOX,-0.074015831935176
2024-08-28,NDX,-0.05289675069542163
2024-08-28,XAU,-0.07728768204357495
2024-08-28,COPPER,-0.06129024706257262
2024-08-28,WTI,-0.017718239002766905
2024-08-28,BTC,0.10117835219466498
2024-08-28,ETH,0.21902533118814257
2024-08-28,US10Y,0.07418988292445361
2024-08-28,CN10Y,0.0008473021873427085
2024-08-29,000300.SH,0.020158680192042797
2024-08-29,SPX,-0.04088490981647143
2024-08-29,HSI,-0.04661593531015535
2024-08-29,N225,-0.03390764299389297
2024-08-29,SX5E,-0.04529568176563264
2024-08-29,000688.SH,0.03882566738708962
2024-08-29,SOX,-0.06816108237242036
2024-08-29,NDX,-0.043827536820159434
2024-08-29,XAU,-0.052338974853562495
2024-08-29,COPPER,-0.047011542419618524
2024-08-29,WTI,-0.009225532537982542
2024-08-29,BTC,0.08167940953910141
2024-08-29,ETH,0.19092951593203825
2024-08-29,US10Y,0.061897357713882474
2024-08-29,CN10Y,-0.006221791874258385
2024-08-30,000300.SH,0.020478324245778827
2024-08-30,SPX,-0.03761140253624714
2024-08-30,HSI,-0.05924506719664564
2024-08-30,N225,-0.02280884240529072
2024-08-30,SX5E,-0.04547681201427321
2024-08-30,000688.SH,0.03530417022108957
2024-08-30,SOX,-0.07957774945230597
2024-08-30,NDX,-0.044512939451794076
2024-08-30,XAU,-0.04146371845284391
2024-08-30,COPPER,-0.03648655582014984
2024-08-30,WTI,-0.03679103195396299
2024-08-30,BTC,0.09302049962366218
2024-08-30,ETH,0.2160766202730981
2024-08-30,US10Y,0.049650889522529475
2024-08-30,CN10Y,-0.010556384602644514
2024-09-03,000300.SH,0.02184543408485356
2024-09-03,SPX,-0.04226162919042229
2024-09-03,HSI,-0.0626068594306737
2024-09-03,N225,-0.01707513882136591
2024-09-03,SX5E,-0.04317972645987332
2024-09-03,000688.SH,0.05207994317925181
2024-09-03,SOX,-0.0647376881445576
2024-09-03,NDX,-0.04380985337016234
2024-09-03,XAU,-0.029062793562394947
2024-09-03,COPPER,-0.030703342756170423
2024-09-03,WTI,0.03496255182319707
2024-09-03,BTC,0.04602303469364363
2024-09-03,ETH,0.15819416121540344
2024-09-03,US10Y,0.031619198965563186
2024-09-03,CN10Y,-0.011287292226291613
2024-09-04,000300.SH,0.029684350697931912
2024-09-04,SPX,-0.03820902371874548
2024-09-04,HSI,-0.04596532431540143
2024-09-04,N225,-0.09081012523128021
2024-09-04,SX5E,-0.06295488908992898
2024-09-04,000688.SH,0.06476702784054274
2024-09-04,SOX,-0.05397733608179227
2024-09-04,NDX,-0.03540023871178609
2024-09-04,XAU,-0.016968103290737932
2024-09-04,COPPER,0.005488932802783418
2024-09-04,WTI,0.04161652897791039
2024-09-04,BTC,0.04967666120101169
2024-09-04,ETH,0.17216411663373715
2024-09-04,US10Y,-0.012719495374943393
2024-09-04,CN10Y,-0.006393082339301458
2024-09-05,000300.SH,0.03855479343520421
2024-09-05,SPX,-0.03929826808179376
2024-09-05,HSI,-0.027380698442399803
2024-09-05,N225,-0.11806430308331023
2024-09-05,SX5E,-0.04161411351511958
2024-09-05,000688.SH,0.06140243724816812
2024-09-05,SOX,-0.008566502474611826
2024-09-05,NDX,-0.025414256813329136
2024-09-05,XAU,-0.013861668493635619
2024-09-05,COPPER,0.00705259604796599
2024-09-05,WTI,0.07230588103253496
2024-09-05,BTC,-0.008800102517520596
2024-09-05,ETH,0.08652209743977093
2024-09-05,US10Y,0.01183946072172815
2024-09-05,CN10Y,0.005322647496347742
2024-09-09,000300.SH,0.029133155667425262
2024-09-09,SPX,-0.04103468477122191
2024-09-09,HSI,-0.0395399232080328
2024-09-09,N225,-0.037399165412858405
2024-09-09,SX5E,-0.04530785262992972
2024-09-09,000688.SH,0.06338906493889167
2024-09-09,SOX,-0.030348450136289028
2024-09-09,NDX,-0.03637844438380697
2024-09-09,XAU,-0.038654224172021266
2024-09-09,COPPER,-0.019976965501019385
2024-09-09,WTI,0.047173894303087084
2024-09-09,BTC,0.017990913706782012
2024-09-09,ETH,0.07700692174140282
2024-09-09,US10Y,0.04582795458549661
2024-09-09,CN10Y,0.008117805272093862
2024-09-10,000300.SH,0.04661113409849122
2024-09-10,SPX,-0.0472265459970696
2024-09-10,HSI,-0.0130605760679217
2024-09-10,N225,-0.0203718125505123
2024-09-10,SX5E,-0.020000227738797446
2024-09-10,000688.SH,0.07474247922232782
2024-09-10,SOX,-0.0493463305381707
2024-09-10,NDX,-0.03982570364912158
2024-09-10,XAU,-0.03973615086972618
2024-09-10,COPPER,-0.04347947940077999
2024-09-10,WTI,0.08481879754707274
2024-09-10,BTC,-0.024878358280431428
2024-09-10,ETH,0.018671165352105137
2024-09-10,US10Y,0.06654227570682159
2024-09-10,CN10Y,0.006539333165712252
2024-09-11,000300.SH,0.03550773674488332
2024-09-11,SPX,-0.0518954471165449
2024-09-11,HSI,-0.028552869035030737
2024-09-11,N225,-0.07066428260241431
2024-09-11,SX5E,-0.029226965694755185
2024-09-11,000688.SH,0.05112601277502926
2024-09-11,SOX,-0.05119300466187705
2024-09-11,NDX,-0.049931521934422775
2024-09-11,XAU,-0.03960487901364102
2024-09-11,COPPER,-0.04473189856249535
2024-09-11,WTI,0.11497462332728695
2024-09-11,BTC,0.013182422070914402
2024-09-11,ETH,0.04918137874007447
2024-09-11,US10Y,0.07583262595224657
2024-09-11,CN10Y,0.025996069010746484
2024-09-12,000300.SH,0.037282726416403004
2024-09-12,SPX,-0.05337985691599135
2024-09-12,HSI,-0.0072453957275026605
2024-09-12,N225,-0.041751140749760565
2024-09-12,SX5E,-0.0283632822450639
2024-09-12,000688.SH,0.04383693620208126
2024-09-12,SOX,-0.0924538561454371
2024-09-12,NDX,-0.060010671775301776
2024-09-12,XAU,-0.033768409132114305
2024-09-12,COPPER,-0.05607651697436444
2024-09-12,WTI,0.11387679855531377
2024-09-12,BTC,0.017235282429903583
2024-09-12,ETH,0.05515037169536135
2024-09-12,US10Y,0.06593221718611017
2024-09-12,CN10Y,0.03973479718036303
2024-09-13,000300.SH,0.04084972191658259
2024-09-13,SPX,-0.047917807878122214
2024-09-13,HSI,-0.013191468277089249
2024-09-13,N225,-0.050097487456427
2024-09-13,SX5E,-0.03730137565364435
2024-09-13,000688.SH,0.057444250997652574
2024-09-13,SOX,-0.04975793886847679
2024-09-13,NDX,-0.04832382342424124
2024-09-13,XAU,-0.041795335057306385
2024-09-13,COPPER,-0.05298840871000935
2024-09-13,WTI,0.10772515349946923
2024-09-13,BTC,-0.01426468656481064
2024-09-13,ETH,0.06166029167872383
2024-09-13,US10Y,0.03439206303810261
2024-09-13,CN10Y,0.05356685075959654
2024-09-19,000300.SH,0.041655088619208566
2024-09-19,SPX,-0.04041004297485668
2024-09-19,HSI,-0.019328472880209023
2024-09-19,N225,-0.0193505636300526
2024-09-19,SX5E,-0.030677843146301197
2024-09-19,000688.SH,0.05718269127321851
2024-09-19,SOX,-0.04387475624428936
2024-09-19,NDX,-0.0396241665875
2024-09-19,XAU,-0.05169649556384785
2024-09-19,COPPER,-0.051491826389289015
2024-09-19,WTI,0.10939945244740337
2024-09-19,BTC,-0.05967503716586982
2024-09-19,ETH,0.052021643376477855
2024-09-19,US10Y,0.04017122861559063
2024-09-19,CN10Y,0.05569910025031662
2024-09-20,000300.SH,0.04377304059642552
2024-09-20,SPX,-0.03247665557988702
2024-09-20,HSI,-0.05196747629344177
2024-09-20,N225,-0.014615546635668199
2024-09-20,SX5E,-0.029067747584423296
2024-09-20,000688.SH,0.0787265654335186
2024-09-20,SOX,0.006708249464905655
2024-09-20,NDX,-0.02175833502637131
2024-09-20,XAU,-0.048098048771849464
2024-09-20,COPPER,-0.052383264559191706
2024-09-20,WTI,0.07218119549185131
2024-09-20,BTC,-0.1009602569585418
2024-09-20,ETH,0.02587522902408293
2024-09-20,US10Y,0.05039314695498807
2024-09-20,CN10Y,0.07366990444360239
2024-09-24,000300.SH,0.04265711590606728
2024-09-24,SPX,-0.030273229299839548
2024-09-24,HSI,-0.04753609539704867
2024-09-24,N225,0.0022980228746984667
2024-09-24,SX5E,-0.008848038774314414
2024-09-24,000688.SH,0.07896757787523279
2024-09-24,SOX,0.014475151722081645
2024-09-24,NDX,-0.02083081872866841
2024-09-24,XAU,-0.04248705321320443
2024-09-24,COPPER,-0.049282326188297185
2024-09-24,WTI,0.050900569253396546
2024-09-24,BTC,-0.08780956191940567
2024-09-24,ETH,-0.015020108679058921
2024-09-24,US10Y,0.04197910426206279
2024-09-24,CN10Y,0.07080969030629768
2024-09-25,000300.SH,0.007814711793362183
2024-09-25,SPX,-0.012379138665022498
2024-09-25,HSI,-0.07007562558326186
2024-09-25,N225,0.0036446069199816723
2024-09-25,SX5E,-0.007321553091824433
2024-09-25,000688.SH,0.060470358725816666
2024-09-25,SOX,0.05082794297406336
2024-09-25,NDX,0.0031867733133459503
2024-09-25,XAU,-0.050872503610893086
2024-09-25,COPPER,-0.0699999633367942
2024-09-25,WTI,0.037562869422023915
2024-09-25,BTC,-0.058420131038220816
2024-09-25,ETH,0.012416749523004634
2024-09-25,US10Y,0.041241338989189136
2024-09-25,CN10Y,0.051903563665229135
2024-09-26,000300.SH,-0.01404184196818515
2024-09-26,SPX,-0.010958007646778161
2024-09-26,HSI,-0.07992984595923462
2024-09-26,N225,0.027144942601380895
2024-09-26,SX5E,-0.004412328519627313
2024-09-26,000688.SH,0.04698331251806747
2024-09-26,SOX,0.03371839944370564
2024-09-26,NDX,0.0016227383159819336
2024-09-26,XAU,-0.04563808488243437
2024-09-26,COPPER,-0.06916131981645332
2024-09-26,WTI,0.052162497223973286
2024-09-26,BTC,-0.042997572566965646
2024-09-26,ETH,0.025848426258801835
2024-09-26,US10Y,0.018192231410529138
2024-09-26,CN10Y,0.06146645358723808
2024-09-27,000300.SH,-0.049949963019975195
2024-09-27,SPX,0.0010963593578080504
2024-09-27,HSI,-0.11753567639660727
2024-09-27,N225,0.019222873275429826
2024-09-27,SX5E,-0.01316081180963977
2024-09-27,000688.SH,0.018648080352592515
2024-09-27,SOX,0.04549519672603737
2024-09-27,NDX,0.01610831402033221
2024-09-27,XAU,-0.04604943878028454
2024-09-27,COPPER,-0.08147748749973097
2024-09-27,WTI,0.08015027977462005
2024-09-27,BTC,-0.00549308109265239
2024-09-27,ETH,0.06838781182211856
2024-09-27,US10Y,0.01856391993836118
2024-09-27,CN10Y,0.045993623331589926
2024-09-30,000300.SH,-0.08682411629803258
2024-09-30,SPX,0.00715408562222519
2024-09-30,HSI,-0.12764770045251603
2024-09-30,N225,0.030486881807414302
2024-09-30,SX5E,-0.009963980517133753
2024-09-30,000688.SH,-0.04242763268530566
2024-09-30,SOX,0.06611489214834897
2024-09-30,NDX,0.0235585745764467
2024-09-30,XAU,-0.04561274127503975
2024-09-30,COPPER,-0.06915336035194283
2024-09-30,WTI,0.0886425528655373
2024-09-30,BTC,0.012005806459479074
2024-09-30,ETH,0.09516774991247015
2024-09-30,US10Y,0.05641587186982152
2024-09-30,CN10Y,0.0020831163182267465
2024-10-08,000300.SH,-0.16593112021638604
2024-10-08,SPX,0.009805711445049513
2024-10-08,HSI,-0.15315341253735637
2024-10-08,N225,0.07291093741969379
2024-10-08,SX5E,0.0054702064846921805
2024-10-08,000688.SH,-0.2207063408986813
2024-10-08,SOX,0.09022018226122754
2024-10-08,NDX,0.02642556242824449
2024-10-08,XAU,-0.029041842275253915
2024-10-08,COPPER,-0.049545280846161846
2024-10-08,WTI,0.11758122483784367
2024-10-08,BTC,0.09641600880876033
2024-10-08,ETH,0.16395721936138835
2024-10-08,US10Y,0.025928678839127806
2024-10-08,CN10Y,0.00966226488781129
2024-10-09,000300.SH,-0.20901860061584296
2024-10-09,SPX,0.025482169559516727
2024-10-09,HSI,-0.11888640228663558
2024-10-09,N225,0.07388724294029501
2024-10-09,SX5E,0.02535183645941684
2024-10-09,000688.SH,-0.36971778260075366
2024-10-09,SOX,0.09329727462807608
2024-10-09,NDX,0.036932655953592866
2024-10-09,XAU,-0.013688285507226351
2024-10-09,COPPER,-0.01570968108397079
2024-10-09,WTI,0.09139682711806174
2024-10-09,BTC,0.14168717734636316
2024-10-09,ETH,0.25580740103941296
2024-10-09,US10Y,-0.01785680818597374
2024-10-09,CN10Y,0.001034975235667035
2024-10-10,000300.SH,-0.15034016109350784
2024-10-10,SPX,0.018677383853834446
2024-10-10,HSI,-0.10439958647744663
2024-10-10,N225,0.06688072854639385
2024-10-10,SX5E,0.017823611954276043
2024-10-10,000688.SH,-0.3650544095233677
2024-10-10,SOX,0.08997770921976365
2024-10-10,NDX,0.03047360280852314
2024-10-10,XAU,-0.005595820309125681
2024-10-10,COPPER,0.01859386581722346
2024-10-10,WTI,0.07847558131555706
2024-10-10,BTC,0.10913173233863381
2024-10-10,ETH,0.19909610531688082
2024-10-10,US10Y,-0.023143148719767196
2024-10-10,CN10Y,0.019402804952128046
2024-10-15,000300.SH,-0.16314653186327432
2024-10-15,SPX,0.020340528349993756
2024-10-15,HSI,-0.14112018023874714
2024-10-15,N225,0.07761312657238997
2024-10-15,SX5E,0.027007820534438922
2024-10-15,000688.SH,-0.31977258973494294
2024-10-15,SOX,0.0921485380318513
2024-10-15,NDX,0.027713867507034688
2024-10-15,XAU,-0.01880360120790015
2024-10-15,COPPER,-0.004480558778600198
2024-10-15,WTI,0.03569500989492119
2024-10-15,BTC,0.1237763467266532
2024-10-15,ETH,0.24252461841337392
2024-10-15,US10Y,-0.024464519316772744
2024-10-15,CN10Y,0.024968125109579693
2024-10-16,000300.SH,-0.13422134147581838
2024-10-16,SPX,0.009093348450593175
2024-10-16,HSI,-0.09523743332066736
2024-10-16,N225,0.05364010145719712
2024-10-16,SX5E,0.03900257908228676
2024-10-16,000688.SH,-0.2558865348236207
2024-10-16,SOX,0.10037988974478329
2024-10-16,NDX,0.02340278724253623
2024-10-16,XAU,-0.027342490610393157
2024-10-16,COPPER,0.013739853621998555
2024-10-16,WTI,0.11159966817727576
2024-10-16,BTC,0.0029622143772355947
2024-10-16,ETH,0.1306795624024179
2024-10-16,US10Y,-0.005345644708835206
2024-10-16,CN10Y,0.03353344038300972
2024-10-17,000300.SH,-0.1182659958965743
2024-10-17,SPX,0.009229618167626363
2024-10-17,HSI,-0.08547132638486453
2024-10-17,N225,0.06876006944503794
2024-10-17,SX5E,0.04139044969693384
2024-10-17,000688.SH,-0.2151494735401768
2024-10-17,SOX,0.1097614485722597
2024-10-17,NDX,0.02830016646013506
2024-10-17,XAU,-0.04151686837336578
2024-10-17,COPPER,0.005056915525286268
2024-10-17,WTI,0.08059277734420192
2024-10-17,BTC,-0.024100323174554232
2024-10-17,ETH,0.10891304407133565
2024-10-17,US10Y,0.00399302321310812
2024-10-17,CN10Y,0.028506474873610216
2024-10-18,000300.SH,-0.11252090540686711
2024-10-18,SPX,0.008024515077706943
2024-10-18,HSI,-0.08462261720265524
2024-10-18,N225,0.11240442307830849
2024-10-18,SX5E,0.03720842915012382
2024-10-18,000688.SH,-0.2291669995209387
2024-10-18,SOX,0.07720024331187715
2024-10-18,NDX,0.02337151918138838
2024-10-18,XAU,-0.042436970402648516
2024-10-18,COPPER,0.0003658497836282037
2024-10-18,WTI,0.04924451538937591
2024-10-18,BTC,0.005906123344381923
2024-10-18,ETH,0.14331561304521503
2024-10-18,US10Y,-0.02031172808716837
2024-10-18,CN10Y,0.03201798925827112
2024-10-21,000300.SH,-0.13819512154220637
2024-10-21,SPX,0.018147522857258836
2024-10-21,HSI,-0.11824000552187036
2024-10-21,N225,0.09956083269973809
2024-10-21,SX5E,0.027538694033300223
2024-10-21,000688.SH,-0.3169510166158934
2024-10-21,SOX,0.12236730004523336
2024-10-21,NDX,0.036507147354793594
2024-10-21,XAU,-0.044643943425137056
2024-10-21,COPPER,0.0015462463985902904
2024-10-21,WTI,0.07040108410621651
2024-10-21,BTC,0.042198132819866896
2024-10-21,ETH,0.1961145615992121
2024-10-21,US10Y,-0.023900874874742517
2024-10-21,CN10Y,0.027549440065638666
2024-10-22,000300.SH,-0.13546443787964602
2024-10-22,SPX,0.022355299482366565
2024-10-22,HSI,-0.10012003837191585
2024-10-22,N225,0.09993079565100145
2024-10-22,SX5E,0.03342883579610209
2024-10-22,000688.SH,-0.33411537755097886
2024-10-22,SOX,0.12995049653692903
2024-10-22,NDX,0.04258808767994702
2024-10-22,XAU,-0.033029528738536415
2024-10-22,COPPER,0.026607392595200556
2024-10-22,WTI,0.062620950869273
2024-10-22,BTC,0.041358136589970715
2024-10-22,ETH,0.17280022476829637
2024-10-22,US10Y,-0.057990702980778935
2024-10-22,CN10Y,0.029079865552767967
2024-10-23,000300.SH,-0.15700795443624813
2024-10-23,SPX,0.024608374101530304
2024-10-23,HSI,-0.11130599932202531
2024-10-23,N225,0.11601446514261317
2024-10-23,SX5E,0.03134159844735223
2024-10-23,000688.SH,-0.33619716086190216
2024-10-23,SOX,0.13104496712388514
2024-10-23,NDX,0.03784970825147906
2024-10-23,XAU,-0.04428008956061222
2024-10-23,COPPER,0.026735861529904925
2024-10-23,WTI,0.039467750295715184
2024-10-23,BTC,0.07669375839736574
2024-10-23,ETH,0.21284463980438256
2024-10-23,US10Y,-0.06381511980980857
2024-10-23,CN10Y,0.016005200896366686
2024-10-24,000300.SH,-0.165739617248032
2024-10-24,SPX,0.03429124745103137
2024-10-24,HSI,-0.12605049454219944
2024-10-24,N225,0.11425126165224672
2024-10-24,SX5E,0.02511300635668585
2024-10-24,000688.SH,-0.33144652919962925
2024-10-24,SOX,0.14335209397148022
2024-10-24,NDX,0.05685039735895218
2024-10-24,XAU,-0.029812146459781107
2024-10-24,COPPER,0.026444135594907096
2024-10-24,WTI,0.002402318292217192
2024-10-24,BTC,0.08807309475801599
2024-10-24,ETH,0.24902806087090118
2024-10-24,US10Y,-0.09027107585057578
2024-10-24,CN10Y,0.003514246993778459
2024-10-25,000300.SH,-0.1579159045980845
2024-10-25,SPX,0.04032508806304403
2024-10-25,HSI,-0.12098098833824747
2024-10-25,N225,0.09392079934558396
2024-10-25,SX5E,0.024468344616215408
2024-10-25,000688.SH,-0.3242448235282974
2024-10-25,SOX,0.18049123487090782
2024-10-25,NDX,0.06684000037320766
2024-10-25,XAU,-0.04041533138290759
2024-10-25,COPPER,0.03256231283125543
2024-10-25,WTI,0.027091232745057283
2024-10-25,BTC,0.05311214961351052
2024-10-25,ETH,0.21542608050136816
2024-10-25,US10Y,-0.08444655521141686
2024-10-25,CN10Y,-0.00623363990119761
2024-10-28,000300.SH,-0.17235584024949854
2024-10-28,SPX,0.04100588088098471
2024-10-28,HSI,-0.12153255174928307
2024-10-28,N225,0.12057637092117326
2024-10-28,SX5E,0.028937562996902446
2024-10-28,000688.SH,-0.3525047840232435
2024-10-28,SOX,0.14815720589715536
2024-10-28,NDX,0.0607723874072955
2024-10-28,XAU,-0.029544856166684785
2024-10-28,COPPER,0.036115331808266926
2024-10-28,WTI,0.028598744573806352
2024-10-28,BTC,0.06975147247906219
2024-10-28,ETH,0.2367401114364719
2024-10-28,US10Y,-0.09036232472937047
2024-10-28,CN10Y,-0.004354711483039425
2024-10-29,000300.SH,-0.17558813325824957
2024-10-29,SPX,0.043291492331817207
2024-10-29,HSI,-0.11300141568184514
2024-10-29,N225,0.09535886846115087
2024-10-29,SX5E,0.029763624568607303
2024-10-29,000688.SH,-0.34899377791727565
2024-10-29,SOX,0.16399253160238422
2024-10-29,NDX,0.0649186720754018
2024-10-29,XAU,-0.020106085300037622
2024-10-29,COPPER,0.04022755805338735
2024-10-29,WTI,0.06738811633046998
2024-10-29,BTC,0.05995218927355833
2024-10-29,ETH,0.21552931077338633
2024-10-29,US10Y,-0.10250436693980383
2024-10-29,CN10Y,-0.020228584372952697
2024-10-30,000300.SH,-0.15529480026798675
2024-10-30,SPX,0.0475107024244191
2024-10-30,HSI,-0.08471651539627781
2024-10-30,N225,0.08620118997944268
2024-10-30,SX5E,0.04811253337272059
2024-10-30,000688.SH,-0.34562340931581065
2024-10-30,SOX,0.13306550416721008
2024-10-30,NDX,0.05865628086504569
2024-10-30,XAU,-0.03413600258246284
2024-10-30,COPPER,0.06341808418786093
2024-10-30,WTI,0.10844238684286361
2024-10-30,BTC,0.03308899353039339
2024-10-30,ETH,0.16400032249467864
2024-10-30,US10Y,-0.08962017781877393
2024-10-30,CN10Y,-0.03310509248332368
2024-10-31,000300.SH,-0.14947207819657177
2024-10-31,SPX,0.04381833089667535
2024-10-31,HSI,-0.05992750098964101
2024-10-31,N225,0.08173996978679898
2024-10-31,SX5E,0.04288060805065133
2024-10-31,000688.SH,-0.3415125048910785
2024-10-31,SOX,0.13974114921490002
2024-10-31,NDX,0.05714983716711776
2024-10-31,XAU,-0.02698861443647
2024-10-31,COPPER,0.05599245461674802
2024-10-31,WTI,0.08114458146241797
2024-10-31,BTC,0.029197317808235146
2024-10-31,ETH,0.17780470130153017
2024-10-31,US10Y,-0.09591252771583508
2024-10-31,CN10Y,-0.035655724075479296
2024-11-01,000300.SH,-0.12289946588828729
2024-11-01,SPX,0.044672524737785324
2024-11-01,HSI,-0.035618298849074935
2024-11-01,N225,0.04775888316381219
2024-11-01,SX5E,0.05225294285942957
2024-11-01,000688.SH,-0.3558786741993042
2024-11-01,SOX,0.13578576548305474
2024-11-01,NDX,0.05732263528494161
2024-11-01,XAU,-0.008749838243884735
2024-11-01,COPPER,0.07641667136685719
2024-11-01,WTI,0.04204725440276092
2024-11-01,BTC,0.01279192798050689
2024-11-01,ETH,0.18507230521175005
2024-11-01,US10Y,-0.10828869629302117
2024-11-01,CN10Y,-0.022685937017326786
2024-11-05,000300.SH,-0.10816665608587117
2024-11-05,SPX,0.03999995453106639
2024-11-05,HSI,-0.037789517145524726
2024-11-05,N225,0.07428932838414955
2024-11-05,SX5E,0.03776090292190251
2024-11-05,000688.SH,-0.32575465470203274
2024-11-05,SOX,0.13599998754628634
2024-11-05,NDX,0.053245491608542875
2024-11-05,XAU,-0.005392813127192092
2024-11-05,COPPER,0.07281050699754506
2024-11-05,WTI,0.036094421059532866
2024-11-05,BTC,0.010714422296940546
2024-11-05,ETH,0.16512536673563968
2024-11-05,US10Y,-0.11535685680086546
2024-11-05,CN10Y,-0.03357988422012026
2024-11-06,000300.SH,-0.10697978328014582
2024-11-06,SPX,0.02682842846949098
2024-11-06,HSI,-0.025344301610687684
2024-11-06,N225,0.07692609964191628
2024-11-06,SX5E,0.05718719101204501
2024-11-06,000688.SH,-0.34632382337341167
2024-11-06,SOX,0.13796470923854262
2024-11-06,NDX,0.040091933572626914
2024-11-06,XAU,-0.0068204121163045455
2024-11-06,COPPER,0.07399368413147973
2024-11-06,WTI,-0.04057136896492906
2024-11-06,BTC,0.020237776776531585
2024-11-06,ETH,0.19077042484346732
2024-11-06,US10Y,-0.0945931165034688
2024-11-06,CN10Y,-0.0033674418371533316
2024-11-07,000300.SH,-0.051994255031199504
2024-11-07,SPX,0.000844088731795806
2024-11-07,HSI,0.03366538448175024
2024-11-07,N225,0.07565363228127664
2024-11-07,SX5E,0.07827531387703382
2024-11-07,000688.SH,-0.2691605609093018
2024-11-07,SOX,0.08992202682250511
2024-11-07,NDX,0.0082461958319744
2024-11-07,XAU,0.018118069565434047
2024-11-07,COPPER,0.11074302724361304
2024-11-07,WTI,-0.019040617381866555
2024-11-07,BTC,-0.06193651316272384
2024-11-07,ETH,0.09078789359302775
2024-11-07,US10Y,-0.140257736954186
2024-11-07,CN10Y,0.036134051010866475
2024-11-08,000300.SH,0.010818916834136317
2024-11-08,SPX,0.0015104586979423733
2024-11-08,HSI,0.042402645225421004
2024-11-08,N225,0.03957532758194917
2024-11-08,SX5E,0.05726978622228819
2024-11-08,000688.SH,-0.10625428221309263
2024-11-08,SOX,0.06909018323337857
2024-11-08,NDX,0.0008578506283453569
2024-11-08,XAU,-0.006884508316673865
2024-11-08,COPPER,0.05963782065245289
2024-11-08,WTI,-0.02205167473452113
2024-11-08,BTC,-0.09371427446389667
2024-11-08,ETH,0.007614617840251699
2024-11-08,US10Y,-0.0950180032835575
2024-11-08,CN10Y,0.03514513609557591
2024-11-12,000300.SH,0.06010697407117464
2024-11-12,SPX,-0.021303844778671942
2024-11-12,HSI,0.027837769230784827
2024-11-12,N225,0.028227813096965027
2024-11-12,SX5E,0.044627685186697866
2024-11-12,000688.SH,0.03615090456191586
2024-11-12,SOX,0.04846688696817232
2024-11-12,NDX,-0.021084189914890646
2024-11-12,XAU,-0.011746723227594144
2024-11-12,COPPER,0.054433337753437595
2024-11-12,WTI,0.056342216958102036
2024-11-12,BTC,-0.1665191917322976
2024-11-12,ETH,-0.13720023125221675
2024-11-12,US10Y,-0.04733345569874785
2024-11-12,CN10Y,0.04899404877716857
2024-11-13,000300.SH,0.007151577561526613
2024-11-13,SPX,-0.0022200060177632397
2024-11-13,HSI,0.06601655347803792
2024-11-13,N225,0.06093753911877211
2024-11-13,SX5E,0.07081858525155449
2024-11-13,000688.SH,0.007543705481819273
2024-11-13,SOX,0.12090439129054517
2024-11-13,NDX,0.002994592931084189
2024-11-13,XAU,0.019343670254243318
2024-11-13,COPPER,0.08959302193551323
2024-11-13,WTI,0.0967718193076956
2024-11-13,BTC,-0.3129738715576508
2024-11-13,ETH,-0.22507051010736015
2024-11-13,US10Y,-0.06373779551962727
2024-11-13,CN10Y,0.06192672659160926
2024-11-14,000300.SH,0.008121760724066698
2024-11-14,SPX,-0.007107521367441989
2024-11-14,HSI,0.09448657174163884
2024-11-14,N225,0.07477372280455158
2024-11-14,SX5E,0.06739651837661713
2024-11-14,000688.SH,-0.052141767938748876
2024-11-14,SOX,0.128637035593332
2024-11-14,NDX,-0.00027376190611496276
2024-11-14,XAU,0.03640008647213826
2024-11-14,COPPER,0.11269066535806418
2024-11-14,WTI,0.12189597653144257
2024-11-14,BTC,-0.3527145013931683
2024-11-14,ETH,-0.21029152658300132
2024-11-14,US10Y,-0.06088797403856695
2024-11-14,CN10Y,0.03901471562519092
2024-11-15,000300.SH,-0.0152077850012812
2024-11-15,SPX,0.0015402251433087586
2024-11-15,HSI,0.06646857827746185
2024-11-15,N225,0.08549817157683585
2024-11-15,SX5E,0.040566400415731424
2024-11-15,000688.SH,-0.08709117393963313
2024-11-15,SOX,0.09191190188662768
2024-11-15,NDX,-0.0024683519762801467
2024-11-15,XAU,0.05014983436353613
2024-11-15,COPPER,0.0695955199666661
2024-11-15,WTI,0.05144007744235282
2024-11-15,BTC,-0.2168767287542327
2024-11-15,ETH,-0.09115642890260005
2024-11-15,US10Y,-0.07635497644318054
2024-11-15,CN10Y,0.03198473594468686
2024-11-18,000300.SH,-0.008351502524880414
2024-11-18,SPX,0.01651146724044282
2024-11-18,HSI,0.06244691632632855
2024-11-18,N225,0.05818792661443175
2024-11-18,SX5E,0.03884708679989413
2024-11-18,000688.SH,-0.08095172676729315
2024-11-18,SOX,0.12107347171553526
2024-11-18,NDX,0.018375125715288848
2024-11-18,XAU,0.05444358988128047
2024-11-18,COPPER,0.07855068958485421
2024-11-18,WTI,0.06628933055444206
2024-11-18,BTC,-0.25965051670485195
2024-11-18,ETH,-0.11174546908720238
2024-11-18,US10Y,-0.08161934719956242
2024-11-18,CN10Y,0.027592957851291892
2024-11-19,000300.SH,-0.007617754000361441
2024-11-19,SPX,0.01692024783788581
2024-11-19,HSI,0.049224441980907606
2024-11-19,N225,0.0711839583794327
2024-11-19,SX5E,0.04985619261357279
2024-11-19,000688.SH,-0.04617515089608949
2024-11-19,SOX,0.12934352182975703
2024-11-19,NDX,0.018048466866694174
2024-11-19,XAU,0.0443843152656666
2024-11-19,COPPER,0.06007792240694372
2024-11-19,WTI,0.03862262842070574
2024-11-19,BTC,-0.2421590648804763
2024-11-19,ETH,-0.13240616359096705
2024-11-19,US10Y,-0.059474602071254115
2024-11-19,CN10Y,0.010171039837581969
2024-11-20,000300.SH,0.011380823623433838
2024-11-20,SPX,0.008220593128007339
2024-11-20,HSI,0.07232912204677194
2024-11-20,N225,0.04817419123499435
2024-11-20,SX5E,0.05883519260036919
2024-11-20,000688.SH,0.018809489057939405
2024-11-20,SOX,0.099877969306426
2024-11-20,NDX,0.005667428665289964
2024-11-20,XAU,0.043378239378004585
2024-11-20,COPPER,0.05738932879743364
2024-11-20,WTI,0.0073903392296987835
2024-11-20,BTC,-0.27112010502727285
2024-11-20,ETH,-0.117996026817963
2024-11-20,US10Y,-0.06320091180593335
2024-11-20,CN10Y,0.020864326582799998
2024-11-21,000300.SH,0.011880089410985008
2024-11-21,SPX,0.005990553196030884
2024-11-21,HSI,0.054445820049289606
2024-11-21,N225,0.04730598511450429
2024-11-21,SX5E,0.05382965254209141
2024-11-21,000688.SH,0.03662375232121052
2024-11-21,SOX,0.107312527085374
2024-11-21,NDX,0.007887310999892806
2024-11-21,XAU,0.02643356374553336
2024-11-21,COPPER,0.05455034878002879
2024-11-21,WTI,0.024284482319718047
2024-11-21,BTC,-0.3087474713899486
2024-11-21,ETH,-0.09772967322070515
2024-11-21,US10Y,-0.04136684558815912
2024-11-21,CN10Y,0.017299904634154022
2024-11-22,000300.SH,0.03135946144795934
2024-11-22,SPX,0.006485731163004762
2024-11-22,HSI,0.06940789197599201
2024-11-22,N225,0.04664347370007458
2024-11-22,SX5E,0.05124560501072768
2024-11-22,000688.SH,0.036697128220178774
2024-11-22,SOX,0.10513385378584
2024-11-22,NDX,0.014710898819499524
2024-11-22,XAU,0.033485057174268584
2024-11-22,COPPER,0.07719061897892199
2024-11-22,WTI,0.04009676531192683
2024-11-22,BTC,-0.33259073181467524
2024-11-22,ETH,-0.1824080481385452
2024-11-22,US10Y,-0.0398987091969963
2024-11-22,CN10Y,0.04244100356182251
2024-11-25,000300.SH,0.06652358823832066
2024-11-25,SPX,-0.003692788318571713
2024-11-25,HSI,0.10208076166627197
2024-11-25,N225,0.03879849445661176
2024-11-25,SX5E,0.042928239522334766
2024-11-25,000688.SH,0.07267049754630941
2024-11-25,SOX,0.10169870267508782
2024-11-25,NDX,0.0007124839037950014
2024-11-25,XAU,0.005111187421718427
2024-11-25,COPPER,0.07137669787193451
2024-11-25,WTI,0.022631686204706215
2024-11-25,BTC,-0.3427963866842978
2024-11-25,ETH,-0.20286682413005802
2024-11-25,US10Y,-0.023494359084130112
2024-11-25,CN10Y,0.04831801870996695
2024-11-26,000300.SH,0.045843607559688734
2024-11-26,SPX,-0.01005264683645006
2024-11-26,HSI,0.08438939225515157
2024-11-26,N225,0.01995765041215729
2024-11-26,SX5E,0.03967005146402722
2024-11-26,000688.SH,0.06000756805157121
2024-11-26,SOX,0.08466778308814071
2024-11-26,NDX,-0.0005451626554058382
2024-11-26,XAU,0.04288959205282952
2024-11-26,COPPER,0.06396806951803737
2024-11-26,WTI,0.03317115433779445
2024-11-26,BTC,-0.27471376928861724
2024-11-26,ETH,-0.2425010997931849
2024-11-26,US10Y,-0.0031870053842271845
2024-11-26,CN10Y,0.05643481521848694
2024-11-27,000300.SH,0.047682003436182833
2024-11-27,SPX,-0.01855595478527463
2024-11-27,HSI,0.08444967611950106
2024-11-27,N225,0.0198363466602818
2024-11-27,SX5E,0.047362336951053845
2024-11-27,000688.SH,0.06883021422948969
2024-11-27,SOX,0.10029672916795418
2024-11-27,NDX,-0.00402037277076598
2024-11-27,XAU,0.04274769499166834
2024-11-27,COPPER,0.06940937162645802
2024-11-27,WTI,0.04977431781006861
2024-11-27,BTC,-0.29270315278929854
2024-11-27,ETH,-0.26227201015299795
2024-11-27,US10Y,-0.0030766333170549436
2024-11-27,CN10Y,0.05023943282273345
2024-11-29,000300.SH,0.04467307542505681
2024-11-29,SPX,-0.010225536373961706
2024-11-29,HSI,0.06884094178365531
2024-11-29,N225,0.044173223446052214
2024-11-29,SX5E,0.06001362736506612
2024-11-29,000688.SH,0.04765090781692523
2024-11-29,SOX,0.12109819105570892
2024-11-29,NDX,0.007552442479002636
2024-11-29,XAU,0.04099094799435742
2024-11-29,COPPER,0.07026737151369382
2024-11-29,WTI,0.0072234668999594884
2024-11-29,BTC,-0.27952010168860153
2024-11-29,ETH,-0.3013069997222365
2024-11-29,US10Y,0.017549456728310486
2024-11-29,CN10Y,0.061018985277011106
2024-12-02,000300.SH,0.02946566085991567
2024-12-02,SPX,-0.01746413042096119
2024-12-02,HSI,0.08025611855113118
2024-12-02,N225,0.04222395089536051
2024-12-02,SX5E,0.03831045981113906
2024-12-02,000688.SH,0.009575620913132122
2024-12-02,SOX,0.12002343350132604
2024-12-02,NDX,0.0038569918879959022
2024-12-02,XAU,0.046565382669571484
2024-12-02,COPPER,0.06602288593407114
2024-12-02,WTI,0.005601479366970757
2024-12-02,BTC,-0.264097808852315
2024-12-02,ETH,-0.2672733602430264
2024-12-02,US10Y,0.031256323982378986
2024-12-02,CN10Y,0.07567699114330964
2024-12-03,000300.SH,0.022011392528653955
2024-12-03,SPX,-0.01888789117929251
2024-12-03,HSI,0.06469401637010663
2024-12-03,N225,0.05103967510799225
2024-12-03,SX5E,0.01976771803640526
2024-12-03,000688.SH,-0.00012332094338858395
2024-12-03,SOX,0.07257059147961295
2024-12-03,NDX,-0.00905588994716961
2024-12-03,XAU,0.057306800473141885
2024-12-03,COPPER,0.07134631217397232
2024-12-03,WTI,0.03538772498335586
2024-12-03,BTC,-0.24084836215894992
2024-12-03,ETH,-0.25795789785849127
2024-12-03,US10Y,0.035021683007167466
2024-12-03,CN10Y,0.09772744792688316
2024-12-04,000300.SH,0.03965122838094545
2024-12-04,SPX,-0.027825551354214682
2024-12-04,HSI,0.06479848470631766
2024-12-04,N225,0.0454593565685737
2024-12-04,SX5E,0.009134602714334273
2024-12-04,000688.SH,0.05168615569953969
2024-12-04,SOX,0.06457258747326901
2024-12-04,NDX,-0.022097382164824986
2024-12-04,XAU,0.044685083949015894
2024-12-04,COPPER,0.07074385112633194
2024-12-04,WTI,0.04273283090932853
2024-12-04,BTC,-0.24242511542946096
2024-12-04,ETH,-0.26683161543699063
2024-12-04,US10Y,0.03197614386328538
2024-12-04,CN10Y,0.09373933899454953
2024-12-05,000300.SH,0.05615730648700895
2024-12-05,SPX,-0.025381163941269668
2024-12-05,HSI,0.08172147843689732
2024-12-05,N225,0.024821592256556533
2024-12-05,SX5E,0.014432305087628845
2024-12-05,000688.SH,0.04549502923256114
2024-12-05,SOX,0.07105384394205451
2024-12-05,NDX,-0.020871200768560316
2024-12-05,XAU,0.04098160786845537
2024-12-05,COPPER,0.07171438131096948
2024-12-05,WTI,0.0508992222215736
2024-12-05,BTC,-0.2695149581199873
2024-12-05,ETH,-0.31472830978623506
2024-12-05,US10Y,0.06624612187797148
2024-12-05,CN10Y,0.10697274389437492
2024-12-06,000300.SH,0.08036431125647323
2024-12-06,SPX,-0.02345125018695915
2024-12-06,HSI,0.10270684959367254
2024-12-06,N225,0.015784271744514106
2024-12-06,SX5E,-0.000706893807823422
2024-12-06,000688.SH,0.07360878689809075
2024-12-06,SOX,0.07492445119914154
2024-12-06,NDX,-0.02137480663586978
2024-12-06,XAU,0.04615180077856435
2024-12-06,COPPER,0.08715471364439571
2024-12-06,WTI,0.08045084759713157
2024-12-06,BTC,-0.27971832137067565
2024-12-06,ETH,-0.36964277680566204
2024-12-06,US10Y,0.03808759282404028
2024-12-06,CN10Y,0.09566042327096583
2024-12-09,000300.SH,0.0611442397058307
2024-12-09,SPX,-0.00783019249872694
2024-12-09,HSI,0.06259848403025112
2024-12-09,N225,0.031118851642685387
2024-12-09,SX5E,-0.02546558789449959
2024-12-09,000688.SH,0.059870303259019375
2024-12-09,SOX,0.0811200482087969
2024-12-09,NDX,-0.01261242969907831
2024-12-09,XAU,0.013200680700032979
2024-12-09,COPPER,0.03272740304239555
2024-12-09,WTI,0.09354261831403035
2024-12-09,BTC,-0.23476309520822267
2024-12-09,ETH,-0.32498624150619104
2024-12-09,US10Y,0.07469707526299312
2024-12-09,CN10Y,0.09563784264068297
2024-12-10,000300.SH,0.07098258632979906
2024-12-10,SPX,-0.006903291567055771
2024-12-10,HSI,0.039780304886965816
2024-12-10,N225,0.002251575343959724
2024-12-10,SX5E,-0.02558965428496318
2024-12-10,000688.SH,0.06500132210056021
2024-12-10,SOX,0.07780786525201198
2024-12-10,NDX,-0.006613114978256045
2024-12-10,XAU,0.014535189440294225
2024-12-10,COPPER,0.05062957459091647
2024-12-10,WTI,0.0676542890594833
2024-12-10,BTC,-0.24069505354389603
2024-12-10,ETH,-0.23788572180106177
2024-12-10,US10Y,0.026677199123526597
2024-12-10,CN10Y,0.10236693004771535
2024-12-11,000300.SH,0.05092310786237453
2024-12-11,SPX,0.0008060796609629158
2024-12-11,HSI,0.03265529053747896
2024-12-11,N225,0.004051559052304549
2024-12-11,SX5E,-0.028153230159214036
2024-12-11,000688.SH,0.05058214439888287
2024-12-11,SOX,0.09672175622958441
2024-12-11,NDX,-0.0013767365070311475
2024-12-11,XAU,-0.007674966392627439
2024-12-11,COPPER,0.020107745645758582
2024-12-11,WTI,0.03839239432805652
2024-12-11,BTC,-0.22329062804061708
2024-12-11,ETH,-0.19007512310413108
2024-12-11,US10Y,0.020147333737647467
2024-12-11,CN10Y,0.13618327275056985
2024-12-12,000300.SH,0.06224492744544501
2024-12-12,SPX,-0.006849377062129485
2024-12-12,HSI,0.0066661335032525484
2024-12-12,N225,5.14702699606559e-06
2024-12-12,SX5E,-0.040252855061029255
2024-12-12,000688.SH,0.10097374216452834
2024-12-12,SOX,0.04314113618374907
2024-12-12,NDX,-0.017835695958113074
2024-12-12,XAU,-0.05039610544432522
2024-12-12,COPPER,-0.011644041028505525
2024-12-12,WTI,-0.013892523430362258
2024-12-12,BTC,-0.11300595762568391
2024-12-12,ETH,-0.14019424767865563
2024-12-12,US10Y,0.04376212095840218
2024-12-12,CN10Y,0.13727759600643108
2024-12-13,000300.SH,0.06082929725530968
2024-12-13,SPX,0.00029250710137365774
2024-12-13,HSI,-0.004857350065210755
2024-12-13,N225,-0.025714895533258342
2024-12-13,SX5E,-0.04132363698019421
2024-12-13,000688.SH,0.11154173817985284
2024-12-13,SOX,0.03625177894423411
2024-12-13,NDX,-0.010552270704918359
2024-12-13,XAU,-0.042319406949416445
2024-12-13,COPPER,-0.023388299460520432
2024-12-13,WTI,-0.0064227892653550955
2024-12-13,BTC,-0.07025926453425076
2024-12-13,ETH,-0.16498909584421034
2024-12-13,US10Y,0.033277678185119466
2024-12-13,CN10Y,0.1476340096714449
2024-12-16,000300.SH,0.07190863664852885
2024-12-16,SPX,-0.001160232077078805
2024-12-16,HSI,9.196632381269429e-05
2024-12-16,N225,-0.010421913501921936
2024-12-16,SX5E,-0.01892067809601008
2024-12-16,000688.SH,0.10859034564044695
2024-12-16,SOX,0.014142941931417213
2024-12-16,NDX,-0.018660886413984973
2024-12-16,XAU,-0.0290295031954408
2024-12-16,COPPER,0.007746287359712424
2024-12-16,WTI,-0.0082575776233216
2024-12-16,BTC,-0.10572158703321959
2024-12-16,ETH,-0.19482033373736202
2024-12-16,US10Y,0.016429063775615396
2024-12-16,CN10Y,0.16808346999880622
2024-12-17,000300.SH,0.06985164977705396
2024-12-17,SPX,-0.012568134456600743
2024-12-17,HSI,0.01519729174538232
2024-12-17,N225,0.003425244720908334
2024-12-17,SX5E,-0.018733885288076638
2024-12-17,000688.SH,0.10047994958865374
2024-12-17,SOX,-0.026006339469385655
2024-12-17,NDX,-0.04945622287306931
2024-12-17,XAU,-0.0294511719301653
2024-12-17,COPPER,0.008236155514142123
2024-12-17,WTI,-0.018146563507217276
2024-12-17,BTC,-0.09296504881191331
2024-12-17,ETH,-0.18295348290492158
2024-12-17,US10Y,0.023988810651000735
2024-12-17,CN10Y,0.2091017472442086
2024-12-18,000300.SH,0.04631409512195726
2024-12-18,SPX,-0.011165047421412323
2024-12-18,HSI,0.017609914343801235
2024-12-18,N225,-0.016720898206843034
2024-12-18,SX5E,-0.02251909442558773
2024-12-18,000688.SH,0.0635931787167402
2024-12-18,SOX,-0.013349434814070298
2024-12-18,NDX,-0.046899903918422664
2024-12-18,XAU,-0.011494224004719214
2024-12-18,COPPER,0.026761425840836156
2024-12-18,WTI,0.01287603198579151
2024-12-18,BTC,-0.12071768901719884
2024-12-18,ETH,-0.15081210575856807
2024-12-18,US10Y,0.015068452315878587
2024-12-18,CN10Y,0.21145529924181714
2024-12-19,000300.SH,0.020437497994463854
2024-12-19,SPX,0.01323167760665064
2024-12-19,HSI,-0.002497556233327921
2024-12-19,N225,-0.014163212452202478
2024-12-19,SX5E,-0.03851367650806591
2024-12-19,000688.SH,0.03510490307880363
2024-12-19,SOX,0.008750451574115962
2024-12-19,NDX,-0.017057212049990958
2024-12-19,XAU,0.01425803966423253
2024-12-19,COPPER,0.03802211717156155
2024-12-19,WTI,0.009031814454930037
2024-12-19,BTC,-0.07233856483739862
2024-12-19,ETH,-0.1529176804571927
2024-12-19,US10Y,-0.01954514379432663
2024-12-19,CN10Y,0.1781965447877469
2024-12-20,000300.SH,0.006929681430528701
2024-12-20,SPX,0.009360898061565651
2024-12-20,HSI,-0.003602670606846241
2024-12-20,N225,-0.01373615492008487
2024-12-20,SX5E,-0.030044046908050955
2024-12-20,000688.SH,0.004504819768208573
2024-12-20,SOX,0.005189313574349812
2024-12-20,NDX,-0.02033452488926912
2024-12-20,XAU,0.023111674208974094
2024-12-20,COPPER,0.028786588093855744
2024-12-20,WTI,0.002813847447935519
2024-12-20,BTC,-0.03845947314664676
2024-12-20,ETH,-0.12867787064681907
2024-12-20,US10Y,-0.03271851270113342
2024-12-20,CN10Y,0.18687643123343223
2024-12-23,000300.SH,0.002148362259061032
2024-12-23,SPX,-0.0014105498820361027
2024-12-23,HSI,-0.013408778556811954
2024-12-23,N225,-0.023569401689081438
2024-12-23,SX5E,-0.023874434966399714
2024-12-23,000688.SH,-0.02143895089606053
2024-12-23,SOX,-0.00954781346517061
2024-12-23,NDX,-0.032940200191649345
2024-12-23,XAU,0.015638704032720635
2024-12-23,COPPER,0.010483446118599677
2024-12-23,WTI,0.005704317500278211
2024-12-23,BTC,-0.01349205206175719
2024-12-23,ETH,-0.07080780660690673
2024-12-23,US10Y,-0.020680287110528342
2024-12-23,CN10Y,0.19719544551574228
2024-12-27,000300.SH,-0.02221868770567679
2024-12-27,SPX,-0.002483322786801948
2024-12-27,HSI,-0.03572959028861269
2024-12-27,N225,-0.025699545721158564
2024-12-27,SX5E,-0.013238109725066696
2024-12-27,000688.SH,-0.03762816817586156
2024-12-27,SOX,-0.03439033781492565
2024-12-27,NDX,-0.03719488341258455
2024-12-27,XAU,0.03857317808803587
2024-12-27,COPPER,0.01010664449322807
2024-12-27,WTI,0.025393845349630094
2024-12-27,BTC,0.029520356296133737
2024-12-27,ETH,-0.05452185836104889
2024-12-27,US10Y,-0.03906314706668336
2024-12-27,CN10Y,0.1985736268313928
2024-12-30,000300.SH,-0.018407991094147015
2024-12-30,SPX,0.007859449614169723
2024-12-30,HSI,-0.03791894467205236
2024-12-30,N225,-0.034113388393700386
2024-12-30,SX5E,-0.016233243775392214
2024-12-30,000688.SH,-0.03662969116884238
2024-12-30,SOX,-0.01037107363221109
2024-12-30,NDX,-0.024313817749633544
2024-12-30,XAU,0.00657578203553841
2024-12-30,COPPER,0.019170640692948597
2024-12-30,WTI,-0.003342995312039092
2024-12-30,BTC,-0.004278617048141392
2024-12-30,ETH,0.023318043991031552
2024-12-30,US10Y,-0.07300695218340318
2024-12-30,CN10Y,0.20169279869587423
2025-01-06,000300.SH,-0.025715291303722312
2025-01-06,SPX,0.024176999687347947
2025-01-06,HSI,-0.03538748909116711
2025-01-06,N225,-0.033210955758174246
2025-01-06,SX5E,-0.01784796647533535
2025-01-06,000688.SH,-0.046305013707474675
2025-01-06,SOX,-0.0028036229985798425
2025-01-06,NDX,-0.0058439170654993895
2025-01-06,XAU,0.015537086511121432
2025-01-06,COPPER,0.020443650729706286
2025-01-06,WTI,-0.01649653828547934
2025-01-06,BTC,-0.0008783574289967459
2025-01-06,ETH,-0.01488774854691818
2025-01-06,US10Y,-0.04962833925791015
2025-01-06,CN10Y,0.18884750299108155
2025-01-07,000300.SH,0.04693709189251226
2025-01-07,SPX,0.008329164398170195
2025-01-07,HSI,0.003786816150265094
2025-01-07,N225,-0.02756966562755
2025-01-07,SX5E,-0.04878394512256787
2025-01-07,000688.SH,0.06627537324330637
2025-01-07,SOX,-0.0775794049822355
2025-01-07,NDX,-0.032255813637042066
2025-01-07,XAU,0.0065262020549861875
2025-01-07,COPPER,0.006080074640637777
2025-01-07,WTI,-0.05491620410897269
2025-01-07,BTC,-0.05861730968019754
2025-01-07,ETH,-0.008884214139246102
2025-01-07,US10Y,-0.07938261149015485
2025-01-07,CN10Y,0.2500544464080886
2025-01-08,000300.SH,0.0289825803814227
2025-01-08,SPX,0.02082400966410536
2025-01-08,HSI,-0.0006459496787941561
2025-01-08,N225,-0.04882265166396767
2025-01-08,SX5E,-0.040987479576439396
2025-01-08,000688.SH,0.037722844427093324
2025-01-08,SOX,-0.055204026407074565
2025-01-08,NDX,-0.01171765594033632
2025-01-08,XAU,0.0024182186815913612
2025-01-08,COPPER,-0.004175010514402152
2025-01-08,WTI,-0.07246757733514234
2025-01-08,BTC,-0.005798642309922039
2025-01-08,ETH,0.03537118973196168
2025-01-08,US10Y,-0.10849373460004857
2025-01-08,CN10Y,0.22299388513995266
2025-01-10,000300.SH,0.02778870392163972
2025-01-10,SPX,0.018299346158608693
2025-01-10,HSI,0.00805902007470306
2025-01-10,N225,-0.041295694703535946
2025-01-10,SX5E,-0.03114137258669349
2025-01-10,000688.SH,0.02858308650415671
2025-01-10,SOX,-0.02896097930296752
2025-01-10,NDX,-0.006016141533278818
2025-01-10,XAU,-0.010300859197734314
2025-01-10,COPPER,-0.03120274876452899
2025-01-10,WTI,-0.06311714453685902
2025-01-10,BTC,-0.014728984953007028
2025-01-10,ETH,0.04946093419499756
2025-01-10,US10Y,-0.10827386292351324
2025-01-10,CN10Y,0.20284669764801253
2025-01-14,000300.SH,0.03160303327048164
2025-01-14,SPX,0.03019869298996872
2025-01-14,HSI,0.022174480985662555
2025-01-14,N225,-0.006053288286885696
2025-01-14,SX5E,-0.02302335950166442
2025-01-14,000688.SH,0.012603792392538801
2025-01-14,SOX,-0.019543046041345092
2025-01-14,NDX,0.0068593187564742674
2025-01-14,XAU,-0.024789317124148266
2025-01-14,COPPER,-0.027433291175038274
2025-01-14,WTI,-0.08461348957715037
2025-01-14,BTC,-0.024615130238140243
2025-01-14,ETH,0.041634387182405544
2025-01-14,US10Y,-0.12281734257237964
2025-01-14,CN10Y,0.1878145589392204
2025-01-15,000300.SH,0.0020332408358169785
2025-01-15,SPX,0.033734809296018936
2025-01-15,HSI,0.01249386879926424
2025-01-15,N225,0.012065207920436218
2025-01-15,SX5E,-0.016191112949189884
2025-01-15,000688.SH,-0.025604749373408175
2025-01-15,SOX,-0.004442409249964321
2025-01-15,NDX,0.023900098581652922
2025-01-15,XAU,-0.012920329023063865
2025-01-15,COPPER,-0.042599118350018464
2025-01-15,WTI,-0.12106246557544842
2025-01-15,BTC,-0.012670883957664417
2025-01-15,ETH,0.12081201571380161
2025-01-15,US10Y,-0.13580464607868045
2025-01-15,CN10Y,0.166256473410447
2025-01-16,000300.SH,0.03293865365949755
2025-01-16,SPX,0.024209766317536744
2025-01-16,HSI,0.013304154508620953
2025-01-16,N225,0.02215088200486138
2025-01-16,SX5E,-0.016579991663300018
2025-01-16,000688.SH,0.0302298813737678
2025-01-16,SOX,-0.01885478792295732
2025-01-16,NDX,0.013351650595564696
2025-01-16,XAU,-0.025824816469291804
2025-01-16,COPPER,-0.04750164456274398
2025-01-16,WTI,-0.13908670823093672
2025-01-16,BTC,-0.033468335999164045
2025-01-16,ETH,0.08903024008488586
2025-01-16,US10Y,-0.11171728683072574
2025-01-16,CN10Y,0.16781834313438454
2025-01-17,000300.SH,0.027419670368849566
2025-01-17,SPX,0.02270323562868147
2025-01-17,HSI,0.006430636560519669
2025-01-17,N225,0.006172043694535363
2025-01-17,SX5E,-0.029162438364197088
2025-01-17,000688.SH,0.03469408010237625
2025-01-17,SOX,-0.03015272892994076
2025-01-17,NDX,0.02026923529629097
2025-01-17,XAU,-0.03799790104307249
2025-01-17,COPPER,-0.06315698651219362
2025-01-17,WTI,-0.15233935370952792
2025-01-17,BTC,-0.019814298888225394
2025-01-17,ETH,0.15950255259430615
2025-01-17,US10Y,-0.11012458658173237
2025-01-17,CN10Y,0.16555683978333008
2025-01-21,000300.SH,0.04133670987848019
2025-01-21,SPX,0.015551566761956652
2025-01-21,HSI,0.04017566716211039
2025-01-21,N225,0.016427084056153056
2025-01-21,SX5E,-0.032800720742483594
2025-01-21,000688.SH,0.04876544381447089
2025-01-21,SOX,-0.04446247028727417
2025-01-21,NDX,0.008944782802601716
2025-01-21,XAU,-0.02055321194885375
2025-01-21,COPPER,-0.02389260024548924
2025-01-21,WTI,-0.11949053740453551
2025-01-21,BTC,-0.05347147570030929
2025-01-21,ETH,0.08279937758761535
2025-01-21,US10Y,-0.09427474531375954
2025-01-21,CN10Y,0.13494512957931667
2025-01-22,000300.SH,0.052272601968851494
2025-01-22,SPX,0.00770362203644133
2025-01-22,HSI,0.014286214740216269
2025-01-22,N225,0.00924226968858196
2025-01-22,SX5E,-0.04103466003778889
2025-01-22,000688.SH,0.06002683169510431
2025-01-22,SOX,-0.07229396042993677
2025-01-22,NDX,0.005499344084983733
2025-01-22,XAU,-0.011163353504207623
2025-01-22,COPPER,-0.014597794556420506
2025-01-22,WTI,-0.0906358965077184
2025-01-22,BTC,-0.06691229394640613
2025-01-22,ETH,0.1215671872900004
2025-01-22,US10Y,-0.07933097184985564
2025-01-22,CN10Y,0.10537085932815433
2025-01-23,000300.SH,0.04061115242539436
2025-01-23,SPX,0.003201878458931666
2025-01-23,HSI,0.01026971054440469
2025-01-23,N225,-0.012646165379614362
2025-01-23,SX5E,-0.051383450296499544
2025-01-23,000688.SH,0.02591171428303006
2025-01-23,SOX,-0.08052196449632258
2025-01-23,NDX,0.0007511397869461329
2025-01-23,XAU,-0.0051612055487300895
2025-01-23,COPPER,-0.014996122166289264
2025-01-23,WTI,-0.0738273332883776
2025-01-23,BTC,-0.016695103595681802
2025-01-23,ETH,0.17574235407022487
2025-01-23,US10Y,-0.08191734084182802
2025-01-23,CN10Y,0.0806607360444113
2025-01-24,000300.SH,0.049852383436458564
2025-01-24,SPX,-0.005572181277663494
2025-01-24,HSI,0.027303691798491198
2025-01-24,N225,-0.008093284609277308
2025-01-24,SX5E,-0.051828335002980626
2025-01-24,000688.SH,0.04170565943788266
2025-01-24,SOX,-0.08100038181302163
2025-01-24,NDX,-0.0054545234856180486
2025-01-24,XAU,-0.0203228860530604
2025-01-24,COPPER,-0.02688833201292581
2025-01-24,WTI,-0.06221605678714929
2025-01-24,BTC,-0.02263662767789864
2025-01-24,ETH,0.16989108289746385
2025-01-24,US10Y,-0.0793579936915772
2025-01-24,CN10Y,0.07461778484087603
2025-01-27,000300.SH,0.022068199352886703
2025-01-27,SPX,-0.0009894626248446677
2025-01-27,HSI,-0.00973951379259248
2025-01-27,N225,-0.01575089697308911
2025-01-27,SX5E,-0.050823195342193754
2025-01-27,000688.SH,0.017843157119868648
2025-01-27,SOX,-0.02413341444201952
2025-01-27,NDX,0.010557269629814944
2025-01-27,XAU,-0.04958272375931172
2025-01-27,COPPER,-0.03244567609498807
2025-01-27,WTI,-0.05032671538511374
2025-01-27,BTC,-0.011839407686882748
2025-01-27,ETH,0.19324483870722853
2025-01-27,US10Y,-0.055908529898715364
2025-01-27,CN10Y,0.05782607118995216
2025-02-05,000300.SH,0.006217045641370974
2025-02-05,SPX,-0.0015276934044895912
2025-02-05,HSI,-0.0353900366953064
2025-02-05,N225,-0.012918654236450687
2025-02-05,SX5E,-0.05532756861146813
2025-02-05,000688.SH,-0.008573310491772877
2025-02-05,SOX,0.039084600926086344
2025-02-05,NDX,0.02649844819390478
2025-02-05,XAU,-0.04597375338368641
2025-02-05,COPPER,-0.025847056289195973
2025-02-05,WTI,-0.04592310318598575
2025-02-05,BTC,-0.00573749063765417
2025-02-05,ETH,0.15664031340714318
2025-02-05,US10Y,-0.03687124620093332
2025-02-05,CN10Y,0.045649504968437934
2025-02-06,000300.SH,0.023110794613704168
2025-02-06,SPX,-0.012590421413001254
2025-02-06,HSI,-0.05482039210717379
2025-02-06,N225,0.006182133045725718
2025-02-06,SX5E,-0.07076454956457696
2025-02-06,000688.SH,-0.03273712303289231
2025-02-06,SOX,-0.02365287512953342
2025-02-06,NDX,-0.0014063668103038857
2025-02-06,XAU,-0.08890840707429745
2025-02-06,COPPER,-0.08064245014648785
2025-02-06,WTI,-0.02211166064894348
2025-02-06,BTC,0.051690830217868175
2025-02-06,ETH,0.26180569106394574
2025-02-06,US10Y,-0.010336619602685969
2025-02-06,CN10Y,0.055181416588652485
2025-02-07,000300.SH,0.03976126826359008
2025-02-07,SPX,-0.03663561018281668
2025-02-07,HSI,-0.04657547565234281
2025-02-07,N225,0.0009427564251778334
2025-02-07,SX5E,-0.07952942873016336
2025-02-07,000688.SH,-0.008052655426351047
2025-02-07,SOX,-0.04024212802440177
2025-02-07,NDX,-0.029436857976594857
2025-02-07,XAU,-0.10548723345477362
2025-02-07,COPPER,-0.09048152673638436
2025-02-07,WTI,-0.007953759865850011
2025-02-07,BTC,0.02598297306235315
2025-02-07,ETH,0.2722762709009867
2025-02-07,US10Y,0.011751473634971966
2025-02-07,CN10Y,0.09367993376259875
2025-02-10,000300.SH,0.040953068830511447
2025-02-10,SPX,-0.02350743565156332
2025-02-10,HSI,-0.055891692138756485
2025-02-10,N225,0.005530475622486784
2025-02-10,SX5E,-0.0869314750398502
2025-02-10,000688.SH,0.01714397422410196
2025-02-10,SOX,-0.028309513525788713
2025-02-10,NDX,-0.01435635341285714
2025-02-10,XAU,-0.10068825467091512
2025-02-10,COPPER,-0.11751265841476553
2025-02-10,WTI,-0.01361319186352884
2025-02-10,BTC,0.013839180374454044
2025-02-10,ETH,0.26001615054715
2025-02-10,US10Y,0.020039605888918864
2025-02-10,CN10Y,0.08328811923040222
2025-02-12,000300.SH,0.03367170777434943
2025-02-12,SPX,-0.010233415196658402
2025-02-12,HSI,-0.07560839050224552
2025-02-12,N225,0.003673566018304625
2025-02-12,SX5E,-0.09435115854787372
2025-02-12,000688.SH,0.019200869384238005
2025-02-12,SOX,-0.004551936089987045
2025-02-12,NDX,-0.004634729710450956
2025-02-12,XAU,-0.10197350068102914
2025-02-12,COPPER,-0.1328814651370007
2025-02-12,WTI,-0.023480995671699048
2025-02-12,BTC,0.040338350630102965
2025-02-12,ETH,0.30883334528062023
2025-02-12,US10Y,0.004167710393462038
2025-02-12,CN10Y,0.03783004205586716
2025-02-13,000300.SH,0.029717120419908552
2025-02-13,SPX,0.0026773213330648664
2025-02-13,HSI,-0.08292171703704052
2025-02-13,N225,0.011684703026307646
2025-02-13,SX5E,-0.10435856831234548
2025-02-13,000688.SH,0.0022502786073667885
2025-02-13,SOX,0.03353668655065631
2025-02-13,NDX,0.011960963853649895
2025-02-13,XAU,-0.10203916106772085
2025-02-13,COPPER,-0.13276696903490065
2025-02-13,WTI,-0.0027062757899875105
2025-02-13,BTC,0.017756458199584865
2025-02-13,ETH,0.28288252583625073
2025-02-13,US10Y,-0.004726471548934949
2025-02-13,CN10Y,0.03705310496414016
2025-02-14,000300.SH,0.03846428296643625
2025-02-14,SPX,-0.009139925014144103
2025-02-14,HSI,-0.07454533176431453
2025-02-14,N225,0.02546164733534124
2025-02-14,SX5E,-0.11335996257141535
2025-02-14,000688.SH,0.0343777902473877
2025-02-14,SOX,0.019819354245541716
2025-02-14,NDX,-0.004983133694423746
2025-02-14,XAU,-0.10999506482846272
2025-02-14,COPPER,-0.1570914486024247
2025-02-14,WTI,0.001090556040271022
2025-02-14,BTC,0.02189893307353392
2025-02-14,ETH,0.2760843472890869
2025-02-14,US10Y,0.022709980419605535
2025-02-14,CN10Y,0.0292079748579808
2025-02-18,000300.SH,0.04223044289381818
2025-02-18,SPX,-0.016739699329304605
2025-02-18,HSI,-0.10918919072355963
2025-02-18,N225,0.026186684754322478
2025-02-18,SX5E,-0.11659470355944045
2025-02-18,000688.SH,0.043866532736602466
2025-02-18,SOX,0.007576807644830076
2025-02-18,NDX,-0.017219115316370624
2025-02-18,XAU,-0.09279378047397772
2025-02-18,COPPER,-0.1331074547509514
2025-02-18,WTI,0.028343072484776757
2025-02-18,BTC,0.0071066320163945
2025-02-18,ETH,0.28061221600311387
2025-02-18,US10Y,0.019596088443616343
2025-02-18,CN10Y,0.030125467176129645
2025-02-19,000300.SH,-0.02198527152187388
2025-02-19,SPX,-0.008940510476203794
2025-02-19,HSI,-0.15015984190580628
2025-02-19,N225,0.004814981783968087
2025-02-19,SX5E,-0.10184051622414186
2025-02-19,000688.SH,-0.046162163416493006
2025-02-19,SOX,0.04435587707104351
2025-02-19,NDX,-0.004221191776363435
2025-02-19,XAU,-0.10496960429861452
2025-02-19,COPPER,-0.11156067635732274
2025-02-19,WTI,0.03959634556802195
2025-02-19,BTC,0.12254215143328645
2025-02-19,ETH,0.3916036876236162
2025-02-19,US10Y,0.015169514861735088
2025-02-19,CN10Y,-0.06824278236485186
2025-02-20,000300.SH,-0.01051908001217809
2025-02-20,SPX,-0.017440495726001835
2025-02-20,HSI,-0.1545194395003464
2025-02-20,N225,0.030193030143103528
2025-02-20,SX5E,-0.0815266094701549
2025-02-20,000688.SH,-0.02190546136603276
2025-02-20,SOX,0.027155013640626998
2025-02-20,NDX,-0.015169423713812885
2025-02-20,XAU,-0.0940618854211837
2025-02-20,COPPER,-0.09850133740499308
2025-02-20,WTI,0.04309204288544068
2025-02-20,BTC,0.07903534199092677
2025-02-20,ETH,0.3191095967891154
2025-02-20,US10Y,0.031607213589636515
2025-02-20,CN10Y,-0.03654850642414631
2025-02-21,000300.SH,-0.004296521256675251
2025-02-21,SPX,-0.009463803344686961
2025-02-21,HSI,-0.14419599216529744
2025-02-21,N225,0.04139733824133272
2025-02-21,SX5E,-0.0836413445911598
2025-02-21,000688.SH,-0.012268904821028983
2025-02-21,SOX,0.022883025637129267
2025-02-21,NDX,-0.00680945247647953
2025-02-21,XAU,-0.0885833187135074
2025-02-21,COPPER,-0.08397589062157089
2025-02-21,WTI,0.02461946511715779
2025-02-21,BTC,0.05015778491823818
2025-02-21,ETH,0.306204046755113
2025-02-21,US10Y,0.03880346000737779
2025-02-21,CN10Y,-0.05082989268594257
2025-02-25,000300.SH,-0.028800636977359493
2025-02-25,SPX,-0.008998653176355738
2025-02-25,HSI,-0.19386532699901923
2025-02-25,N225,0.019613712029367805
2025-02-25,SX5E,-0.09002071991545207
2025-02-25,000688.SH,-0.08161873797349237
2025-02-25,SOX,0.02831856048842079
2025-02-25,NDX,-0.003677814820912225
2025-02-25,XAU,-0.07310131470783955
2025-02-25,COPPER,-0.06347932960250517
2025-02-25,WTI,0.09726609550046253
2025-02-25,BTC,0.06453656155022838
2025-02-25,ETH,0.3094804338007821
2025-02-25,US10Y,0.07819485259731745
2025-02-25,CN10Y,-0.05384768179364337
2025-02-26,000300.SH,-0.008829554570539638
2025-02-26,SPX,-0.015343629693806928
2025-02-26,HSI,-0.17803429970396675
2025-02-26,N225,0.008501179387092168
2025-02-26,SX5E,-0.08987700914972492
2025-02-26,000688.SH,-0.08336214741780833
2025-02-26,SOX,0.027081111148656536
2025-02-26,NDX,-0.01250004266325024
2025-02-26,XAU,-0.08391020966503263
2025-02-26,COPPER,-0.07778643799646551
2025-02-26,WTI,0.11015252946205252
2025-02-26,BTC,0.09018796361993595
2025-02-26,ETH,0.26077265865457044
2025-02-26,US10Y,0.10129756907042564
2025-02-26,CN10Y,-0.04834968048213841
2025-02-27,000300.SH,-0.04367286979352801
2025-02-27,SPX,-0.008255010873826792
2025-02-27,HSI,-0.21656910552325292
2025-02-27,N225,0.005860756343020695
2025-02-27,SX5E,-0.09669080354473292
2025-02-27,000688.SH,-0.14673298134298451
2025-02-27,SOX,0.0011377971302752449
2025-02-27,NDX,-0.008096761728716921
2025-02-27,XAU,-0.07929184633899937
2025-02-27,COPPER,-0.045483662716665076
2025-02-27,WTI,0.130416186301447
2025-02-27,BTC,0.14017741746047502
2025-02-27,ETH,0.33596844167989615
2025-02-27,US10Y,0.08495705617817093
2025-02-27,CN10Y,-0.05372461323057856
2025-02-28,000300.SH,-0.042259273815997644
2025-02-28,SPX,0.0033865221662287576
2025-02-28,HSI,-0.20201989549261115
2025-02-28,N225,0.006357564454839472
2025-02-28,SX5E,-0.07347826836996801
2025-02-28,000688.SH,-0.1618848843146715
2025-02-28,SOX,0.05572209504541565
2025-02-28,NDX,0.008693829287144307
2025-02-28,XAU,-0.05791256049202212
2025-02-28,COPPER,-0.0411730391014811
2025-02-28,WTI,0.09404298220122558
2025-02-28,BTC,0.12006118565910902
2025-02-28,ETH,0.2935577081149557
2025-02-28,US10Y,0.06450111164372385
2025-02-28,CN10Y,-0.06759507698589082
2025-03-03,000300.SH,-0.033577718757836855
2025-03-03,SPX,-0.016830289981437346
2025-03-03,HSI,-0.17567172316633267
2025-03-03,N225,0.026845871746503797
2025-03-03,SX5E,-0.0686996816312316
2025-03-03,000688.SH,-0.1378870423335808
2025-03-03,SOX,0.026467138793642556
2025-03-03,NDX,-0.014015030840253209
2025-03-03,XAU,-0.06294027918165919
2025-03-03,COPPER,-0.057801524540759354
2025-03-03,WTI,0.07341556096640384
2025-03-03,BTC,0.10525337868495972
2025-03-03,ETH,0.29260041599889713
2025-03-03,US10Y,0.07067991317733581
2025-03-03,CN10Y,-0.027838988934651747
2025-03-04,000300.SH,-0.03179455778519917
2025-03-04,SPX,0.002180200131776458
2025-03-04,HSI,-0.1564429349877037
2025-03-04,N225,0.02329830059823607
2025-03-04,SX5E,-0.08199840877163052
2025-03-04,000688.SH,-0.11915466811121389
2025-03-04,SOX,0.05834209943917885
2025-03-04,NDX,0.002001046600261366
2025-03-04,XAU,-0.07411539156299254
2025-03-04,COPPER,-0.06877068901255665
2025-03-04,WTI,0.06812122329009783
2025-03-04,BTC,0.07242911336176752
2025-03-04,ETH,0.24758068469112202
2025-03-04,US10Y,0.07843561738760095
2025-03-04,CN10Y,-0.020111635268744488
2025-03-05,000300.SH,-0.03943973000815789
2025-03-05,SPX,0.02186255665167028
2025-03-05,HSI,-0.16905168439297402
2025-03-05,N225,0.05145790317801742
2025-03-05,SX5E,-0.046152884795273616
2025-03-05,000688.SH,-0.13565037398107346
2025-03-05,SOX,0.0721395070432495
2025-03-05,NDX,0.020852246792535445
2025-03-05,XAU,-0.07898602375492898
2025-03-05,COPPER,-0.07627327731429889
2025-03-05,WTI,0.06939409183300965
2025-03-05,BTC,0.042006992206970364
2025-03-05,ETH,0.21871084164710908
2025-03-05,US10Y,0.07056369875935302
2025-03-05,CN10Y,-0.021433863865207736
2025-03-06,000300.SH,-0.03985437789232637
2025-03-06,SPX,0.0245101782453068
2025-03-06,HSI,-0.19437263695072662
2025-03-06,N225,0.05875161500173751
2025-03-06,SX5E,-0.05850131802210937
2025-03-06,000688.SH,-0.1447833111511349
2025-03-06,SOX,0.07505401856316712
2025-03-06,NDX,0.023619275681917726
2025-03-06,XAU,-0.07387027302746066
2025-03-06,COPPER,-0.11272219965629604
2025-03-06,WTI,0.08729130658393885
2025-03-06,BTC,0.03951997675381136
2025-03-06,ETH,0.26216374970880857
2025-03-06,US10Y,0.07332508261689223
2025-03-06,CN10Y,-0.020131086455526193
2025-03-07,000300.SH,-0.04667063883588288
2025-03-07,SPX,0.03816723805472727
2025-03-07,HSI,-0.20949639041278934
2025-03-07,N225,0.0501127243811743
2025-03-07,SX5E,-0.06434817061574125
2025-03-07,000688.SH,-0.17214883580401205
2025-03-07,SOX,0.09829067839948402
2025-03-07,NDX,0.04378511065109038
2025-03-07,XAU,-0.055768645420968474
2025-03-07,COPPER,-0.11063922656367438
2025-03-07,WTI,0.09282390417610709
2025-03-07,BTC,0.05128393697207821
2025-03-07,ETH,0.26421184174899054
2025-03-07,US10Y,0.06669409913370321
2025-03-07,CN10Y,-0.04629762586428662
2025-03-10,000300.SH,-0.03722175242988512
2025-03-10,SPX,0.03426476677528831
2025-03-10,HSI,-0.19052234080848707
2025-03-10,N225,0.06707722135120568
2025-03-10,SX5E,-0.05628067875034569
2025-03-10,000688.SH,-0.154466935093619
2025-03-10,SOX,0.015811908051355385
2025-03-10,NDX,0.030646443296283174
2025-03-10,XAU,-0.058941156469706844
2025-03-10,COPPER,-0.10721321203762005
2025-03-10,WTI,0.06747566608984709
2025-03-10,BTC,0.11561459056291776
2025-03-10,ETH,0.3347348007197911
2025-03-10,US10Y,0.036428410636416
2025-03-10,CN10Y,-0.09740773189344079
2025-03-11,000300.SH,-0.04387038652540892
2025-03-11,SPX,0.04835129140098337
2025-03-11,HSI,-0.1688821161632167
2025-03-11,N225,0.04148843245732359
2025-03-11,SX5E,-0.03806185427346652
2025-03-11,000688.SH,-0.1304769450531421
2025-03-11,SOX,0.05366823378134124
2025-03-11,NDX,0.060693825253256534
2025-03-11,XAU,-0.02292103903621428
2025-03-11,COPPER,-0.05954308194886542
2025-03-11,WTI,0.04409885263179435
2025-03-11,BTC,0.07031127850776972
2025-03-11,ETH,0.22623163552829728
2025-03-11,US10Y,0.02328308103191898
2025-03-11,CN10Y,-0.10437120759237095
2025-03-12,000300.SH,-0.033403546577718365
2025-03-12,SPX,0.06509845519539173
2025-03-12,HSI,-0.14914597581182842
2025-03-12,N225,0.054350654024546315
2025-03-12,SX5E,-0.003924770700538548
2025-03-12,000688.SH,-0.09656912706067007
2025-03-12,SOX,0.07741658103047418
2025-03-12,NDX,0.07794139301952724
2025-03-12,XAU,-0.030664930505025622
2025-03-12,COPPER,-0.08230417987007059
2025-03-12,WTI,0.030741254413865694
2025-03-12,BTC,0.04026667227112453
2025-03-12,ETH,0.19120139562816094
2025-03-12,US10Y,0.018969572664361507
2025-03-12,CN10Y,-0.1599734477216004
2025-03-13,000300.SH,-0.016484422554786722
2025-03-13,SPX,0.05251712155600701
2025-03-13,HSI,-0.12826991526130974
2025-03-13,N225,0.04664618717668805
2025-03-13,SX5E,-0.017921841481974402
2025-03-13,000688.SH,-0.0814557687594877
2025-03-13,SOX,0.04191884028343689
2025-03-13,NDX,0.05657191401141854
2025-03-13,XAU,-0.03426908400280948
2025-03-13,COPPER,-0.05943709765371807
2025-03-13,WTI,0.023493670253576925
2025-03-13,BTC,0.038892238119023634
2025-03-13,ETH,0.18545040143271851
2025-03-13,US10Y,0.020319941384330072
2025-03-13,CN10Y,-0.1279721845031134
2025-03-14,000300.SH,-0.01619657937445794
2025-03-14,SPX,0.057107557606132175
2025-03-14,HSI,-0.11171614504927142
2025-03-14,N225,0.04393044622512796
2025-03-14,SX5E,-0.012055711469309538
2025-03-14,000688.SH,-0.05420793943539756
2025-03-14,SOX,0.020158639250115226
2025-03-14,NDX,0.06327474286476027
2025-03-14,XAU,-0.045200308039710604
2025-03-14,COPPER,-0.06276707018630276
2025-03-14,WTI,0.044922486868095586
2025-03-14,BTC,0.01885584985782509
2025-03-14,ETH,0.1399107738106531
2025-03-14,US10Y,0.03234103350972664
2025-03-14,CN10Y,-0.118357776437986
2025-03-17,000300.SH,-0.033943235823026635
2025-03-17,SPX,0.04098536376423672
2025-03-17,HSI,-0.10974771526856504
2025-03-17,N225,0.04213571573554738
2025-03-17,SX5E,-0.012132228116799114
2025-03-17,000688.SH,-0.06671287521665634
2025-03-17,SOX,0.009371926804730533
2025-03-17,NDX,0.04882370557353694
2025-03-17,XAU,-0.040978236333676664
2025-03-17,COPPER,-0.05008971809585351
2025-03-17,WTI,0.02606264783505962
2025-03-17,BTC,0.01910303106253277
2025-03-17,ETH,0.17891124953758442
2025-03-17,US10Y,0.05504481444753103
2025-03-17,CN10Y,-0.10683444590618199
2025-03-18,000300.SH,-0.03415364076519375
2025-03-18,SPX,0.04992670223143581
2025-03-18,HSI,-0.1152035300472654
2025-03-18,N225,0.046813960679851954
2025-03-18,SX5E,0.000920714175528259
2025-03-18,000688.SH,-0.08474419988292398
2025-03-18,SOX,0.02122171872921321
2025-03-18,NDX,0.06544844337808214
2025-03-18,XAU,-0.03473937530214998
2025-03-18,COPPER,-0.036473702830629506
2025-03-18,WTI,0.02918771064883216
2025-03-18,BTC,0.02433044845249554
2025-03-18,ETH,0.1719442264127204
2025-03-18,US10Y,0.03711984868889791
2025-03-18,CN10Y,-0.14159932456889465
2025-03-19,000300.SH,-0.02864489342447278
2025-03-19,SPX,0.05941808283764023
2025-03-19,HSI,-0.10344045805276682
2025-03-19,N225,0.026623248430634412
2025-03-19,SX5E,-0.008031362864167032
2025-03-19,000688.SH,-0.08631355538449709
2025-03-19,SOX,0.03530743766216021
2025-03-19,NDX,0.08421965399502501
2025-03-19,XAU,-0.06726713791937078
2025-03-19,COPPER,-0.07200738864524668
2025-03-19,WTI,0.02764661357272923
2025-03-19,BTC,0.045055312989082164
2025-03-19,ETH,0.18240627394607664
2025-03-19,US10Y,0.030432114343520472
2025-03-19,CN10Y,-0.1254039414863471
2025-03-21,000300.SH,-0.0356285685911245
2025-03-21,SPX,0.0565637767326823
2025-03-21,HSI,-0.0844924055651656
2025-03-21,N225,0.03345988281218528
2025-03-21,SX5E,-0.0008150759673305691
2025-03-21,000688.SH,-0.08766421695557726
2025-03-21,SOX,0.05612785207595755
2025-03-21,NDX,0.08215569582983409
2025-03-21,XAU,-0.04941986688578375
2025-03-21,COPPER,-0.10226604357514207
2025-03-21,WTI,0.04177792949290401
2025-03-21,BTC,-0.0041810033844025506
2025-03-21,ETH,0.12044702185735469
2025-03-21,US10Y,0.0626763568572405
2025-03-21,CN10Y,-0.08874133473363206
2025-03-24,000300.SH,-0.009229107627703782
2025-03-24,SPX,0.04675094802363227
2025-03-24,HSI,-0.05296737010688466
2025-03-24,N225,0.02946853272707154
2025-03-24,SX5E,-0.006646306127698425
2025-03-24,000688.SH,-0.037329458729945086
2025-03-24,SOX,0.048696201635843345
2025-03-24,NDX,0.06109102525617085
2025-03-24,XAU,-0.04815552904637876
2025-03-24,COPPER,-0.11035065826412759
2025-03-24,WTI,0.018432047764559735
2025-03-24,BTC,-0.011202293170038773
2025-03-24,ETH,0.11714479477204058
2025-03-24,US10Y,0.051095805879436934
2025-03-24,CN10Y,-0.0967986329859781
2025-03-25,000300.SH,-0.013824150601606697
2025-03-25,SPX,0.036492896907639544
2025-03-25,HSI,-0.06843292580418021
2025-03-25,N225,0.021340666488895252
2025-03-25,SX5E,0.0014394560834301287
2025-03-25,000688.SH,-0.03929587854687907
2025-03-25,SOX,0.04887427209961786
2025-03-25,NDX,0.052288321547855295
2025-03-25,XAU,-0.046355700309285514
2025-03-25,COPPER,-0.0895214513216464
2025-03-25,WTI,0.02021263353919095
2025-03-25,BTC,0.0073067972107294776
2025-03-25,ETH,0.11984638178916249
2025-03-25,US10Y,0.030918999256599383
2025-03-25,CN10Y,-0.08129031833952245
2025-03-26,000300.SH,0.00040134262567533555
2025-03-26,SPX,0.019572303523330184
2025-03-26,HSI,-0.005082119680280502
2025-03-26,N225,0.01978545466377024
2025-03-26,SX5E,-0.006914202398882457
2025-03-26,000688.SH,0.03626329911635145
2025-03-26,SOX,0.02760948009798177
2025-03-26,NDX,0.028902457880078093
2025-03-26,XAU,-0.050386130824003485
2025-03-26,COPPER,-0.13315942752088467
2025-03-26,WTI,-0.010427953106368532
2025-03-26,BTC,-0.007072712765858658
2025-03-26,ETH,0.10939405889621288
2025-03-26,US10Y,0.01969480327732198
2025-03-26,CN10Y,-0.048580653784443595
2025-03-27,000300.SH,-0.0029410837294894135
2025-03-27,SPX,0.03161000108888474
2025-03-27,HSI,-0.02724701315738689
2025-03-27,N225,0.0030012570607292283
2025-03-27,SX5E,0.001163904167212443
2025-03-27,000688.SH,0.056600693077381324
2025-03-27,SOX,0.04216757846000273
2025-03-27,NDX,0.03940431671940575
2025-03-27,XAU,-0.05294634384746151
2025-03-27,COPPER,-0.11306383313756967
2025-03-27,WTI,-0.02433641985504677
2025-03-27,BTC,-0.03746604631694465
2025-03-27,ETH,0.13386638617375338
2025-03-27,US10Y,-0.01478220293817524
2025-03-27,CN10Y,-0.035031193765295475
2025-03-28,000300.SH,0.0032719259059899508
2025-03-28,SPX,0.03696184883176549
2025-03-28,HSI,0.0015316255752028185
2025-03-28,N225,0.007073624284991631
2025-03-28,SX5E,0.021740458483945072
2025-03-28,000688.SH,0.06838552665803009
2025-03-28,SOX,0.08927937379743275
2025-03-28,NDX,0.05057759920618947
2025-03-28,XAU,-0.0649432708709403
2025-03-28,COPPER,-0.1140742592007262
2025-03-28,WTI,-0.025847757621624303
2025-03-28,BTC,-0.08274622479229599
2025-03-28,ETH,0.08512006708553349
2025-03-28,US10Y,-0.032614470521778065
2025-03-28,CN10Y,-0.04371606682171596
2025-03-31,000300.SH,0.0077854074923316054
2025-03-31,SPX,0.030923609722492598
2025-03-31,HSI,-0.0032301301114215975
2025-03-31,N225,0.024968375663562664
2025-03-31,SX5E,0.014943488830709093
2025-03-31,000688.SH,0.07739172440897098
2025-03-31,SOX,0.035859429039306445
2025-03-31,NDX,0.03533591917873828
2025-03-31,XAU,-0.08842039823200801
2025-03-31,COPPER,-0.11482351211816656
2025-03-31,WTI,-4.6954138824924305e-05
2025-03-31,BTC,-0.07512424152508393
2025-03-31,ETH,0.09070078328009701
2025-03-31,US10Y,-0.006817748231885046
2025-03-31,CN10Y,-0.029445753258818673
2025-04-01,000300.SH,-0.0037939077266716786
2025-04-01,SPX,0.04212065515511043
2025-04-01,HSI,-0.023293711014864757
2025-04-01,N225,0.036694047285121545
2025-04-01,SX5E,0.02842823065291185
2025-04-01,000688.SH,0.045300504288430084
2025-04-01,SOX,0.06388037843873066
2025-04-01,NDX,0.054523184069026905
2025-04-01,XAU,-0.10466184672961852
2025-04-01,COPPER,-0.11290538776009414
2025-04-01,WTI,-0.03262236479495836
2025-04-01,BTC,-0.04495941984449167
2025-04-01,ETH,0.11694406800931498
2025-04-01,US10Y,-0.010054956389841895
2025-04-01,CN10Y,-0.05559947363810559
2025-04-02,000300.SH,-0.0009862037036048295
2025-04-02,SPX,0.031111695341077526
2025-04-02,HSI,-0.01707934046063626
2025-04-02,N225,0.05628638117666557
2025-04-02,SX5E,0.03388152576189786
2025-04-02,000688.SH,0.033651898299826885
2025-04-02,SOX,0.050207228077967944
2025-04-02,NDX,0.04071329467631497
2025-04-02,XAU,-0.08281876835331393
2025-04-02,COPPER,-0.0987358549604609
2025-04-02,WTI,-0.041020323076235134
2025-04-02,BTC,-0.014337957585840212
2025-04-02,ETH,0.08505129123798114
2025-04-02,US10Y,-0.00836462536140399
2025-04-02,CN10Y,-0.06756024107023684
2025-04-03,000300.SH,-0.0023311292712335572
2025-04-03,SPX,0.007844761046136139
2025-04-03,HSI,-0.023354950927965006
2025-04-03,N225,0.04002169094539065
2025-04-03,SX5E,0.006643675195296253
2025-04-03,000688.SH,0.05101891516595832
2025-04-03,SOX,0.03665999577036922
2025-04-03,NDX,0.02322206715389037
2025-04-03,XAU,-0.0893631213212859
2025-04-03,COPPER,-0.1025453099519769
2025-04-03,WTI,-0.043942284068307455
2025-04-03,BTC,0.014057556498953032
2025-04-03,ETH,0.13406838132727886
2025-04-03,US10Y,-0.004008390050851272
2025-04-03,CN10Y,-0.047991857511652955
2025-04-07,000300.SH,-0.0034902342409810255
2025-04-07,SPX,0.026823787581920472
2025-04-07,HSI,-0.010119278963636411
2025-04-07,N225,0.05617824076331295
2025-04-07,SX5E,0.03633587715245781
2025-04-07,000688.SH,0.04430585189978846
2025-04-07,SOX,0.05277702298168961
2025-04-07,NDX,0.03238437082717911
2025-04-07,XAU,-0.09287095926773403
2025-04-07,COPPER,-0.038728072988209586
2025-04-07,WTI,-0.04436670242247093
2025-04-07,BTC,-0.07085066158270369
2025-04-07,ETH,0.006342736750687278
2025-04-07,US10Y,0.01732789097126955
2025-04-07,CN10Y,-0.012049869462569654
2025-04-08,000300.SH,0.03601979854846679
2025-04-08,SPX,0.004302534722241812
2025-04-08,HSI,0.060412071203059234
2025-04-08,N225,0.10194652287600273
2025-04-08,SX5E,0.06145281249492078
2025-04-08,000688.SH,0.11548894382870259
2025-04-08,SOX,-0.050487598247008665
2025-04-08,NDX,-0.015045393120542427
2025-04-08,XAU,-0.08993967449094671
2025-04-08,COPPER,-0.021579322184946327
2025-04-08,WTI,-0.03218735440049308
2025-04-08,BTC,-0.14100022821193825
2025-04-08,ETH,-0.04147057237669407
2025-04-08,US10Y,-0.015702651153919472
2025-04-08,CN10Y,0.027790110513094903
2025-04-09,000300.SH,0.013317053612398919
2025-04-09,SPX,0.02271899255228664
2025-04-09,HSI,0.03456597058941516
2025-04-09,N225,0.016123651828860566
2025-04-09,SX5E,0.023103473495021853
2025-04-09,000688.SH,0.08276579121392245
2025-04-09,SOX,0.014742857779449905
2025-04-09,NDX,0.009340234160608312
2025-04-09,XAU,-0.09168428954407347
2025-04-09,COPPER,0.00487482027055397
2025-04-09,WTI,0.028532676126636698
2025-04-09,BTC,-0.14046477691215845
2025-04-09,ETH,-0.020079755480854188
2025-04-09,US10Y,-0.03517806165514475
2025-04-09,CN10Y,0.03732136196307617
2025-04-10,000300.SH,0.0325801247161196
2025-04-10,SPX,-0.017863669385606434
2025-04-10,HSI,0.08098357128726105
2025-04-10,N225,0.09093938477504851
2025-04-10,SX5E,0.08521669278518565
2025-04-10,000688.SH,0.08752703255173835
2025-04-10,SOX,-0.05416761681538143
2025-04-10,NDX,-0.04245750224648092
2025-04-10,XAU,-0.09114982743597952
2025-04-10,COPPER,-0.016288917751595945
2025-04-10,WTI,0.008328121269315817
2025-04-10,BTC,-0.14482952191101023
2025-04-10,ETH,-0.030187019546905922
2025-04-10,US10Y,-0.05133071564911043
2025-04-10,CN10Y,0.06269986335740146
2025-04-11,000300.SH,0.016763458593509317
2025-04-11,SPX,-0.0068667702144192405
2025-04-11,HSI,0.04657699398339929
2025-04-11,N225,-0.011430351520559767
2025-04-11,SX5E,0.019625726593900203
2025-04-11,000688.SH,0.06394019704316181
2025-04-11,SOX,-0.018264669063673383
2025-04-11,NDX,-0.025712370901687515
2025-04-11,XAU,-0.12027741984823227
2025-04-11,COPPER,0.018279225233681067
2025-04-11,WTI,0.04125785783502767
2025-04-11,BTC,-0.09777236828709537
2025-04-11,ETH,0.027202168215479633
2025-04-11,US10Y,-0.05813630515700276
2025-04-11,CN10Y,0.10481462749451095
2025-04-14,000300.SH,0.016580237053413653
2025-04-14,SPX,-0.0048713371048766056
2025-04-14,HSI,0.04192996972317517
2025-04-14,N225,0.02540760983821387
2025-04-14,SX5E,0.04314005766702936
2025-04-14,000688.SH,0.04775812483737843
2025-04-14,SOX,0.005252187716697228
2025-04-14,NDX,-0.015968847212382422
2025-04-14,XAU,-0.12583720878480426
2025-04-14,COPPER,0.008546893262761455
2025-04-14,WTI,0.05446213596156019
2025-04-14,BTC,-0.12263715732549198
2025-04-14,ETH,0.015427034031932008
2025-04-14,US10Y,-0.06459507513188828
2025-04-14,CN10Y,0.07540537546728185
2025-04-15,000300.SH,0.016461774713893054
2025-04-15,SPX,-0.011011062720254323
2025-04-15,HSI,0.02602204820401797
2025-04-15,N225,0.017862283952632667
2025-04-15,SX5E,0.019869012845215903
2025-04-15,000688.SH,0.03347909282298517
2025-04-15,SOX,0.02921514032353755
2025-04-15,NDX,-0.019432272058155762
2025-04-15,XAU,-0.08965338489343691
2025-04-15,COPPER,0.004781236890425766
2025-04-15,WTI,0.053454037724969775
2025-04-15,BTC,-0.13039625274639532
2025-04-15,ETH,0.007597129861931541
2025-04-15,US10Y,-0.047689059246230354
2025-04-15,CN10Y,0.08944027432486294
2025-04-16,000300.SH,0.03581455115950153
2025-04-16,SPX,-0.0013608492165574303
2025-04-16,HSI,0.034183148358627596
2025-04-16,N225,0.013655447326193792
2025-04-16,SX5E,0.014616515218439945
2025-04-16,000688.SH,0.053139985444652434
2025-04-16,SOX,0.02324180448708444
2025-04-16,NDX,-0.016631384359188255
2025-04-16,XAU,-0.105615208572403
2025-04-16,COPPER,-0.0015012835788708566
2025-04-16,WTI,0.050251000865636254
2025-04-16,BTC,-0.13180617017898286
2025-04-16,ETH,-0.005877533942110005
2025-04-16,US10Y,-0.03982100619378443
2025-04-16,CN10Y,0.0777109831817606
2025-04-17,000300.SH,0.026003192025208757
2025-04-17,SPX,0.015548446767837017
2025-04-17,HSI,0.05106094104476331
2025-04-17,N225,0.029352071741584537
2025-04-17,SX5E,0.016588722508498924
2025-04-17,000688.SH,0.03476901164848237
2025-04-17,SOX,0.05169827121615292
2025-04-17,NDX,0.0026824975564057364
2025-04-17,XAU,-0.13941234003217845
2025-04-17,COPPER,-0.00511562403715839
2025-04-17,WTI,0.028891328271657572
2025-04-17,BTC,-0.16749469679886145
2025-04-17,ETH,-0.0343807900236906
2025-04-17,US10Y,-0.031035115578921364
2025-04-17,CN10Y,0.12084408369021891
2025-04-22,000300.SH,0.03176541038443079
2025-04-22,SPX,0.009970046697019931
2025-04-22,HSI,0.06553866332419114
2025-04-22,N225,0.030331313104629172
2025-04-22,SX5E,0.033429685697647
2025-04-22,000688.SH,0.04295538309197117
2025-04-22,SOX,0.05354820120895148
2025-04-22,NDX,-0.0061253225252129884
2025-04-22,XAU,-0.12126951173999338
2025-04-22,COPPER,0.001117573146983057
2025-04-22,WTI,-0.004225364864258313
2025-04-22,BTC,-0.18408392449703742
2025-04-22,ETH,-0.02048992510607582
2025-04-22,US10Y,-0.045787788311576205
2025-04-22,CN10Y,0.11332556038833018
2025-04-23,000300.SH,0.03739683266575182
2025-04-23,SPX,0.030526384158693878
2025-04-23,HSI,0.07213079663351704
2025-04-23,N225,0.03821236992586303
2025-04-23,SX5E,0.03732206468076495
2025-04-23,000688.SH,0.045732782358288475
2025-04-23,SOX,0.07421108019547046
2025-04-23,NDX,0.015581263475852994
2025-04-23,XAU,-0.12625243370805192
2025-04-23,COPPER,0.011925647433728342
2025-04-23,WTI,0.019044813630893172
2025-04-23,BTC,-0.23728072322189842
2025-04-23,ETH,-0.05962467895657202
2025-04-23,US10Y,-0.07195262295790514
2025-04-23,CN10Y,0.11302642368560317
2025-04-24,000300.SH,0.021030919535645867
2025-04-24,SPX,0.03348639014781227
2025-04-24,HSI,0.023548116797473078
2025-04-24,N225,0.023979357726760183
2025-04-24,SX5E,0.006592535774947988
2025-04-24,000688.SH,0.027483612530985534
2025-04-24,SOX,0.06525573669164984
2025-04-24,NDX,0.022812867893157764
2025-04-24,XAU,-0.09953240175797759
2025-04-24,COPPER,0.029841444283310883
2025-04-24,WTI,0.07447934990083857
2025-04-24,BTC,-0.21523844604857814
2025-04-24,ETH,-0.049342171719959006
2025-04-24,US10Y,-0.06052316821914559
2025-04-24,CN10Y,0.09612585646307814
2025-04-25,000300.SH,0.026991875688253328
2025-04-25,SPX,0.026245865133285987
2025-04-25,HSI,0.03734861896847788
2025-04-25,N225,0.017832192200261252
2025-04-25,SX5E,-0.000901257111342927
2025-04-25,000688.SH,0.04248196505275515
2025-04-25,SOX,0.02089844624647319
2025-04-25,NDX,0.007276667775557546
2025-04-25,XAU,-0.1143078485574545
2025-04-25,COPPER,0.015557892716655367
2025-04-25,WTI,0.07791834736546317
2025-04-25,BTC,-0.21059516087290633
2025-04-25,ETH,-0.014788363038648306
2025-04-25,US10Y,-0.027142508200052762
2025-04-25,CN10Y,0.09518326663322184
2025-04-28,000300.SH,0.02797423083372528
2025-04-28,SPX,0.025558071638076836
2025-04-28,HSI,0.015292300132603083
2025-04-28,N225,0.0052846859328197285
2025-04-28,SX5E,0.005083386791203781
2025-04-28,000688.SH,0.030916193658190542
2025-04-28,SOX,0.01332612395267203
2025-04-28,NDX,0.007696962330763447
2025-04-28,XAU,-0.10008794987665717
2025-04-28,COPPER,0.05745359037059464
2025-04-28,WTI,0.0766126533417705
2025-04-28,BTC,-0.20932057453053526
2025-04-28,ETH,-0.016418767316833244
2025-04-28,US10Y,-0.025553236974706253
2025-04-28,CN10Y,0.08618232971631196
2025-04-30,000300.SH,0.026922339934409446
2025-04-30,SPX,0.017325321156795838
2025-04-30,HSI,0.02429430336372617
2025-04-30,N225,0.008267370902142336
2025-04-30,SX5E,-0.007642878457522205
2025-04-30,000688.SH,0.030287617652879194
2025-04-30,SOX,-0.00517888152987825
2025-04-30,NDX,-0.004506345172128928
2025-04-30,XAU,-0.10503534936683227
2025-04-30,COPPER,0.06130487030240925
2025-04-30,WTI,0.109619412055607
2025-04-30,BTC,-0.20293638934348432
2025-04-30,ETH,-0.033057091176772795
2025-04-30,US10Y,0.0005431021523070109
2025-04-30,CN10Y,0.0797925975263424
2025-05-07,000300.SH,0.02825491126373779
2025-05-07,SPX,-0.0025801030835665498
2025-05-07,HSI,0.012569424823600302
2025-05-07,N225,-0.0077273618671946835
2025-05-07,SX5E,-0.016168716629691993
2025-05-07,000688.SH,0.024410065002639467
2025-05-07,SOX,-0.040137635272286386
2025-05-07,NDX,-0.02875709461208651
2025-05-07,XAU,-0.07869310508298082
2025-05-07,COPPER,0.08580256508493873
2025-05-07,WTI,0.15908446164291112
2025-05-07,BTC,-0.20133640623991939
2025-05-07,ETH,-0.051272153814640835
2025-05-07,US10Y,0.01959829428872116
2025-05-07,CN10Y,0.09695285449581847
2025-05-08,000300.SH,0.02066456967554853
2025-05-08,SPX,-0.0017368727971249498
2025-05-08,HSI,0.007891081641057365
2025-05-08,N225,-0.034627506247759995
2025-05-08,SX5E,-0.02161199858185981
2025-05-08,000688.SH,0.013275858710878718
2025-05-08,SOX,-0.04019762901601591
2025-05-08,NDX,-0.027952936447581383
2025-05-08,XAU,-0.08069175856346773
2025-05-08,COPPER,0.11012724565840473
2025-05-08,WTI,0.17832690515004668
2025-05-08,BTC,-0.19169693192894155
2025-05-08,ETH,-0.015330873380997694
2025-05-08,US10Y,-0.012514371248237292
2025-05-08,CN10Y,0.09607521737605014
2025-05-09,000300.SH,0.022813606318734928
2025-05-09,SPX,0.029308021934745257
2025-05-09,HSI,0.020391859227631426
2025-05-09,N225,-0.06568947399480138
2025-05-09,SX5E,-0.030969529312535417
2025-05-09,000688.SH,0.030428806081083552
2025-05-09,SOX,0.006790493385756713
2025-05-09,NDX,0.00172336764982782
2025-05-09,XAU,-0.03608001164290198
2025-05-09,COPPER,0.13684766337004844
2025-05-09,WTI,0.20967423570712038
2025-05-09,BTC,-0.21872352662668815
2025-05-09,ETH,-0.18193766873241385
2025-05-09,US10Y,-0.03501978947320692
2025-05-09,CN10Y,0.11044194610759904
2025-05-12,000300.SH,0.02674184327662058
2025-05-12,SPX,0.035662612205056385
2025-05-12,HSI,0.02274942644055236
2025-05-12,N225,-0.07955341979359493
2025-05-12,SX5E,-0.020477296001072644
2025-05-12,000688.SH,0.05524021555959528
2025-05-12,SOX,0.0012849133010623594
2025-05-12,NDX,0.010866332525703879
2025-05-12,XAU,-0.04377120898321631
2025-05-12,COPPER,0.12678047134290216
2025-05-12,WTI,0.1976017327435609
2025-05-12,BTC,-0.1910279553393754
2025-05-12,ETH,-0.20251148818667689
2025-05-12,US10Y,-0.05047053946932042
2025-05-12,CN10Y,0.11088436037820246
2025-05-13,000300.SH,0.02644411934576061
2025-05-13,SPX,0.03495206980937816
2025-05-13,HSI,0.016498812384444336
2025-05-13,N225,-0.06960183778160248
2025-05-13,SX5E,-0.02509928924876356
2025-05-13,000688.SH,0.06492681158842273
2025-05-13,SOX,-0.0124571268557594
2025-05-13,NDX,0.00955835001545007
2025-05-13,XAU,0.005036965631139444
2025-05-13,COPPER,0.15678001218862653
2025-05-13,WTI,0.19949234385444717
2025-05-13,BTC,-0.1767931308858888
2025-05-13,ETH,-0.25286385338533574
2025-05-13,US10Y,-0.05185327796311824
2025-05-13,CN10Y,0.07497903130279901
2025-05-14,000300.SH,0.033370911906159255
2025-05-14,SPX,0.022185280760877963
2025-05-14,HSI,0.05408906211461617
2025-05-14,N225,-0.0940637648818615
2025-05-14,SX5E,-0.03826942900924705
2025-05-14,000688.SH,0.07843668829594827
2025-05-14,SOX,-0.04863562674031333
2025-05-14,NDX,-0.003342134417608361
2025-05-14,XAU,0.001778977198909697
2025-05-14,COPPER,0.13419001606491265
2025-05-14,WTI,0.1526491456970433
2025-05-14,BTC,-0.08935784394355867
2025-05-14,ETH,-0.19043596220179926
2025-05-14,US10Y,-0.06923144363177934
2025-05-14,CN10Y,0.05663612278770004
2025-05-15,000300.SH,-0.005066697312330563
2025-05-15,SPX,0.02480492772197232
2025-05-15,HSI,-0.007696990381274929
2025-05-15,N225,-0.13132392084432343
2025-05-15,SX5E,-0.05589532390756416
2025-05-15,000688.SH,0.03722719241747857
2025-05-15,SOX,0.0020372036488522927
2025-05-15,NDX,0.009333948991927644
2025-05-15,XAU,0.01806999365338445
2025-05-15,COPPER,0.12307199971778235
2025-05-15,WTI,0.14956832905934342
2025-05-15,BTC,-0.02140511024948477
2025-05-15,ETH,-0.13567110998821696
2025-05-15,US10Y,-0.043044493304087536
2025-05-15,CN10Y,0.03599005077654123
2025-05-16,000300.SH,0.021780902127642412
2025-05-16,SPX,0.004909662732282619
2025-05-16,HSI,0.01728212486329212
2025-05-16,N225,-0.059093104448457875
2025-05-16,SX5E,-0.03014366765590623
2025-05-16,000688.SH,0.06770237119701171
2025-05-16,SOX,-0.028469888969965766
2025-05-16,NDX,-0.011153506026245631
2025-05-16,XAU,-0.0010439476728159695
2025-05-16,COPPER,0.0714701181986293
2025-05-16,WTI,0.11655383335598381
2025-05-16,BTC,-0.05873750463222439
2025-05-16,ETH,-0.16365681084164138
2025-05-16,US10Y,0.0005504950859338553
2025-05-16,CN10Y,0.05204892268648133
2025-05-19,000300.SH,0.007523173855748733
2025-05-19,SPX,0.03135927177457873
2025-05-19,HSI,-0.02822028669570167
2025-05-19,N225,-0.12759289133177984
2025-05-19,SX5E,-0.0983624425933999
2025-05-19,000688.SH,0.07376967002337773
2025-05-19,SOX,0.05260307678576737
2025-05-19,NDX,0.030268211756677883
2025-05-19,XAU,0.01520995089835504
2025-05-19,COPPER,0.10801228551532965
2025-05-19,WTI,0.12021641704024602
2025-05-19,BTC,-0.05890468588188966
2025-05-19,ETH,-0.16447066776337282
2025-05-19,US10Y,0.011487785872791914
2025-05-19,CN10Y,0.027101130743270755
2025-05-20,000300.SH,0.029247380681365176
2025-05-20,SPX,0.007437208704165358
2025-05-20,HSI,0.0037326559583307586
2025-05-20,N225,-0.024459893261193837
2025-05-20,SX5E,-0.049518629073266276
2025-05-20,000688.SH,0.09273438544745437
2025-05-20,SOX,-0.0017216309441209048
2025-05-20,NDX,0.0014534772630568115
2025-05-20,XAU,0.04225534955656382
2025-05-20,COPPER,0.0881928640282949
2025-05-20,WTI,0.09021220785849644
2025-05-20,BTC,-0.09974283947452137
2025-05-20,ETH,-0.22212710719978607
2025-05-20,US10Y,0.021290041175098473
2025-05-20,CN10Y,0.021014529280062248
2025-05-21,000300.SH,0.022413977335673702
2025-05-21,SPX,0.016871064280537636
2025-05-21,HSI,-0.011137075133015829
2025-05-21,N225,-0.05945151963635936
2025-05-21,SX5E,-0.0673327762570971
2025-05-21,000688.SH,0.10185042091725333
2025-05-21,SOX,0.002508919919557021
2025-05-21,NDX,0.00897608605687988
2025-05-21,XAU,0.027808102599642018
2025-05-21,COPPER,0.10908590292560638
2025-05-21,WTI,0.09534225001873456
2025-05-21,BTC,-0.08107373423777364
2025-05-21,ETH,-0.21695120201100057
2025-05-21,US10Y,0.032501341972508424
2025-05-21,CN10Y,0.018588241248853516
2025-05-22,000300.SH,0.015558829449791024
2025-05-22,SPX,0.03122832696417655
2025-05-22,HSI,-0.0022791341448574285
2025-05-22,N225,-0.04535471215444927
2025-05-22,SX5E,-0.046464749473509
2025-05-22,000688.SH,0.099651771682354
2025-05-22,SOX,0.00650890382530551
2025-05-22,NDX,0.016397629974964505
2025-05-22,XAU,0.007263509246321358
2025-05-22,COPPER,0.13726942054332364
2025-05-22,WTI,0.10289483735505603
2025-05-22,BTC,-0.10671709197987926
2025-05-22,ETH,-0.21268581186618224
2025-05-22,US10Y,-0.01421386673293372
2025-05-22,CN10Y,0.010942137310518168
2025-05-23,000300.SH,0.01807797995498644
2025-05-23,SPX,0.032683940770666116
2025-05-23,HSI,0.01446874315280037
2025-05-23,N225,-0.027425249336784863
2025-05-23,SX5E,-0.02748955705709971
2025-05-23,000688.SH,0.09854636370323733
2025-05-23,SOX,0.02162355357704219
2025-05-23,NDX,0.019981024493478394
2025-05-23,XAU,0.021229763341475874
2025-05-23,COPPER,0.12570120986904065
2025-05-23,WTI,0.11267235401192081
2025-05-23,BTC,-0.1327885718031415
2025-05-23,ETH,-0.272387389090403
2025-05-23,US10Y,-0.011650656564335019
2025-05-23,CN10Y,0.006756490977115755
2025-05-27,000300.SH,0.02874432885795251
2025-05-27,SPX,0.016712552115709274
2025-05-27,HSI,-0.007453311825254818
2025-05-27,N225,-0.04275593176107308
2025-05-27,SX5E,-0.010477589011570998
2025-05-27,000688.SH,0.1167948071978053
2025-05-27,SOX,-0.004378057454774632
2025-05-27,NDX,-0.0014160758982902184
2025-05-27,XAU,0.03676807402847367
2025-05-27,COPPER,0.0988760331182218
2025-05-27,WTI,0.11261105702542273
2025-05-27,BTC,-0.08961785547178899
2025-05-27,ETH,-0.2307749128806307
2025-05-27,US10Y,-0.019456470586829082
2025-05-27,CN10Y,-0.004176647453372888
2025-05-28,000300.SH,0.039813324345245406
2025-05-28,SPX,-0.0026898980969904934
2025-05-28,HSI,0.017727367009132675
2025-05-28,N225,-0.04419562398565385
2025-05-28,SX5E,-0.03344024098245115
2025-05-28,000688.SH,0.12653848483980562
2025-05-28,SOX,-0.04511431493533865
2025-05-28,NDX,-0.02560352966239625
2025-05-28,XAU,0.04871725581657069
2025-05-28,COPPER,0.12892073552989702
2025-05-28,WTI,0.15250230689416738
2025-05-28,BTC,-0.09395473766852964
2025-05-28,ETH,-0.2781547985411102
2025-05-28,US10Y,0.010379719879037687
2025-05-28,CN10Y,-0.0014460504413863276
2025-05-30,000300.SH,0.03179088751359808
2025-05-30,SPX,-0.019765454932281334
2025-05-30,HSI,0.008267597588148254
2025-05-30,N225,-0.058365443866139004
2025-05-30,SX5E,-0.033495962936118506
2025-05-30,000688.SH,0.1106095700136433
2025-05-30,SOX,-0.08041117208259209
2025-05-30,NDX,-0.04838192250664078
2025-05-30,XAU,0.05814449363723531
2025-05-30,COPPER,0.14400825843280235
2025-05-30,WTI,0.11277054596916056
2025-05-30,BTC,-0.01772368658555588
2025-05-30,ETH,-0.23320696989201997
2025-05-30,US10Y,0.011766665994344502
2025-05-30,CN10Y,0.013992593652415137
2025-06-03,000300.SH,0.0225985613704732
2025-06-03,SPX,-0.024577020728003583
2025-06-03,HSI,0.013876343433009817
2025-06-03,N225,-0.05347923517775495
2025-06-03,SX5E,-0.013076839907906415
2025-06-03,000688.SH,0.08785709702416317
2025-06-03,SOX,-0.05540022996543337
2025-06-03,NDX,-0.04769779184352912
2025-06-03,XAU,0.024400842747521155
2025-06-03,COPPER,0.11747746716966306
2025-06-03,WTI,0.09295929339750206
2025-06-03,BTC,-0.005213381542690292
2025-06-03,ETH,-0.19870328013056315
2025-06-03,US10Y,0.018198370631648912
2025-06-03,CN10Y,0.02077980352189942
2025-06-04,000300.SH,0.022940195711099377
2025-06-04,SPX,-0.006470949738948937
2025-06-04,HSI,0.004305546028291734
2025-06-04,N225,-0.03142303601345203
2025-06-04,SX5E,-0.007094642853400713
2025-06-04,000688.SH,0.07853274850786071
2025-06-04,SOX,-0.028627830542613118
2025-06-04,NDX,-0.025509523937084177
2025-06-04,XAU,0.025533151218193176
2025-06-04,COPPER,0.10305528167115614
2025-06-04,WTI,0.06803793188787796
2025-06-04,BTC,-0.003858372593629266
2025-06-04,ETH,-0.21364930658579345
2025-06-04,US10Y,-0.008161852432493476
2025-06-04,CN10Y,0.02239065967293603
2025-06-05,000300.SH,0.01814529489676001
2025-06-05,SPX,-0.001556445941663506
2025-06-05,HSI,-0.0006854199229082494
2025-06-05,N225,-0.021398175522574576
2025-06-05,SX5E,-0.006110074417517191
2025-06-05,000688.SH,0.07342368188991516
2025-06-05,SOX,-0.03631005963153034
2025-06-05,NDX,-0.01975798292079629
2025-06-05,XAU,0.009203364075226744
2025-06-05,COPPER,0.08480820348316477
2025-06-05,WTI,0.08169798486773398
2025-06-05,BTC,0.006291238280534811
2025-06-05,ETH,-0.21551146072952115
2025-06-05,US10Y,0.004684786019516662
2025-06-05,CN10Y,0.023075065573659105
2025-06-06,000300.SH,0.01205027009596998
2025-06-06,SPX,-0.0003382583845586507
2025-06-06,HSI,-0.01618873962138203
2025-06-06,N225,-0.01453247418323629
2025-06-06,SX5E,-0.006571805599205007
2025-06-06,000688.SH,0.057985453514551574
2025-06-06,SOX,-0.04366415674681361
2025-06-06,NDX,-0.017554390027277576
2025-06-06,XAU,0.021133408772021252
2025-06-06,COPPER,0.07713176128283734
2025-06-06,WTI,0.04801339853911514
2025-06-06,BTC,0.03421748036510889
2025-06-06,ETH,-0.14572023354523228
2025-06-06,US10Y,-0.017552935083815967
2025-06-06,CN10Y,0.011591220621917198
2025-06-10,000300.SH,0.01829851936471127
2025-06-10,SPX,0.012981264947465182
2025-06-10,HSI,0.010825830022222843
2025-06-10,N225,-0.00677146149948542
2025-06-10,SX5E,-0.0034353999922304866
2025-06-10,000688.SH,0.08433352316410343
2025-06-10,SOX,-0.021938799393007684
2025-06-10,NDX,-0.0005560530807208332
2025-06-10,XAU,0.024744301056944244
2025-06-10,COPPER,0.052929279501114
2025-06-10,WTI,-0.018889635999848914
2025-06-10,BTC,0.020767962491136563
2025-06-10,ETH,-0.13580665689128868
2025-06-10,US10Y,-0.05240346018255264
2025-06-10,CN10Y,0.01492078649143708
2025-06-11,000300.SH,0.03648265505377149
2025-06-11,SPX,0.017794163138848684
2025-06-11,HSI,0.020937464689854326
2025-06-11,N225,0.000987048769168864
2025-06-11,SX5E,0.013094252908294739
2025-06-11,000688.SH,0.10977362072536356
2025-06-11,SOX,-0.026242806037688957
2025-06-11,NDX,0.00601480024907447
2025-06-11,XAU,0.04084072388153586
2025-06-11,COPPER,0.043606965108720655
2025-06-11,WTI,-0.005198911767807242
2025-06-11,BTC,-0.006145613127869928
2025-06-11,ETH,-0.2542838748846421
2025-06-11,US10Y,-0.022007609602834655
2025-06-11,CN10Y,0.024347120896210217
2025-06-12,000300.SH,0.021574940306715064
2025-06-12,SPX,0.0016227477177101304
2025-06-12,HSI,-0.007771084390364006
2025-06-12,N225,-0.011776215586959547
2025-06-12,SX5E,0.014937564337790747
2025-06-12,000688.SH,0.08983203823200646
2025-06-12,SOX,-0.058085734400776086
2025-06-12,NDX,-0.010280128646426119
2025-06-12,XAU,0.002350449195033376
2025-06-12,COPPER,0.02708572176725098
2025-06-12,WTI,-0.050557678410849446
2025-06-12,BTC,0.035928898779059866
2025-06-12,ETH,-0.08291375610514569
2025-06-12,US10Y,0.009348579067770908
2025-06-12,CN10Y,0.018703658137183405
2025-06-13,000300.SH,0.014592633130730469
2025-06-13,SPX,-0.014435564111768162
2025-06-13,HSI,-0.0011388511728174875
2025-06-13,N225,0.005065471805111503
2025-06-13,SX5E,0.018507233040621313
2025-06-13,000688.SH,0.06513773776604187
2025-06-13,SOX,-0.07334415378865061
2025-06-13,NDX,-0.026588555351285185
2025-06-13,XAU,-0.005447053881557861
2025-06-13,COPPER,0.0060164046726473505
2025-06-13,WTI,-0.05678564179094112
2025-06-13,BTC,0.043534126831177286
2025-06-13,ETH,-0.004642398007262627
2025-06-13,US10Y,0.01727616762469316
2025-06-13,CN10Y,0.012252443233260128
2025-06-16,000300.SH,0.02085645711162921
2025-06-16,SPX,0.004924278665864434
2025-06-16,HSI,0.011185667870691737
2025-06-16,N225,0.00674046412217695
2025-06-16,SX5E,0.03382334415254237
2025-06-16,000688.SH,0.058027082687373534
2025-06-16,SOX,-0.02059188671487179
2025-06-16,NDX,-0.0030377065587664648
2025-06-16,XAU,-0.05442951281432888
2025-06-16,COPPER,-0.007547686918560467
2025-06-16,WTI,-0.12610558110080117
2025-06-16,BTC,0.0031202617249625926
2025-06-16,ETH,0.01988787325353571
2025-06-16,US10Y,0.01622338716446143
2025-06-16,CN10Y,0.03692355735409086
2025-06-17,000300.SH,0.015531883024817481
2025-06-17,SPX,-0.005412349462025625
2025-06-17,HSI,-0.022378762930304278
2025-06-17,N225,0.004584385311654875
2025-06-17,SX5E,0.02453159237443159
2025-06-17,000688.SH,0.052689820547695145
2025-06-17,SOX,-0.03467504474733014
2025-06-17,NDX,-0.011526729531322975
2025-06-17,XAU,-0.03962392999659117
2025-06-17,COPPER,-0.014177993948980637
2025-06-17,WTI,-0.08757344349371099
2025-06-17,BTC,-0.002674339867809683
2025-06-17,ETH,0.08635649733149353
2025-06-17,US10Y,0.010711604631453047
2025-06-17,CN10Y,0.023636810756529802
2025-06-18,000300.SH,0.027527765880569398
2025-06-18,SPX,0.001998949472554588
2025-06-18,HSI,0.002214143014192978
2025-06-18,N225,-0.0035563821021725
2025-06-18,SX5E,0.030612602485343435
2025-06-18,000688.SH,0.06351084944463531
2025-06-18,SOX,-0.023695076725097793
2025-06-18,NDX,0.0018899731272559528
2025-06-18,XAU,-0.0636468019664362
2025-06-18,COPPER,-0.02444212775922058
2025-06-18,WTI,-0.15433018795695524
2025-06-18,BTC,0.009805889566264684
2025-06-18,ETH,0.06818337004120066
2025-06-18,US10Y,0.03493846108611111
2025-06-18,CN10Y,0.028988572391754196
2025-06-20,000300.SH,0.019929769279143143
2025-06-20,SPX,0.011747762469512403
2025-06-20,HSI,0.01061037397936883
2025-06-20,N225,-0.019961365486614542
2025-06-20,SX5E,0.03922728294597113
2025-06-20,000688.SH,0.049234380171943974
2025-06-20,SOX,-0.025480654357054367
2025-06-20,NDX,0.008993621624752457
2025-06-20,XAU,-0.036189838217492026
2025-06-20,COPPER,-0.02285165356730754
2025-06-20,WTI,-0.15935939565852872
2025-06-20,BTC,0.01659191616753366
2025-06-20,ETH,0.05282818820746614
2025-06-20,US10Y,0.0211948110401146
2025-06-20,CN10Y,0.033484801401190846
2025-06-23,000300.SH,0.019795417131924845
2025-06-23,SPX,0.015441601195302393
2025-06-23,HSI,0.008506903116251241
2025-06-23,N225,-0.010183772276848635
2025-06-23,SX5E,0.045365865636086404
2025-06-23,000688.SH,0.05023222736261449
2025-06-23,SOX,-0.02949587743479162
2025-06-23,NDX,0.011260079518434815
2025-06-23,XAU,-0.04912818108593513
2025-06-23,COPPER,-0.04427651216259309
2025-06-23,WTI,-0.1660528437463177
2025-06-23,BTC,0.02193818352424718
2025-06-23,ETH,0.08080339071621748
2025-06-23,US10Y,0.015714662496409182
2025-06-23,CN10Y,0.03007885600899818
2025-06-24,000300.SH,0.011125589445360781
2025-06-24,SPX,0.0014956126295594951
2025-06-24,HSI,-0.003735402096156887
2025-06-24,N225,-0.018060810871868477
2025-06-24,SX5E,0.04466577735634629
2025-06-24,000688.SH,0.042835913794460806
2025-06-24,SOX,-0.04978417647672252
2025-06-24,NDX,-0.004672589118255469
2025-06-24,XAU,-0.04255726053843487
2025-06-24,COPPER,-0.04548726849491227
2025-06-24,WTI,-0.07575093160428914
2025-06-24,BTC,0.015561841047142085
2025-06-24,ETH,0.061487679230813067
2025-06-24,US10Y,0.0301905337205527
2025-06-24,CN10Y,0.03268549197640444
2025-06-25,000300.SH,0.006144864390975756
2025-06-25,SPX,-0.010426357410812482
2025-06-25,HSI,-0.006631439176967506
2025-06-25,N225,-0.02709601081197377
2025-06-25,SX5E,0.03712711165648135
2025-06-25,000688.SH,0.029643476018382218
2025-06-25,SOX,-0.08354544223439753
2025-06-25,NDX,-0.020259182605032303
2025-06-25,XAU,-0.000907165298324953
2025-06-25,COPPER,-0.04249906202854918
2025-06-25,WTI,-0.038450594668585455
2025-06-25,BTC,0.023646784741004328
2025-06-25,ETH,0.05252875588835655
2025-06-25,US10Y,0.04398243435526634
2025-06-25,CN10Y,0.036741827184176644
2025-06-26,000300.SH,-0.0016744685825098062
2025-06-26,SPX,-0.022957228682742623
2025-06-26,HSI,-0.0093572758804152
2025-06-26,N225,-0.035426918354067756
2025-06-26,SX5E,0.04763518591056394
2025-06-26,000688.SH,0.012761877121923598
2025-06-26,SOX,-0.10472224077685184
2025-06-26,NDX,-0.031643739724995214
2025-06-26,XAU,0.0052393245591381
2025-06-26,COPPER,-0.047941629039034685
2025-06-26,WTI,-0.04828033693538987
2025-06-26,BTC,0.04235857209668919
2025-06-26,ETH,0.08473117798307273
2025-06-26,US10Y,0.06928913591802241
2025-06-26,CN10Y,0.03998856438659703
2025-06-27,000300.SH,0.0020905798364388023
2025-06-27,SPX,-0.02969241548987676
2025-06-27,HSI,-0.013530706634365515
2025-06-27,N225,-0.059473973198498585
2025-06-27,SX5E,0.04463951738144115
2025-06-27,000688.SH,0.014870497321310124
2025-06-27,SOX,-0.11612403307679785
2025-06-27,NDX,-0.03755654258527252
2025-06-27,XAU,0.0008854522798935052
2025-06-27,COPPER,-0.0666732403746184
2025-06-27,WTI,-0.05967565644544888
2025-06-27,BTC,0.06674875862199887
2025-06-27,ETH,0.13494945474413425
2025-06-27,US10Y,0.0677902389107843
2025-06-27,CN10Y,0.05075206870887752
2025-06-30,000300.SH,0.004075052545259474
2025-06-30,SPX,-0.034051228618683406
2025-06-30,HSI,-0.002192148288513774
2025-06-30,N225,-0.06559447454802288
2025-06-30,SX5E,0.015142364538564703
2025-06-30,000688.SH,0.011655518905594481
2025-06-30,SOX,-0.11894022941059815
2025-06-30,NDX,-0.04173095540705776
2025-06-30,XAU,0.039006632987238915
2025-06-30,COPPER,-0.021609109432017118
2025-06-30,WTI,-0.03415516853366267
2025-06-30,BTC,0.03715979795972311
2025-06-30,ETH,0.10001600518111846
2025-06-30,US10Y,0.05631048168101121
2025-06-30,CN10Y,0.05490746044004539
2025-07-02,000300.SH,-0.011911234960328426
2025-07-02,SPX,-0.02124713517822765
2025-07-02,HSI,-0.005111988398393287
2025-07-02,N225,-0.05986277658136463
2025-07-02,SX5E,0.03474289325099285
2025-07-02,000688.SH,-0.013118838091515525
2025-07-02,SOX,-0.08973186857202563
2025-07-02,NDX,-0.027375975332729067
2025-07-02,XAU,0.011948169065862085
2025-07-02,COPPER,-0.04606408805942945
2025-07-02,WTI,-0.04622177837745475
2025-07-02,BTC,0.04718352051694861
2025-07-02,ETH,0.1208962147316613
2025-07-02,US10Y,0.04910475311667194
2025-07-02,CN10Y,0.056770132869331594
2025-07-03,000300.SH,-0.008469672942585807
2025-07-03,SPX,-0.01831714813862786
2025-07-03,HSI,-0.005077262661888569
2025-07-03,N225,-0.036334867322507944
2025-07-03,SX5E,0.03172394782540417
2025-07-03,000688.SH,0.013776663513358775
2025-07-03,SOX,-0.08570293981834413
2025-07-03,NDX,-0.01602300341686199
2025-07-03,XAU,-0.004492837111224071
2025-07-03,COPPER,-0.06178899802526312
2025-07-03,WTI,-0.06016374617435359
2025-07-03,BTC,0.03640621692411508
2025-07-03,ETH,0.12640709231980027
2025-07-03,US10Y,0.046866519001165736
2025-07-03,CN10Y,0.04119003602781295
2025-07-07,000300.SH,-0.008095637839251105
2025-07-07,SPX,-0.011857374837125076
2025-07-07,HSI,0.012717856948770203
2025-07-07,N225,-0.025538733347368656
2025-07-07,SX5E,0.030929075881491803
2025-07-07,000688.SH,0.02537480098784241
2025-07-07,SOX,-0.08905024060431183
2025-07-07,NDX,-0.011921924705901879
2025-07-07,XAU,0.009227445425015406
2025-07-07,COPPER,-0.033914890821790625
2025-07-07,WTI,-0.06114172982627724
2025-07-07,BTC,0.009696725756705786
2025-07-07,ETH,0.09110991612846263
2025-07-07,US10Y,0.02493378632082615
2025-07-07,CN10Y,0.037530924532911875
2025-07-08,000300.SH,-0.01588023767575412
2025-07-08,SPX,-0.01708175740747879
2025-07-08,HSI,0.008343996081076312
2025-07-08,N225,-0.04457960902434194
2025-07-08,SX5E,0.02026880563335781
2025-07-08,000688.SH,0.021275801358894782
2025-07-08,SOX,-0.06729406552074753
2025-07-08,NDX,-0.016322564764469586
2025-07-08,XAU,0.017203417351043762
2025-07-08,COPPER,-0.0008579592240505612
2025-07-08,WTI,-0.03294367992499107
2025-07-08,BTC,0.003679140958956653
2025-07-08,ETH,0.07383535657724043
2025-07-08,US10Y,0.018496649786480423
2025-07-08,CN10Y,0.03185670579478332
2025-07-09,000300.SH,-0.013965293629885958
2025-07-09,SPX,-0.004143713256295652
2025-07-09,HSI,0.014573007815601339
2025-07-09,N225,-0.03313003075483369
2025-07-09,SX5E,0.026859349031540955
2025-07-09,000688.SH,0.020321030550529383
2025-07-09,SOX,-0.0501636400370428
2025-07-09,NDX,-0.0002150430685458858
2025-07-09,XAU,0.03781006568347589
2025-07-09,COPPER,-0.07677615685168204
2025-07-09,WTI,-0.035120873296217346
2025-07-09,BTC,0.005134682842564022
2025-07-09,ETH,0.0819749115148988
2025-07-09,US10Y,-0.00412174840948409
2025-07-09,CN10Y,0.030963451865376877
2025-07-10,000300.SH,-0.003719238862964112
2025-07-10,SPX,-0.0030595402471562854
2025-07-10,HSI,0.04742491667273363
2025-07-10,N225,-0.035880808082063266
2025-07-10,SX5E,0.021044282357323432
2025-07-10,000688.SH,0.048402581206660716
2025-07-10,SOX,-0.037496098527770944
2025-07-10,NDX,-0.0008052317976614356
2025-07-10,XAU,0.03239898701801762
2025-07-10,COPPER,-0.06624039758717362
2025-07-10,WTI,-0.014959875722104452
2025-07-10,BTC,-0.03049517213477318
2025-07-10,ETH,-0.018345566498793583
2025-07-10,US10Y,0.02375151168650213
2025-07-10,CN10Y,0.037979650519223106
2025-07-11,000300.SH,-0.007752165667779442
2025-07-11,SPX,0.007697258587097114
2025-07-11,HSI,0.0398401339099648
2025-07-11,N225,-0.024569780234128678
2025-07-11,SX5E,0.02784849924265291
2025-07-11,000688.SH,0.04901808295823773
2025-07-11,SOX,-0.033813086681135536
2025-07-11,NDX,0.014273384044004446
2025-07-11,XAU,0.016826480428678098
2025-07-11,COPPER,-0.09278923738169288
2025-07-11,WTI,0.03249028919991098
2025-07-11,BTC,-0.04306662743452856
2025-07-11,ETH,-0.050101235341785635
2025-07-11,US10Y,0.046544718963567634
2025-07-11,CN10Y,0.017553285406936694
2025-07-14,000300.SH,-0.017653917802885347
2025-07-14,SPX,0.004491763387073385
2025-07-14,HSI,0.038362340877701524
2025-07-14,N225,-0.0157006862299381
2025-07-14,SX5E,0.028176406834816155
2025-07-14,000688.SH,0.016425411982248644
2025-07-14,SOX,-0.013506799433409057
2025-07-14,NDX,0.009257192834635893
2025-07-14,XAU,0.005245244621635102
2025-07-14,COPPER,-0.08775226500422134
2025-07-14,WTI,-0.024724069747344313
2025-07-14,BTC,-0.01824228433812704
2025-07-14,ETH,0.04862424334982654
2025-07-14,US10Y,0.01524823526169616
2025-07-14,CN10Y,0.011749183406291398
2025-07-15,000300.SH,-0.01100930094151564
2025-07-15,SPX,-3.188256887803843e-05
2025-07-15,HSI,0.04381898915544548
2025-07-15,N225,-0.007599906493315828
2025-07-15,SX5E,0.026212933984752523
2025-07-15,000688.SH,0.01622541751609175
2025-07-15,SOX,-0.007353853335368862
2025-07-15,NDX,0.0018399244726642113
2025-07-15,XAU,0.01986767114084123
2025-07-15,COPPER,-0.09444789389692775
2025-07-15,WTI,0.052587379682474254
2025-07-15,BTC,-0.05312835614590142
2025-07-15,ETH,0.01303839354358351
2025-07-15,US10Y,0.0017706719856800269
2025-07-15,CN10Y,-0.0017901880996258352
2025-07-16,000300.SH,-0.007804543059649364
2025-07-16,SPX,0.01620842935045605
2025-07-16,HSI,0.02215039931494291
2025-07-16,N225,-0.015893243052469683
2025-07-16,SX5E,0.0279934310817228
2025-07-16,000688.SH,0.01510166036579069
2025-07-16,SOX,-0.0022648837443288187
2025-07-16,NDX,0.012856839651354954
2025-07-16,XAU,0.038322542368216334
2025-07-16,COPPER,-0.06381463590594769
2025-07-16,WTI,0.06974141453480064
2025-07-16,BTC,-0.05191664921595283
2025-07-16,ETH,-0.052172872458229866
2025-07-16,US10Y,-0.023516779280170146
2025-07-16,CN10Y,0.015008890049463573
2025-07-17,000300.SH,-0.008139285834539389
2025-07-17,SPX,0.00964132602822797
2025-07-17,HSI,0.026544143223637736
2025-07-17,N225,-0.020918022405357124
2025-07-17,SX5E,0.029687390681306457
2025-07-17,000688.SH,0.014020047153252136
2025-07-17,SOX,-0.010705898249857813
2025-07-17,NDX,0.008163836253910213
2025-07-17,XAU,0.04762357659863187
2025-07-17,COPPER,-0.07269432282241453
2025-07-17,WTI,0.14120488290544742
2025-07-17,BTC,-0.045537000834103
2025-07-17,ETH,-0.12978745212398812
2025-07-17,US10Y,-0.0015424595679633495
2025-07-17,CN10Y,0.012439238993809035
2025-07-18,000300.SH,-0.010927542751438877
2025-07-18,SPX,0.015948529463667333
2025-07-18,HSI,0.03710927914743401
2025-07-18,N225,-0.013356286125811107
2025-07-18,SX5E,0.02510300906654763
2025-07-18,000688.SH,0.006282370034746906
2025-07-18,SOX,0.016032092835429654
2025-07-18,NDX,0.017391814880770143
2025-07-18,XAU,0.0371589365428882
2025-07-18,COPPER,-0.05109189701567801
2025-07-18,WTI,0.10920059050957784
2025-07-18,BTC,-0.040802904080056955
2025-07-18,ETH,-0.16717460260162498
2025-07-18,US10Y,0.007059926869906049
2025-07-18,CN10Y,0.012066683223641565
2025-07-22,000300.SH,-0.01566826468347795
2025-07-22,SPX,0.013767061121608568
2025-07-22,HSI,0.024304063425068256
2025-07-22,N225,-0.005052032113195219
2025-07-22,SX5E,0.020547006167954802
2025-07-22,000688.SH,-0.00041241536302896297
2025-07-22,SOX,0.020488740567173508
2025-07-22,NDX,0.015417496727491525
2025-07-22,XAU,0.036431612784715524
2025-07-22,COPPER,-0.06520849022898233
2025-07-22,WTI,0.17218985602612866
2025-07-22,BTC,-0.04206527607658669
2025-07-22,ETH,-0.18287896069835122
2025-07-22,US10Y,-1.8711386977328034e-05
2025-07-22,CN10Y,0.008158313730458212
2025-07-23,000300.SH,-0.02785665525837452
2025-07-23,SPX,0.020751298865610997
2025-07-23,HSI,0.0030083571921473064
2025-07-23,N225,0.0010062614515688106
2025-07-23,SX5E,0.028015439711515086
2025-07-23,000688.SH,-0.0005090636181460228
2025-07-23,SOX,0.06339631145390538
2025-07-23,NDX,0.027521547314949248
2025-07-23,XAU,0.005452690132004005
2025-07-23,COPPER,-0.07543453458260421
2025-07-23,WTI,0.18039898870782728
2025-07-23,BTC,-0.040653508052568926
2025-07-23,ETH,-0.20230730801473068
2025-07-23,US10Y,0.022058832813104265
2025-07-23,CN10Y,-0.004848658116208897
2025-07-24,000300.SH,-0.030007011208862375
2025-07-24,SPX,0.02207235147174097
2025-07-24,HSI,-0.010702212908419929
2025-07-24,N225,-0.04339942807918227
2025-07-24,SX5E,0.01752398708553574
2025-07-24,000688.SH,-0.009318286081081293
2025-07-24,SOX,0.07905604025163476
2025-07-24,NDX,0.032627371642007005
2025-07-24,XAU,0.0034064952697483997
2025-07-24,COPPER,-0.07698661900441321
2025-07-24,WTI,0.20497183808549876
2025-07-24,BTC,-0.024607742803362274
2025-07-24,ETH,-0.17306006991350456
2025-07-24,US10Y,0.015233366509690451
2025-07-24,CN10Y,-0.006810080317031273
2025-07-25,000300.SH,-0.03104540990287653
2025-07-25,SPX,0.036923121025306795
2025-07-25,HSI,-0.0029589357716821307
2025-07-25,N225,-0.05835062046989217
2025-07-25,SX5E,0.017558864936588738
2025-07-25,000688.SH,-0.014438833930366652
2025-07-25,SOX,0.09868660454493143
2025-07-25,NDX,0.04830329434563714
2025-07-25,XAU,0.01105532318416962
2025-07-25,COPPER,-0.05412187483213199
2025-07-25,WTI,0.10796421427311532
2025-07-25,BTC,0.015009304670259696
2025-07-25,ETH,-0.15691554433051508
2025-07-25,US10Y,0.00400627389386114
2025-07-25,CN10Y,-0.02167578163640678
2025-07-28,000300.SH,-0.018868460568808344
2025-07-28,SPX,0.034480735200079576
2025-07-28,HSI,0.019115996810250696
2025-07-28,N225,-0.042873562581613685
2025-07-28,SX5E,0.026505399269074175
2025-07-28,000688.SH,-0.023225397085430453
2025-07-28,SOX,0.11751371224776688
2025-07-28,NDX,0.04984525428541027
2025-07-28,XAU,0.00514737771414589
2025-07-28,COPPER,-0.060087906505007754
2025-07-28,WTI,0.08180484314051104
2025-07-28,BTC,0.012378083036420663
2025-07-28,ETH,-0.1806957555664231
2025-07-28,US10Y,-0.001850734415923535
2025-07-28,CN10Y,-0.019189584980453582
2025-07-29,000300.SH,-0.008248078656529599
2025-07-29,SPX,0.030974808703532312
2025-07-29,HSI,0.021584207643958544
2025-07-29,N225,-0.02935658540464901
2025-07-29,SX5E,0.019174465661923667
2025-07-29,000688.SH,-0.00968809676257491
2025-07-29,SOX,0.10625315466863484
2025-07-29,NDX,0.044683777522473045
2025-07-29,XAU,0.013252574608816169
2025-07-29,COPPER,-0.02530885025782624
2025-07-29,WTI,0.0483360163793527
2025-07-29,BTC,0.018586015452130535
2025-07-29,ETH,-0.2157355504406132
2025-07-29,US10Y,-0.008446132261315902
2025-07-29,CN10Y,-0.0060617268573143115
2025-07-30,000300.SH,-0.015716893280989668
2025-07-30,SPX,0.04146146958217286
2025-07-30,HSI,0.016897075750046474
2025-07-30,N225,-0.004829356901673567
2025-07-30,SX5E,0.010441936844331296
2025-07-30,000688.SH,-0.03142945654945915
2025-07-30,SOX,0.1166714622941343
2025-07-30,NDX,0.0560757162150035
2025-07-30,XAU,0.006831643716999132
2025-07-30,COPPER,-0.007509020303401691
2025-07-30,WTI,0.018088012869240874
2025-07-30,BTC,0.020738603774363082
2025-07-30,ETH,-0.2033550086075002
2025-07-30,US10Y,0.004784671163402868
2025-07-30,CN10Y,-0.029150856566671657
2025-07-31,000300.SH,-0.02717892444273626
2025-07-31,SPX,0.039581503763969614
2025-07-31,HSI,0.018616486655601325
2025-07-31,N225,0.004678965927314821
2025-07-31,SX5E,0.015697194039679473
2025-07-31,000688.SH,-0.02553805199224878
2025-07-31,SOX,0.08523417624430682
2025-07-31,NDX,0.04733197854870428
2025-07-31,XAU,0.004799134161521515
2025-07-31,COPPER,0.150695883771803
2025-07-31,WTI,-0.008459478758090149
2025-07-31,BTC,-0.007357240963901446
2025-07-31,ETH,-0.2727725203004586
2025-07-31,US10Y,-0.005467395124981254
2025-07-31,CN10Y,-0.019861711530485254
2025-08-04,000300.SH,-0.012278857758700275
2025-08-04,SPX,0.03887472996869405
2025-08-04,HSI,0.01419475808571009
2025-08-04,N225,-0.002152999570509597
2025-08-04,SX5E,0.016278668406854033
2025-08-04,000688.SH,-0.004939875139977599
2025-08-04,SOX,0.0899255155715934
2025-08-04,NDX,0.04678916932366883
2025-08-04,XAU,0.007284790875469434
2025-08-04,COPPER,0.16013535190175202
2025-08-04,WTI,-0.007681310563177743
2025-08-04,BTC,-0.019064642305811126
2025-08-04,ETH,-0.2859069052050297
2025-08-04,US10Y,-0.02244433414342437
2025-08-04,CN10Y,-0.019014059447111785
2025-08-05,000300.SH,-0.015716409267334672
2025-08-05,SPX,0.03276265326332012
2025-08-05,HSI,0.010347223156123122
2025-08-05,N225,-0.007033815756825417
2025-08-05,SX5E,0.025965741791414768
2025-08-05,000688.SH,-0.03422121575187878
2025-08-05,SOX,0.0746400145505757
2025-08-05,NDX,0.03279028598778087
2025-08-05,XAU,-0.0049128454876808635
2025-08-05,COPPER,0.15154571880377404
2025-08-05,WTI,0.06437323659469141
2025-08-05,BTC,-0.016460973696083125
2025-08-05,ETH,-0.3033999382868751
2025-08-05,US10Y,0.021208683651639797
2025-08-05,CN10Y,-0.03188835955264194
2025-08-06,000300.SH,-0.02052559994472441
2025-08-06,SPX,0.04134332536021365
2025-08-06,HSI,-0.007638969105764899
2025-08-06,N225,-0.015418851683115265
2025-08-06,SX5E,0.025565161419207588
2025-08-06,000688.SH,-0.03842440413934764
2025-08-06,SOX,0.08070340758485477
2025-08-06,NDX,0.044225843198500925
2025-08-06,XAU,-0.017113531950718238
2025-08-06,COPPER,0.1451142429768563
2025-08-06,WTI,0.06884363021757237
2025-08-06,BTC,-0.011962520675116528
2025-08-06,ETH,-0.29152436785944796
2025-08-06,US10Y,0.029844839353439852
2025-08-06,CN10Y,-0.033032204752410324
2025-08-07,000300.SH,-0.018537085631636228
2025-08-07,SPX,0.03557098673740928
2025-08-07,HSI,-0.006310227988221041
2025-08-07,N225,-0.02162377307792959
2025-08-07,SX5E,0.02870290843559967
2025-08-07,000688.SH,-0.04492959109820246
2025-08-07,SOX,0.08293959783437083
2025-08-07,NDX,0.03467615456948154
2025-08-07,XAU,-0.010577901673514299
2025-08-07,COPPER,0.12832210977954975
2025-08-07,WTI,0.08321807594831777
2025-08-07,BTC,-0.01659105650793026
2025-08-07,ETH,-0.2950241955422976
2025-08-07,US10Y,0.04482730668688204
2025-08-07,CN10Y,-0.02466330847187945
2025-08-08,000300.SH,-0.013704604661063512
2025-08-08,SPX,0.026019679205625163
2025-08-08,HSI,-0.009377872176459051
2025-08-08,N225,-0.029438231512305568
2025-08-08,SX5E,0.01831561627178486
2025-08-08,000688.SH,-0.03728763588589445
2025-08-08,SOX,0.07583558603447148
2025-08-08,NDX,0.021894092590346324
2025-08-08,XAU,-0.04072806865461323
2025-08-08,COPPER,0.2264776152875996
2025-08-08,WTI,0.08811056135167256
2025-08-08,BTC,-0.033535722362311976
2025-08-08,ETH,-0.3244302640209421
2025-08-08,US10Y,0.04954907834797076
2025-08-08,CN10Y,-0.017699829815881196
2025-08-12,000300.SH,-0.014763898058394943
2025-08-12,SPX,0.019785466501206266
2025-08-12,HSI,-0.014573945720498947
2025-08-12,N225,-0.04653355774618829
2025-08-12,SX5E,0.027519595633342896
2025-08-12,000688.SH,-0.03591471876159579
2025-08-12,SOX,0.06715954702413003
2025-08-12,NDX,0.014705633816101588
2025-08-12,XAU,-0.03242153650516369
2025-08-12,COPPER,0.2166834324323491
2025-08-12,WTI,0.09252544257808898
2025-08-12,BTC,-0.007011494451345914
2025-08-12,ETH,-0.2916659023991995
2025-08-12,US10Y,0.022808891427597313
2025-08-12,CN10Y,-0.018302955770429532
2025-08-13,000300.SH,-0.016267190226310735
2025-08-13,SPX,0.014305816887206424
2025-08-13,HSI,-0.009549582258848558
2025-08-13,N225,-0.06893491387733199
2025-08-13,SX5E,0.03287903896874493
2025-08-13,000688.SH,-0.06407833430677723
2025-08-13,SOX,0.06143292265275886
2025-08-13,NDX,0.005931871009214505
2025-08-13,XAU,-0.018265248613661304
2025-08-13,COPPER,0.24552935255561337
2025-08-13,WTI,0.08642686850183923
2025-08-13,BTC,0.028174204494194617
2025-08-13,ETH,-0.30149649696107766
2025-08-13,US10Y,0.028750124037195603
2025-08-13,CN10Y,-0.024838432862761214
2025-08-14,000300.SH,-0.021970024735499118
2025-08-14,SPX,0.0075164542398257995
2025-08-14,HSI,-0.02967913008883696
2025-08-14,N225,-0.0827616149217647
2025-08-14,SX5E,0.0147267654975973
2025-08-14,000688.SH,-0.05733053369659319
2025-08-14,SOX,0.05626622951478005
2025-08-14,NDX,0.003836332704466999
2025-08-14,XAU,-0.01308543582486525
2025-08-14,COPPER,0.2380523965748893
2025-08-14,WTI,0.11796921547641688
2025-08-14,BTC,0.02464795049451523
2025-08-14,ETH,-0.3002070366754552
2025-08-14,US10Y,0.06194370398642935
2025-08-14,CN10Y,-0.01992527254590798
2025-08-15,000300.SH,-0.02199837203603597
2025-08-15,SPX,0.006719261705602308
2025-08-15,HSI,-0.02594296932248158
2025-08-15,N225,-0.07285923542092915
2025-08-15,SX5E,0.0020345633640864794
2025-08-15,000688.SH,-0.06811326193503553
2025-08-15,SOX,0.041916499992187946
2025-08-15,NDX,0.005291061861206328
2025-08-15,XAU,-0.010540062863470352
2025-08-15,COPPER,0.21908787180968706
2025-08-15,WTI,0.07623165794534938
2025-08-15,BTC,0.07852169505176129
2025-08-15,ETH,-0.2569689529699338
2025-08-15,US10Y,0.04899468351075168
2025-08-15,CN10Y,-0.022374440692747383
2025-08-18,000300.SH,-0.0312447994328581
2025-08-18,SPX,0.0008683536810179665
2025-08-18,HSI,-0.005046207291008593
2025-08-18,N225,-0.08689184709975221
2025-08-18,SX5E,-0.006528319605127694
2025-08-18,000688.SH,-0.08190921452919966
2025-08-18,SOX,0.06722823664260276
2025-08-18,NDX,0.005936849884201597
2025-08-18,XAU,-0.018011301167061337
2025-08-18,COPPER,0.21066006838748375
2025-08-18,WTI,0.08165453259883887
2025-08-18,BTC,0.06165045197616156
2025-08-18,ETH,-0.21037549908371436
2025-08-18,US10Y,0.054322094749178464
2025-08-18,CN10Y,-0.042313399710764144
2025-08-19,000300.SH,-0.04467687460577819
2025-08-19,SPX,0.00020173971033136896
2025-08-19,HSI,-0.007608114013551747
2025-08-19,N225,-0.09629487832061226
2025-08-19,SX5E,-0.01627570062625104
2025-08-19,000688.SH,-0.1044906721995494
2025-08-19,SOX,0.05381634664623678
2025-08-19,NDX,0.0024711463035044967
2025-08-19,XAU,-0.011456586824401292
2025-08-19,COPPER,0.2105262456751258
2025-08-19,WTI,0.06929316435444537
2025-08-19,BTC,0.07644845353298477
2025-08-19,ETH,-0.1113348953037331
2025-08-19,US10Y,0.04264576421123449
2025-08-19,CN10Y,-0.06326513853998719
2025-08-20,000300.SH,-0.0427591145482156
2025-08-20,SPX,-0.0006147526651210755
2025-08-20,HSI,-0.021648097378678125
2025-08-20,N225,-0.09471453384207747
2025-08-20,SX5E,-0.0179500682946802
2025-08-20,000688.SH,-0.09648524440851917
2025-08-20,SOX,0.048899492876539795
2025-08-20,NDX,0.008912386997420963
2025-08-20,XAU,-0.011655390019919373
2025-08-20,COPPER,0.18022145660905795
2025-08-20,WTI,0.08374573533635102
2025-08-20,BTC,0.07704202439487667
2025-08-20,ETH,-0.10137211611660027
2025-08-20,US10Y,0.05125429398326623
2025-08-20,CN10Y,-0.06287607292370181
2025-08-21,000300.SH,-0.04510636231691627
2025-08-21,SPX,0.0023544149629491345
2025-08-21,HSI,-0.005022652108267431
2025-08-21,N225,-0.07741691861276573
2025-08-21,SX5E,-0.01644653336518159
2025-08-21,000688.SH,-0.12346643301385088
2025-08-21,SOX,0.061345595112531126
2025-08-21,NDX,0.015177782250876227
2025-08-21,XAU,-0.018535521003830834
2025-08-21,COPPER,0.20878767580681956
2025-08-21,WTI,0.06455221657760386
2025-08-21,BTC,0.06558383514838607
2025-08-21,ETH,-0.11598448696534874
2025-08-21,US10Y,0.047326789408236744
2025-08-21,CN10Y,-0.06314940188124203
2025-08-22,000300.SH,-0.03739107258577648
2025-08-22,SPX,-0.0031551068666815854
2025-08-22,HSI,0.004381465586840542
2025-08-22,N225,-0.06956103404303846
2025-08-22,SX5E,-0.027719583151237126
2025-08-22,000688.SH,-0.12119580292178858
2025-08-22,SOX,0.022135603721935702
2025-08-22,NDX,0.004883681161493033
2025-08-22,XAU,0.008653875303782055
2025-08-22,COPPER,0.21996260772273685
2025-08-22,WTI,0.03637379080441101
2025-08-22,BTC,0.07501258079303333
2025-08-22,ETH,-0.08297740331073826
2025-08-22,US10Y,0.013007756101696457
2025-08-22,CN10Y,-0.042411358316668875
2025-08-25,000300.SH,-0.04755965718623135
2025-08-25,SPX,-0.002223860634994676
2025-08-25,HSI,0.02471825542414388
2025-08-25,N225,-0.026689163064091123
2025-08-25,SX5E,-0.016032940551861583
2025-08-25,000688.SH,-0.17779224105186034
2025-08-25,SOX,0.021908702462288654
2025-08-25,NDX,0.0038654854404036364
2025-08-25,XAU,0.006026356151185224
2025-08-25,COPPER,0.2720617028899367
2025-08-25,WTI,0.03085393287878956
2025-08-25,BTC,0.06402032133676569
2025-08-25,ETH,-0.1582837584393053
2025-08-25,US10Y,0.0375357001160808
2025-08-25,CN10Y,-0.032408835771251
2025-08-26,000300.SH,-0.06568071031508586
2025-08-26,SPX,-0.0036419968183835252
2025-08-26,HSI,0.003104550057838447
2025-08-26,N225,-0.01776317020914111
2025-08-26,SX5E,-0.010846958460772188
2025-08-26,000688.SH,-0.20452189451714237
2025-08-26,SOX,0.004066919679623653
2025-08-26,NDX,0.0012382667342705446
2025-08-26,XAU,0.00011299852239101283
2025-08-26,COPPER,0.2514574378719345
2025-08-26,WTI,0.022289545904907723
2025-08-26,BTC,0.09371979286449209
2025-08-26,ETH,-0.10066267178428794
2025-08-26,US10Y,0.03553235003020704
2025-08-26,CN10Y,-0.008404459560852708
2025-08-27,000300.SH,-0.06583630515534504
2025-08-27,SPX,-0.001755585188933375
2025-08-27,HSI,0.006487424906622321
2025-08-27,N225,-0.015656104332158756
2025-08-27,SX5E,0.0015036614991111256
2025-08-27,000688.SH,-0.16939800407876293
2025-08-27,SOX,0.0015897404345443277
2025-08-27,NDX,0.001958378402558326
2025-08-27,XAU,-0.019509593796323842
2025-08-27,COPPER,0.2500375315233277
2025-08-27,WTI,0.03001652331659318
2025-08-27,BTC,0.08061812027763342
2025-08-27,ETH,-0.12802712360584667
2025-08-27,US10Y,0.03512685159377114
2025-08-27,CN10Y,-0.007155515796791772
2025-08-28,000300.SH,-0.049993197197255854
2025-08-28,SPX,-0.005545492208692665
2025-08-28,HSI,0.024122261808444366
2025-08-28,N225,-0.03067037782808126
2025-08-28,SX5E,-0.00426246346801693
2025-08-28,000688.SH,-0.17134189080456302
2025-08-28,SOX,0.01002949704693961
2025-08-28,NDX,0.0017668350145868465
2025-08-28,XAU,-0.02920694553211795
2025-08-28,COPPER,0.2243271779649439
2025-08-28,WTI,0.04908141799190498
2025-08-28,BTC,0.08250181747190005
2025-08-28,ETH,-0.10307856364242679
2025-08-28,US10Y,0.043247369489417625
2025-08-28,CN10Y,-0.04097744610698359
2025-08-29,000300.SH,-0.05989866786598386
2025-08-29,SPX,-0.008727460433804533
2025-08-29,HSI,0.034398089767312866
2025-08-29,N225,-0.04386948898039938
2025-08-29,SX5E,0.004315944993154393
2025-08-29,000688.SH,-0.21733783973133816
2025-08-29,SOX,0.014233120614108537
2025-08-29,NDX,-0.0027840875803851624
2025-08-29,XAU,-0.031210845488352026
2025-08-29,COPPER,0.2391938970716598
2025-08-29,WTI,0.07487812785325257
2025-08-29,BTC,0.08433845649802017
2025-08-29,ETH,-0.06936054827883154
2025-08-29,US10Y,0.02694541104226522
2025-08-29,CN10Y,-0.04511410948067989
2025-09-02,000300.SH,-0.06648652086588147
2025-09-02,SPX,-0.0009139589164354647
2025-09-02,HSI,0.02153341449493172
2025-09-02,N225,-0.04005583127434827
2025-09-02,SX5E,0.01942895036068924
2025-09-02,000688.SH,-0.21867421718362917
2025-09-02,SOX,0.062469801381457905
2025-09-02,NDX,0.014949790143065928
2025-09-02,XAU,-0.05873437488000109
2025-09-02,COPPER,0.056850355671947427
2025-09-02,WTI,0.1011569489342173
2025-09-02,BTC,0.13094879608601542
2025-09-02,ETH,-0.00983627173726885
2025-09-02,US10Y,0.041918534791857066
2025-09-02,CN10Y,-0.05455541700661888
2025-09-03,000300.SH,-0.07684728976917751
2025-09-03,SPX,0.009747437450696563
2025-09-03,HSI,-0.0011213313694966535
2025-09-03,N225,-0.01606386511700935
2025-09-03,SX5E,0.02488309562675603
2025-09-03,000688.SH,-0.21355967345526214
2025-09-03,SOX,0.06720016926831504
2025-09-03,NDX,0.027426811922602653
2025-09-03,XAU,-0.07691691109391564
2025-09-03,COPPER,0.03387611292962714
2025-09-03,WTI,0.07078848048994868
2025-09-03,BTC,0.11839725314612713
2025-09-03,ETH,0.040804261119484694
2025-09-03,US10Y,0.03470285973202743
2025-09-03,CN10Y,-0.04331741088072596
2025-09-04,000300.SH,-0.07013030658313181
2025-09-04,SPX,0.004874121323371641
2025-09-04,HSI,0.005447550101614134
2025-09-04,N225,-0.02512228930053225
2025-09-04,SX5E,0.006312265606050048
2025-09-04,000688.SH,-0.19762910191483357
2025-09-04,SOX,0.07794818308560413
2025-09-04,NDX,0.02068598583681179
2025-09-04,XAU,-0.05745483434790802
2025-09-04,COPPER,0.049699284012348396
2025-09-04,WTI,0.05704554507283462
2025-09-04,BTC,0.11173522471452585
2025-09-04,ETH,0.028842571744773803
2025-09-04,US10Y,0.01744104000848018
2025-09-04,CN10Y,-0.029695239360010967
2025-09-05,000300.SH,-0.043109496162766894
2025-09-05,SPX,-0.009290724946633373
2025-09-05,HSI,0.021600119514216996
2025-09-05,N225,-0.03484206945814967
2025-09-05,SX5E,0.004047518376930099
2025-09-05,000688.SH,-0.14245924015798384
2025-09-05,SOX,0.05048059581255655
2025-09-05,NDX,0.0030649235062189095
2025-09-05,XAU,-0.05205469079864361
2025-09-05,COPPER,0.03745601923129447
2025-09-05,WTI,0.05013137504290358
2025-09-05,BTC,0.10455807199817832
2025-09-05,ETH,0.01562994452340051
2025-09-05,US10Y,0.03178395679616364
2025-09-05,CN10Y,-0.03699630327768757
2025-09-08,000300.SH,-0.0617227928786585
2025-09-08,SPX,0.0010003237304886002
2025-09-08,HSI,0.007725407572795594
2025-09-08,N225,-0.038738870925824224
2025-09-08,SX5E,0.01113694354887974
2025-09-08,000688.SH,-0.1656547174207816
2025-09-08,SOX,0.03114721353105921
2025-09-08,NDX,0.014710614593358347
2025-09-08,XAU,-0.06289162783267299
2025-09-08,COPPER,0.05064720557400017
2025-09-08,WTI,0.06574624110441449
2025-09-08,BTC,0.1147280478328572
2025-09-08,ETH,0.03720342538512349
2025-09-08,US10Y,0.0462835997799749
2025-09-08,CN10Y,-0.051321013595016306
2025-09-09,000300.SH,-0.06321861482908421
2025-09-09,SPX,-0.003645869822329018
2025-09-09,HSI,0.004270639419622764
2025-09-09,N225,-0.04717593131742957
2025-09-09,SX5E,0.012672951936004961
2025-09-09,000688.SH,-0.16587707888497782
2025-09-09,SOX,0.03133205652302128
2025-09-09,NDX,0.010518432301595522
2025-09-09,XAU,-0.05768902842601515
2025-09-09,COPPER,0.04078839627490414
2025-09-09,WTI,0.04336784836071474
2025-09-09,BTC,0.12109833450783784
2025-09-09,ETH,0.09051243418211138
2025-09-09,US10Y,0.055200954290048614
2025-09-09,CN10Y,-0.07215552451602726
2025-09-10,000300.SH,-0.059933237262969175
2025-09-10,SPX,-0.00016949880127895304
2025-09-10,HSI,-0.018646445846430736
2025-09-10,N225,-0.025522509064526563
2025-09-10,SX5E,0.01263323256201802
2025-09-10,000688.SH,-0.15663906640500386
2025-09-10,SOX,0.03196368148536605
2025-09-10,NDX,0.01447959895532774
2025-09-10,XAU,-0.060781141252849655
2025-09-10,COPPER,0.04782081640793417
2025-09-10,WTI,0.027434983894553233
2025-09-10,BTC,0.11312783771628938
2025-09-10,ETH,0.09972660429573886
2025-09-10,US10Y,0.055264282422592924
2025-09-10,CN10Y,-0.08075913910676306
2025-09-11,000300.SH,-0.05566667038905165
2025-09-11,SPX,-0.0009682958800576354
2025-09-11,HSI,-0.031071821808150768
2025-09-11,N225,-0.017420511967885723
2025-09-11,SX5E,0.004284886072223058
2025-09-11,000688.SH,-0.13635673337158216
2025-09-11,SOX,0.016035459684652868
2025-09-11,NDX,0.014514359989712915
2025-09-11,XAU,-0.07846832768452229
2025-09-11,COPPER,0.03277711680963079
2025-09-11,WTI,-0.011740031185543377
2025-09-11,BTC,0.10454755755929253
2025-09-11,ETH,0.1822995584426878
2025-09-11,US10Y,0.05874619672250239
2025-09-11,CN10Y,-0.0815127429939099
2025-09-12,000300.SH,-0.06901194268950553
2025-09-12,SPX,-0.007609567598280114
2025-09-12,HSI,-0.0015388741435010816
2025-09-12,N225,-0.016935147761701422
2025-09-12,SX5E,0.007317062290263658
2025-09-12,000688.SH,-0.17091551959380333
2025-09-12,SOX,0.013803506432957684
2025-09-12,NDX,0.006708510658916041
2025-09-12,XAU,-0.07134310913565386
2025-09-12,COPPER,0.028533256104635953
2025-09-12,WTI,0.0018665341074302622
2025-09-12,BTC,0.1165535809548024
2025-09-12,ETH,0.18104171270101327
2025-09-12,US10Y,0.04985614532465878
2025-09-12,CN10Y,-0.0683261476522339
2025-09-16,000300.SH,-0.05785063152124923
2025-09-16,SPX,-0.0018775717214396942
2025-09-16,HSI,-0.009414421442330567
2025-09-16,N225,-0.03561788509931111
2025-09-16,SX5E,0.01916623471952562
2025-09-16,000688.SH,-0.15878692349947438
2025-09-16,SOX,0.027083576074459673
2025-09-16,NDX,0.008086735586123134
2025-09-16,XAU,-0.08047160703468773
2025-09-16,COPPER,0.05678190639494741
2025-09-16,WTI,0.013822201761047447
2025-09-16,BTC,0.09065710725561539
2025-09-16,ETH,0.1319025882302553
2025-09-16,US10Y,0.04988463475463638
2025-09-16,CN10Y,-0.053365944458119347
2025-09-17,000300.SH,-0.04859389455626476
2025-09-17,SPX,-0.00602137886662993
2025-09-17,HSI,-0.018005694382118083
2025-09-17,N225,-0.01965015094315381
2025-09-17,SX5E,0.02679104843175845
2025-09-17,000688.SH,-0.15377278446810894
2025-09-17,SOX,-0.0016046142605752357
2025-09-17,NDX,-0.001799145233416729
2025-09-17,XAU,-0.09321067109666017
2025-09-17,COPPER,0.05356415558738005
2025-09-17,WTI,-0.024524857952040707
2025-09-17,BTC,0.084201478630217
2025-09-17,ETH,0.1740481753434225
2025-09-17,US10Y,0.06438604030420719
2025-09-17,CN10Y,-0.03580770653801878
2025-09-18,000300.SH,-0.04652194504966543
2025-09-18,SPX,-0.005844093239800958
2025-09-18,HSI,-0.04047879879048687
2025-09-18,N225,-0.010190641108812624
2025-09-18,SX5E,0.02403424271894805
2025-09-18,000688.SH,-0.14212097223960157
2025-09-18,SOX,0.002961151560710635
2025-09-18,NDX,-0.0005723486994162262
2025-09-18,XAU,-0.08548122908899036
2025-09-18,COPPER,0.06542322371818114
2025-09-18,WTI,-0.01142199554625991
2025-09-18,BTC,0.07445599742331009
2025-09-18,ETH,0.11789684921208377
2025-09-18,US10Y,0.061434168088369545
2025-09-18,CN10Y,-0.003573608958571126
2025-09-19,000300.SH,-0.030708800832764185
2025-09-19,SPX,-0.009577878717629188
2025-09-19,HSI,-0.01789701503522533
2025-09-19,N225,-0.018373585159811252
2025-09-19,SX5E,0.02214233849985269
2025-09-19,000688.SH,-0.14596680554199923
2025-09-19,SOX,-0.026863128065191883
2025-09-19,NDX,-0.014909262698623506
2025-09-19,XAU,-0.08525917101559385
2025-09-19,COPPER,0.0971342703726902
2025-09-19,WTI,-0.012598221384289898
2025-09-19,BTC,0.0729727967050028
2025-09-19,ETH,0.14170696712086797
2025-09-19,US10Y,0.04167602475897013
2025-09-19,CN10Y,-0.013478529006258228
2025-09-22,000300.SH,-0.0248416897209951
2025-09-22,SPX,-0.02081442809872995
2025-09-22,HSI,-0.022972790726479283
2025-09-22,N225,-0.03164840826253616
2025-09-22,SX5E,0.016768114840283625
2025-09-22,000688.SH,-0.10858855203012259
2025-09-22,SOX,-0.040964666272091776
2025-09-22,NDX,-0.032894309777086524
2025-09-22,XAU,-0.08725709313310234
2025-09-22,COPPER,0.06994916993755561
2025-09-22,WTI,0.014853898748578558
2025-09-22,BTC,0.07851482544142337
2025-09-22,ETH,0.1854754932436963
2025-09-22,US10Y,0.030790310577716445
2025-09-22,CN10Y,-0.02636987476811243
2025-09-24,000300.SH,-0.02445427023843017
2025-09-24,SPX,-0.027963775740624544
2025-09-24,HSI,-0.015752167003440995
2025-09-24,N225,-0.04698154377245587
2025-09-24,SX5E,0.018903054506728814
2025-09-24,000688.SH,-0.1405695650109531
2025-09-24,SOX,-0.057030113883751746
2025-09-24,NDX,-0.04128679025613924
2025-09-24,XAU,-0.10617092779851009
2025-09-24,COPPER,0.07518843809967414
2025-09-24,WTI,0.025164473331507422
2025-09-24,BTC,0.09470147001195922
2025-09-24,ETH,0.23395892380033068
2025-09-24,US10Y,0.03819255709740333
2025-09-24,CN10Y,-0.02589976314330023
2025-09-25,000300.SH,-0.01998461441401704
2025-09-25,SPX,-0.013564663182299328
2025-09-25,HSI,-0.024591289224934455
2025-09-25,N225,-0.05439554642413448
2025-09-25,SX5E,0.013565954614119994
2025-09-25,000688.SH,-0.09952213264973622
2025-09-25,SOX,-0.05207712434144311
2025-09-25,NDX,-0.026904270532092718
2025-09-25,XAU,-0.09520259451985894
2025-09-25,COPPER,0.010121257963152965
2025-09-25,WTI,-0.005827809758838631
2025-09-25,BTC,0.09375006844489131
2025-09-25,ETH,0.3005360029092634
2025-09-25,US10Y,0.018879657938267274
2025-09-25,CN10Y,-0.04478289682234177
2025-09-26,000300.SH,-0.006909783660617931
2025-09-26,SPX,-0.012595907536588897
2025-09-26,HSI,-0.004603272129479076
2025-09-26,N225,-0.053639497221540954
2025-09-26,SX5E,0.009236136675374668
2025-09-26,000688.SH,-0.08680194228549233
2025-09-26,SOX,-0.04953483471246251
2025-09-26,NDX,-0.025270864544212093
2025-09-26,XAU,-0.10022756949747597
2025-09-26,COPPER,0.013910532811397135
2025-09-26,WTI,0.0018506892715998095
2025-09-26,BTC,0.07156133599280468
2025-09-26,ETH,0.27018020390461644
2025-09-26,US10Y,0.01964863627627358
2025-09-26,CN10Y,-0.04680386334419817
2025-09-29,000300.SH,-0.0008035315405770602
2025-09-29,SPX,-0.014429509582470895
2025-09-29,HSI,-0.0028260063092563903
2025-09-29,N225,-0.05444008549712162
2025-09-29,SX5E,-0.011960872441675293
2025-09-29,000688.SH,-0.08237918018741566
2025-09-29,SOX,-0.04391823715538899
2025-09-29,NDX,-0.025487865861993406
2025-09-29,XAU,-0.09316552568117097
2025-09-29,COPPER,0.023041243662489115
2025-09-29,WTI,-0.021100202606731937
2025-09-29,BTC,0.08107029317063119
2025-09-29,ETH,0.2815065878696629
2025-09-29,US10Y,0.010027745726722593
2025-09-29,CN10Y,-0.04513485356570526
2025-09-30,000300.SH,-0.0244297225958268
2025-09-30,SPX,-0.010705424765479326
2025-09-30,HSI,-0.027784932341304767
2025-09-30,N225,-0.04129345710249383
2025-09-30,SX5E,-0.008818909864106338
2025-09-30,000688.SH,-0.07589142924492748
2025-09-30,SOX,-0.030265756600900383
2025-09-30,NDX,-0.023434752513806025
2025-09-30,XAU,-0.1078828468439446
2025-09-30,COPPER,0.00864946117042737
2025-09-30,WTI,0.020999057170988503
2025-09-30,BTC,0.05713080330533284
2025-09-30,ETH,0.26909018605310103
2025-09-30,US10Y,0.015616205313580721
2025-09-30,CN10Y,-0.02097848114064316
2025-10-09,000300.SH,-0.016156228402351567
2025-10-09,SPX,-0.016580868673359953
2025-10-09,HSI,-0.05047228656914698
2025-10-09,N225,-0.03479697433965759
2025-10-09,SX5E,-0.01576372293544471
2025-10-09,000688.SH,-0.03190635218084645
2025-10-09,SOX,-0.04896910858586247
2025-10-09,NDX,-0.02655399034337663
2025-10-09,XAU,-0.10828043972426117
2025-10-09,COPPER,0.004813007405445669
2025-10-09,WTI,0.038727348095035065
2025-10-09,BTC,0.04929047634941208
2025-10-09,ETH,0.23345658771166716
2025-10-09,US10Y,0.008699803836036801
2025-10-09,CN10Y,0.014492748356708933
2025-10-10,000300.SH,-0.004267788302570802
2025-10-10,SPX,-0.01765257120620195
2025-10-10,HSI,-0.027161352407049776
2025-10-10,N225,-0.09420712895313055
2025-10-10,SX5E,-0.030679038837474328
2025-10-10,000688.SH,-0.026168574070401976
2025-10-10,SOX,-0.1055207103656805
2025-10-10,NDX,-0.03909772258995427
2025-10-10,XAU,-0.11422073973079294
2025-10-10,COPPER,0.03780545239257152
2025-10-10,WTI,0.055797069555254035
2025-10-10,BTC,0.02025346077547614
2025-10-10,ETH,0.2992394745148472
2025-10-10,US10Y,0.011076691375113565
2025-10-10,CN10Y,0.03480347784999131
2025-10-14,000300.SH,-0.008614565630677234
2025-10-14,SPX,-0.014826589922256436
2025-10-14,HSI,-0.011292831406822275
2025-10-14,N225,-0.11875589773779899
2025-10-14,SX5E,-0.03890436101293057
2025-10-14,000688.SH,-0.04146973209129848
2025-10-14,SOX,-0.11116949646466953
2025-10-14,NDX,-0.03511551677338423
2025-10-14,XAU,-0.1076241313990408
2025-10-14,COPPER,0.027014891303321843
2025-10-14,WTI,0.11342244883644535
2025-10-14,BTC,0.03806098195318877
2025-10-14,ETH,0.2578825051183272
2025-10-14,US10Y,0.04263119246748387
2025-10-14,CN10Y,0.008761102760109366
2025-10-15,000300.SH,0.006030794013086715
2025-10-15,SPX,-0.019906879765911406
2025-10-15,HSI,0.019014966476635246
2025-10-15,N225,-0.0968922697170278
2025-10-15,SX5E,-0.03342506740416978
2025-10-15,000688.SH,-0.016006331593809937
2025-10-15,SOX,-0.1261911951045664
2025-10-15,NDX,-0.03689978520826729
2025-10-15,XAU,-0.13140676287519387
2025-10-15,COPPER,0.007782065389581282
2025-10-15,WTI,0.08286304679571235
2025-10-15,BTC,0.0578039839760148
2025-10-15,ETH,0.24615114756604214
2025-10-15,US10Y,0.03378303934183787
2025-10-15,CN10Y,0.007299248110033633
2025-10-16,000300.SH,-0.022799384527868283
2025-10-16,SPX,-0.009891128498033848
2025-10-16,HSI,-0.0036156070975010366
2025-10-16,N225,-0.09325532602741424
2025-10-16,SX5E,-0.03503857934096913
2025-10-16,000688.SH,-0.07143199916295814
2025-10-16,SOX,-0.12420614009578511
2025-10-16,NDX,-0.026952475125643503
2025-10-16,XAU,-0.1498183277260733
2025-10-16,COPPER,0.028265694495199774
2025-10-16,WTI,0.0781789705393647
2025-10-16,BTC,0.09560825031018189
2025-10-16,ETH,0.30469946939499826
2025-10-16,US10Y,0.017191857527678538
2025-10-16,CN10Y,0.01306472533482055
2025-10-17,000300.SH,-0.007597360167614583
2025-10-17,SPX,-0.009701554451088766
2025-10-17,HSI,0.00790214320597406
2025-10-17,N225,-0.09915721415300861
2025-10-17,SX5E,-0.050809361231659196
2025-10-17,000688.SH,-0.03882690482558768
2025-10-17,SOX,-0.12195239097965326
2025-10-17,NDX,-0.02635719708120936
2025-10-17,XAU,-0.1684837575960989
2025-10-17,COPPER,0.007240262913895479
2025-10-17,WTI,0.0673952167396612
2025-10-17,BTC,0.10388643722168509
2025-10-17,ETH,0.29805626185615547
2025-10-17,US10Y,0.015213728007461985
2025-10-17,CN10Y,0.023191690541084456
2025-10-20,000300.SH,0.007405997783155968
2025-10-20,SPX,-0.019423431884647225
2025-10-20,HSI,0.033095179979228916
2025-10-20,N225,-0.07913677640390208
2025-10-20,SX5E,-0.039453442841435496
2025-10-20,000688.SH,-0.02007319532848613
2025-10-20,SOX,-0.1315031133728503
2025-10-20,NDX,-0.03678166609406714
2025-10-20,XAU,-0.14317148950057884
2025-10-20,COPPER,-0.019029905457069493
2025-10-20,WTI,0.06630997516349224
2025-10-20,BTC,0.10093000163261516
2025-10-20,ETH,0.2464598103446366
2025-10-20,US10Y,-0.004435931289109005
2025-10-20,CN10Y,0.03880798726901474
2025-10-21,000300.SH,0.00446872021706644
2025-10-21,SPX,-0.020538168143617107
2025-10-21,HSI,0.028647025853221014
2025-10-21,N225,-0.10547151318502027
2025-10-21,SX5E,-0.04575273506826481
2025-10-21,000688.SH,-0.022057160542502428
2025-10-21,SOX,-0.12351581864642287
2025-10-21,NDX,-0.0373870521433655
2025-10-21,XAU,-0.16772422508236962
2025-10-21,COPPER,-0.0004188419247754642
2025-10-21,WTI,0.08476250801208386
2025-10-21,BTC,0.09013039266120942
2025-10-21,ETH,0.2679857793922423
2025-10-21,US10Y,0.00864748438963604
2025-10-21,CN10Y,0.03822360421087648
2025-10-22,000300.SH,-0.016427749281839984
2025-10-22,SPX,-0.022912189564366216
2025-10-22,HSI,0.024245302226063022
2025-10-22,N225,-0.1064407281959835
2025-10-22,SX5E,-0.05211060573700659
2025-10-22,000688.SH,-0.05983967590690868
2025-10-22,SOX,-0.11078431936906236
2025-10-22,NDX,-0.043251742950068686
2025-10-22,XAU,-0.11197216596292797
2025-10-22,COPPER,0.00010688624613027983
2025-10-22,WTI,0.08679054248267155
2025-10-22,BTC,0.10537321986146868
2025-10-22,ETH,0.24503120156537458
2025-10-22,US10Y,0.0045366916916627165
2025-10-22,CN10Y,0.057655332894791085
2025-10-23,000300.SH,0.002631798272814598
2025-10-23,SPX,-0.013767065442397676
2025-10-23,HSI,0.0226426526226489
2025-10-23,N225,-0.09985907183746623
2025-10-23,SX5E,-0.04271057373231813
2025-10-23,000688.SH,-0.025780154544618288
2025-10-23,SOX,-0.09529068562747262
2025-10-23,NDX,-0.03323494475553011
2025-10-23,XAU,-0.11059282710977948
2025-10-23,COPPER,-0.01894512515197531
2025-10-23,WTI,0.030526158590092008
2025-10-23,BTC,0.10367810680269793
2025-10-23,ETH,0.23874179399542605
2025-10-23,US10Y,0.0002163926330217801
2025-10-23,CN10Y,0.041743545284854966
2025-10-24,000300.SH,-0.004648027029392629
2025-10-24,SPX,-0.01809610479785605
2025-10-24,HSI,0.02778427974981424
2025-10-24,N225,-0.072798488124108
2025-10-24,SX5E,-0.04523155720856647
2025-10-24,000688.SH,-0.009948681643497968
2025-10-24,SOX,-0.11269307286543113
2025-10-24,NDX,-0.034819706139906266
2025-10-24,XAU,-0.11218258304578033
2025-10-24,COPPER,-0.03704385299955203
2025-10-24,WTI,0.0003575769391263167
2025-10-24,BTC,0.0936039153811063
2025-10-24,ETH,0.28934195320339895
2025-10-24,US10Y,0.00368221190837943
2025-10-24,CN10Y,0.032692136672264144
2025-10-27,000300.SH,-0.012203164664662968
2025-10-27,SPX,-0.019203338904837684
2025-10-27,HSI,0.02554697208005078
2025-10-27,N225,-0.07727819033006364
2025-10-27,SX5E,-0.046791764802788405
2025-10-27,000688.SH,-0.027712229962042305
2025-10-27,SOX,-0.10763633034905862
2025-10-27,NDX,-0.03292794588823726
2025-10-27,XAU,-0.09240517749938816
2025-10-27,COPPER,-0.02125518524534521
2025-10-27,WTI,0.03711194310578206
2025-10-27,BTC,0.10691716782810619
2025-10-27,ETH,0.24844458969697658
2025-10-27,US10Y,-0.0029287268584139137
2025-10-27,CN10Y,0.022321381793920927
2025-10-28,000300.SH,-0.011086732539395577
2025-10-28,SPX,-0.027082446436149953
2025-10-28,HSI,0.03879801541474912
2025-10-28,N225,-0.09568760746757353
2025-10-28,SX5E,-0.04924673594225202
2025-10-28,000688.SH,-0.01530162051988784
2025-10-28,SOX,-0.1210437869917003
2025-10-28,NDX,-0.04595345742551983
2025-10-28,XAU,-0.06696031598174387
2025-10-28,COPPER,-0.027504853776880868
2025-10-28,WTI,0.03157017757420097
2025-10-28,BTC,0.09985875278505137
2025-10-28,ETH,0.26374278193702916
2025-10-28,US10Y,0.00515191890023009
2025-10-28,CN10Y,0.020745910469841165
2025-10-30,000300.SH,-0.024765426820363576
2025-10-30,SPX,-0.0295091537194297
2025-10-30,HSI,0.022234696517762973
2025-10-30,N225,-0.08536189207462448
2025-10-30,SX5E,-0.03573524764458161
2025-10-30,000688.SH,-0.019283592079037522
2025-10-30,SOX,-0.10440588684266192
2025-10-30,NDX,-0.05019653475153121
2025-10-30,XAU,-0.06677300127033153
2025-10-30,COPPER,-0.055056817829865504
2025-10-30,WTI,0.04420913749741791
2025-10-30,BTC,0.09298381512694706
2025-10-30,ETH,0.2503687843547187
2025-10-30,US10Y,0.022476764623142305
2025-10-30,CN10Y,0.03881435491243659
2025-10-31,000300.SH,-0.028690032975538043
2025-10-31,SPX,-0.01568671927708805
2025-10-31,HSI,0.02387130995329988
2025-10-31,N225,-0.11499205199258383
2025-10-31,SX5E,-0.03538058536488254
2025-10-31,000688.SH,-0.027388558118472982
2025-10-31,SOX,-0.11773826698099335
2025-10-31,NDX,-0.033963801176485946
2025-10-31,XAU,-0.0740302078536585
2025-10-31,COPPER,-0.03754537379301527
2025-10-31,WTI,0.025814553422040802
2025-10-31,BTC,0.11711619168131043
2025-10-31,ETH,0.26326831199894474
2025-10-31,US10Y,-0.0006187217697417036
2025-10-31,CN10Y,0.055963952246862875
2025-11-04,000300.SH,-0.009722137066680656
2025-11-04,SPX,-0.014222916145210174
2025-11-04,HSI,0.030334828025639998
2025-11-04,N225,-0.1267995716807843
2025-11-04,SX5E,-0.03216291793045288
2025-11-04,000688.SH,0.03680420820534437
2025-11-04,SOX,-0.10482199999664277
2025-11-04,NDX,-0.03374334881019159
2025-11-04,XAU,-0.051473555010296955
2025-11-04,COPPER,-0.03591085643950708
2025-11-04,WTI,0.01573852849249669
2025-11-04,BTC,0.0781491569993819
2025-11-04,ETH,0.18993637581861605
2025-11-04,US10Y,0.0016882530594977394
2025-11-04,CN10Y,0.05620595247878814
2025-11-05,000300.SH,-0.01455185283623723
2025-11-05,SPX,-0.02686972980947938
2025-11-05,HSI,0.019294777045631588
2025-11-05,N225,-0.12790051489251406
2025-11-05,SX5E,-0.03872570167427042
2025-11-05,000688.SH,0.03631836960002888
2025-11-05,SOX,-0.12286388221533935
2025-11-05,NDX,-0.04718527170161444
2025-11-05,XAU,-0.04570666605573878
2025-11-05,COPPER,-0.020433359248767383
2025-11-05,WTI,0.04478014322727923
2025-11-05,BTC,0.08819474130058066
2025-11-05,ETH,0.18911511079889073
2025-11-05,US10Y,0.006380369747578539
2025-11-05,CN10Y,0.0601534667139708
2025-11-06,000300.SH,-0.00210973180347459
2025-11-06,SPX,-0.02961398539858728
2025-11-06,HSI,0.025945317487619385
2025-11-06,N225,-0.0926733032064756
2025-11-06,SX5E,-0.03951107842185749
2025-11-06,000688.SH,0.07023583156995512
2025-11-06,SOX,-0.13572799983476164
2025-11-06,NDX,-0.051058096497343046
2025-11-06,XAU,-0.051704220575949866
2025-11-06,COPPER,-0.013562244498284332
2025-11-06,WTI,0.06908148585166296
2025-11-06,BTC,0.05657167424641297
2025-11-06,ETH,0.14164363904769325
2025-11-06,US10Y,-0.006469950258674957
2025-11-06,CN10Y,0.058952662292063994
2025-11-07,000300.SH,-0.028529647443316934
2025-11-07,SPX,-0.014614455132527205
2025-11-07,HSI,-0.010942517859979576
2025-11-07,N225,-0.1175437174535143
2025-11-07,SX5E,-0.020763014402465117
2025-11-07,000688.SH,0.01303176377261231
2025-11-07,SOX,-0.11533157795984965
2025-11-07,NDX,-0.030347207477055754
2025-11-07,XAU,-0.04917675450449128
2025-11-07,COPPER,-0.024741818361100173
2025-11-07,WTI,0.0698773731695564
2025-11-07,BTC,0.0767267861730144
2025-11-07,ETH,0.19423252468978208
2025-11-07,US10Y,0.012688330564971602
2025-11-07,CN10Y,0.04543393222436222
2025-11-10,000300.SH,-0.015841927769348
2025-11-10,SPX,-0.01632539037480534
2025-11-10,HSI,0.011612025075889912
2025-11-10,N225,-0.11503993078915457
2025-11-10,SX5E,-0.01357199029701231
2025-11-10,000688.SH,0.024660762734977658
2025-11-10,SOX,-0.11325258982244366
2025-11-10,NDX,-0.026757935920316122
2025-11-10,XAU,-0.03734372673808378
2025-11-10,COPPER,-0.013737519664529362
2025-11-10,WTI,0.031874290727442973
2025-11-10,BTC,0.08046992505080817
2025-11-10,ETH,0.15886672672307134
2025-11-10,US10Y,0.002415446515302113
2025-11-10,CN10Y,0.041971834548200526
2025-11-12,000300.SH,-0.006829505304954755
2025-11-12,SPX,-0.019968127200070056
2025-11-12,HSI,0.011540546023505589
2025-11-12,N225,-0.11941426157116904
2025-11-12,SX5E,-0.020937886039999066
2025-11-12,000688.SH,0.06973538879538696
2025-11-12,SOX,-0.11054905725944068
2025-11-12,NDX,-0.0353208630837637
2025-11-12,XAU,-0.053926040612117254
2025-11-12,COPPER,-0.02305572248234772
2025-11-12,WTI,0.024481215832995437
2025-11-12,BTC,0.08607253013954155
2025-11-12,ETH,0.1640412092717942
2025-11-12,US10Y,0.001288270159222618
2025-11-12,CN10Y,0.03284230333141515
2025-11-13,000300.SH,-0.001402252834269431
2025-11-13,SPX,-0.027873083921870934
2025-11-13,HSI,-0.01732221220443732
2025-11-13,N225,-0.06810333513723499
2025-11-13,SX5E,-0.036321231529023376
2025-11-13,000688.SH,0.06504708580207791
2025-11-13,SOX,-0.07514213012761052
2025-11-13,NDX,-0.03166749329817966
2025-11-13,XAU,-0.056836283748691346
2025-11-13,COPPER,-0.037935797652702025
2025-11-13,WTI,0.024650235270084378
2025-11-13,BTC,0.11899258876665086
2025-11-13,ETH,0.1183544354725842
2025-11-13,US10Y,0.012060741734447569
2025-11-13,CN10Y,0.013498733408175206
2025-11-14,000300.SH,-0.01559001805016708
2025-11-14,SPX,-0.02631586580732756
2025-11-14,HSI,-0.026371848966326085
2025-11-14,N225,-0.06384979716787692
2025-11-14,SX5E,-0.035277798414707386
2025-11-14,000688.SH,0.04171463940669284
2025-11-14,SOX,-0.06003941443869142
2025-11-14,NDX,-0.030267124907794242
2025-11-14,XAU,-0.036484739556679524
2025-11-14,COPPER,-0.023631577749378373
2025-11-14,WTI,-0.012801371489845599
2025-11-14,BTC,0.12323697352684247
2025-11-14,ETH,0.16013036634224848
2025-11-14,US10Y,-0.01580810368034133
2025-11-14,CN10Y,0.02135568095335138
2025-11-17,000300.SH,-0.025973929990101306
2025-11-17,SPX,-0.020275833433171717
2025-11-17,HSI,-0.0471196312971266
2025-11-17,N225,-0.08418071731846213
2025-11-17,SX5E,-0.02907685275975127
2025-11-17,000688.SH,0.013143618348830034
2025-11-17,SOX,-0.06061268030363612
2025-11-17,NDX,-0.02787308208834511
2025-11-17,XAU,0.010798405739784533
2025-11-17,COPPER,-0.015936003544613782
2025-11-17,WTI,-0.035137465796245576
2025-11-17,BTC,0.13742102828970182
2025-11-17,ETH,0.20332730335786328
2025-11-17,US10Y,-0.028871737115731662
2025-11-17,CN10Y,0.010367577911005683
2025-11-18,000300.SH,-0.012227743975160382
2025-11-18,SPX,-0.013844129039013085
2025-11-18,HSI,-0.02732244057674177
2025-11-18,N225,-0.0752411798721298
2025-11-18,SX5E,-0.015236207446258027
2025-11-18,000688.SH,0.011126908739399364
2025-11-18,SOX,-0.03675432357914314
2025-11-18,NDX,-0.02210178208839164
2025-11-18,XAU,0.031136383431777014
2025-11-18,COPPER,-0.04500608258739339
2025-11-18,WTI,-0.03589837255449756
2025-11-18,BTC,0.11156096244394972
2025-11-18,ETH,0.1397403647514551
2025-11-18,US10Y,-0.02218492433605928
2025-11-18,CN10Y,0.012252566688207277
2025-11-19,000300.SH,-0.003511261665198719
2025-11-19,SPX,-0.012635109919897162
2025-11-19,HSI,-0.011369927881087556
2025-11-19,N225,-0.03140622209829781
2025-11-19,SX5E,0.011505683925255946
2025-11-19,000688.SH,-0.002280537155469435
2025-11-19,SOX,-0.010952311828636659
2025-11-19,NDX,-0.014819111172389904
2025-11-19,XAU,0.05280471584972292
2025-11-19,COPPER,-0.036832847250930965
2025-11-19,WTI,-0.07415307868470634
2025-11-19,BTC,0.07699666602460141
2025-11-19,ETH,0.08187152647392759
2025-11-19,US10Y,-0.034576476455099855
2025-11-19,CN10Y,0.009358291838206986
2025-11-20,000300.SH,-0.02570635937074427
2025-11-20,SPX,-0.008002035389689532
2025-11-20,HSI,-0.02881142354623976
2025-11-20,N225,-0.03736081364341132
2025-11-20,SX5E,0.004944081201154817
2025-11-20,000688.SH,-0.017368862474675124
2025-11-20,SOX,-0.0218954885758105
2025-11-20,NDX,-0.009788071140285338
2025-11-20,XAU,0.03371949104841651
2025-11-20,COPPER,-0.032161942096408956
2025-11-20,WTI,-0.046096668426943585
2025-11-20,BTC,0.09087779599547739
2025-11-20,ETH,0.12626714047819104
2025-11-20,US10Y,-0.029179964058531013
2025-11-20,CN10Y,0.000563119999499844
2025-11-21,000300.SH,-0.0327677078914415
2025-11-21,SPX,0.003259445012360037
2025-11-21,HSI,-0.018779701556985516
2025-11-21,N225,-0.05174303294265332
2025-11-21,SX5E,0.002211317106791448
2025-11-21,000688.SH,-0.0495170370325087
2025-11-21,SOX,-0.005609147042611916
2025-11-21,NDX,0.006551081332927198
2025-11-21,XAU,0.04887059768962746
2025-11-21,COPPER,-0.05093633126344546
2025-11-21,WTI,-0.05250296192887011
2025-11-21,BTC,0.11500901665797189
2025-11-21,ETH,0.10826785187241114
2025-11-21,US10Y,-0.02855864633200069
2025-11-21,CN10Y,0.006245256318428981
2025-11-25,000300.SH,0.0046438439407231295
2025-11-25,SPX,-0.009090550837372374
2025-11-25,HSI,0.00998251479189036
2025-11-25,N225,-0.02743921096843924
2025-11-25,SX5E,0.01148101401056974
2025-11-25,000688.SH,0.004241459899619087
2025-11-25,SOX,-0.028771978124186665
2025-11-25,NDX,-0.005515707342051545
2025-11-25,XAU,-0.012971967497074365
2025-11-25,COPPER,-0.08092562476431286
2025-11-25,WTI,-0.029137103211034528
2025-11-25,BTC,0.10063572919806466
2025-11-25,ETH,0.09013223612427464
2025-11-25,US10Y,-0.024168158778475113
2025-11-25,CN10Y,-0.003096496442193937
2025-11-26,000300.SH,0.005660138592309056
2025-11-26,SPX,-0.026937956995870406
2025-11-26,HSI,-0.015643991584756854
2025-11-26,N225,-0.013787687572990827
2025-11-26,SX5E,0.0008980841737977014
2025-11-26,000688.SH,0.02500545242363222
2025-11-26,SOX,-0.06342598856090242
2025-11-26,NDX,-0.030353357849273316
2025-11-26,XAU,-0.024066805792111078
2025-11-26,COPPER,-0.050410569885617006
2025-11-26,WTI,0.009089171309977967
2025-11-26,BTC,0.11859639340949922
2025-11-26,ETH,0.08691341483782714
2025-11-26,US10Y,-0.013420461303827989
2025-11-26,CN10Y,-0.00811583520169282
2025-11-28,000300.SH,0.0037809039474245025
2025-11-28,SPX,-0.025419750784909736
2025-11-28,HSI,-0.009058396253590416
2025-11-28,N225,-0.04503715038754038
2025-11-28,SX5E,-0.007366071955886077
2025-11-28,000688.SH,0.015327431410285308
2025-11-28,SOX,-0.05866139828457317
2025-11-28,NDX,-0.02635486299698238
2025-11-28,XAU,-0.02256750418345855
2025-11-28,COPPER,-0.0553650367614559
2025-11-28,WTI,0.04211049207574963
2025-11-28,BTC,0.11511177738944761
2025-11-28,ETH,0.08692334376505378
2025-11-28,US10Y,-0.000777307505880614
2025-11-28,CN10Y,-0.012646469473683086
2025-12-01,000300.SH,0.011217561448976274
2025-12-01,SPX,-0.023905585472467236
2025-12-01,HSI,-0.0012060491885023629
2025-12-01,N225,-0.048693916370053214
2025-12-01,SX5E,-0.009768698409776474
2025-12-01,000688.SH,0.04309188971514758
2025-12-01,SOX,-0.06188287598670258
2025-12-01,NDX,-0.024981411197847574
2025-12-01,XAU,-0.04113117941446438
2025-12-01,COPPER,-0.07329123654581181
2025-12-01,WTI,0.03640306370601433
2025-12-01,BTC,0.1131453578655422
2025-12-01,ETH,0.09185133718776008
2025-12-01,US10Y,-0.0034621264681252606
2025-12-01,CN10Y,-0.0073861308696888785
2025-12-02,000300.SH,0.0016456370396922687
2025-12-02,SPX,-0.015387321111771317
2025-12-02,HSI,-0.006332626837169886
2025-12-02,N225,-0.01821152473126623
2025-12-02,SX5E,-0.010308056684375625
2025-12-02,000688.SH,0.022778295437266727
2025-12-02,SOX,-0.06208607390717838
2025-12-02,NDX,-0.01565181207582607
2025-12-02,XAU,-0.08081023124499671
2025-12-02,COPPER,-0.09053383454675358
2025-12-02,WTI,0.013122371801712773
2025-12-02,BTC,0.15239620621624378
2025-12-02,ETH,0.14816691448736902
2025-12-02,US10Y,-0.024244482426723925
2025-12-02,CN10Y,-0.014543461416221714
2025-12-03,000300.SH,0.009807126134172988
2025-12-03,SPX,-0.007839576913092009
2025-12-03,HSI,-0.0048727312669274315
2025-12-03,N225,-0.013486165387458438
2025-12-03,SX5E,-0.008755486814217023
2025-12-03,000688.SH,0.04958524581147179
2025-12-03,SOX,-0.052872957018402444
2025-12-03,NDX,-0.006029063503171271
2025-12-03,XAU,-0.07628590696563321
2025-12-03,COPPER,-0.06337840637201049
2025-12-03,WTI,0.012398782531867273
2025-12-03,BTC,0.11775594722827244
2025-12-03,ETH,0.09978902111985324
2025-12-03,US10Y,-0.028664101259173024
2025-12-03,CN10Y,-0.027151727325551576
2025-12-04,000300.SH,0.025346953624152395
2025-12-04,SPX,-0.014161116267024704
2025-12-04,HSI,0.011095245568103304
2025-12-04,N225,0.005777588220983235
2025-12-04,SX5E,-0.006072213805162883
2025-12-04,000688.SH,0.06948312337895139
2025-12-04,SOX,-0.048035495527412625
2025-12-04,NDX,-0.009519004929254098
2025-12-04,XAU,-0.052676540315827976
2025-12-04,COPPER,-0.08870244053378973
2025-12-04,WTI,0.010125865231828698
2025-12-04,BTC,0.08228417401937485
2025-12-04,ETH,0.03828726324894101
2025-12-04,US10Y,0.00898887422043825
2025-12-04,CN10Y,-0.03222227613430059
2025-12-05,000300.SH,0.009197213780077205
2025-12-05,SPX,-0.010650079342570923
2025-12-05,HSI,-0.008354344782849209
2025-12-05,N225,0.006171897701489817
2025-12-05,SX5E,-0.015179131038212971
2025-12-05,000688.SH,0.029983733887901848
2025-12-05,SOX,-0.03134601824903851
2025-12-05,NDX,-0.0010179993488498547
2025-12-05,XAU,-0.05832047759583708
2025-12-05,COPPER,-0.07641995098043475
2025-12-05,WTI,0.01122092572401849
2025-12-05,BTC,0.11715436272324285
2025-12-05,ETH,0.08064908162322411
2025-12-05,US10Y,-0.003203861998361016
2025-12-05,CN10Y,-0.04988535210379954
2025-12-08,000300.SH,0.009384183693789933
2025-12-08,SPX,-0.011898292284051095
2025-12-08,HSI,-0.001812221032233127
2025-12-08,N225,0.0166108678300529
2025-12-08,SX5E,-0.008286958019588701
2025-12-08,000688.SH,0.04759009948045876
2025-12-08,SOX,-0.04177141316293055
2025-12-08,NDX,-0.006893785125442661
2025-12-08,XAU,-0.06673549959142927
2025-12-08,COPPER,-0.09161493307346324
2025-12-08,WTI,0.006845584961244855
2025-12-08,BTC,0.1234610240650137
2025-12-08,ETH,0.06378682576138534
2025-12-08,US10Y,-0.011995123333561598
2025-12-08,CN10Y,-0.026670360169245268
2025-12-09,000300.SH,0.0006606410682466349
2025-12-09,SPX,-0.006408170538804039
2025-12-09,HSI,0.007962397280716889
2025-12-09,N225,-0.012802967106694964
2025-12-09,SX5E,-0.008197399350027869
2025-12-09,000688.SH,0.023757503883601004
2025-12-09,SOX,-0.028169251755731137
2025-12-09,NDX,0.000693019964837888
2025-12-09,XAU,-0.05351454659712998
2025-12-09,COPPER,-0.08206382652697146
2025-12-09,WTI,0.013317224707619911
2025-12-09,BTC,0.12409076361333339
2025-12-09,ETH,0.05363502364798886
2025-12-09,US10Y,-0.0022712841025778587
2025-12-09,CN10Y,-0.03068912818840721
2025-12-10,000300.SH,0.02325825402897841
2025-12-10,SPX,-0.013578070595113024
2025-12-10,HSI,0.044660869086164526
2025-12-10,N225,0.0035380774943491932
2025-12-10,SX5E,-0.014704752118680796
2025-12-10,000688.SH,0.06858453450488157
2025-12-10,SOX,-0.041567633689073
2025-12-10,NDX,-0.015580477162820443
2025-12-10,XAU,-0.05638468153155228
2025-12-10,COPPER,-0.05808798586084161
2025-12-10,WTI,0.021711695657665224
2025-12-10,BTC,0.09129544225195606
2025-12-10,ETH,-0.017178710386873526
2025-12-10,US10Y,-0.018582070335201678
2025-12-10,CN10Y,-0.017384491343838692
2025-12-11,000300.SH,0.022402989332478092
2025-12-11,SPX,-0.018043462349152245
2025-12-11,HSI,0.03203612179552568
2025-12-11,N225,-0.005971067916492119
2025-12-11,SX5E,-0.02005952778706072
2025-12-11,000688.SH,0.05624818610857892
2025-12-11,SOX,-0.06130762597151783
2025-12-11,NDX,-0.021080428178062605
2025-12-11,XAU,-0.05492318760741977
2025-12-11,COPPER,-0.07412168781859783
2025-12-11,WTI,0.021122611471767
2025-12-11,BTC,0.12258037816210124
2025-12-11,ETH,0.023476863786517296
2025-12-11,US10Y,-0.006443147534899366
2025-12-11,CN10Y,-0.015917015493765823
2025-12-12,000300.SH,0.02478082496531934
2025-12-12,SPX,-0.01422083305210534
2025-12-12,HSI,0.039634245158804836
2025-12-12,N225,0.0024315410833935748
2025-12-12,SX5E,-0.01796672008033197
2025-12-12,000688.SH,0.039352402875729484
2025-12-12,SOX,-0.053768269938443046
2025-12-12,NDX,-0.008868052407895854
2025-12-12,XAU,-0.04542823657624562
2025-12-12,COPPER,-0.09035944222256832
2025-12-12,WTI,0.03320318309549729
2025-12-12,BTC,0.10099055188622459
2025-12-12,ETH,0.015109828918309497
2025-12-12,US10Y,-0.005564510825983634
2025-12-12,CN10Y,-0.019326512879704508
2025-12-15,000300.SH,0.008300655329657416
2025-12-15,SPX,-0.001550769400902369
2025-12-15,HSI,0.03201147843286579
2025-12-15,N225,-0.009008198818844217
2025-12-15,SX5E,0.008828757408235285
2025-12-15,000688.SH,0.004469299245939508
2025-12-15,SOX,-0.015441545757661178
2025-12-15,NDX,0.005407708463938474
2025-12-15,XAU,-0.03253919017471168
2025-12-15,COPPER,-0.06938733770969047
2025-12-15,WTI,0.016035815965609622
2025-12-15,BTC,0.08229156949604452
2025-12-15,ETH,0.021907723548934856
2025-12-15,US10Y,-0.029503480368269244
2025-12-15,CN10Y,-0.021822485661146022
2025-12-16,000300.SH,0.02581135376214868
2025-12-16,SPX,-0.017898910868112947
2025-12-16,HSI,0.04947014275361154
2025-12-16,N225,0.006552762901471358
2025-12-16,SX5E,-0.0058204669155293475
2025-12-16,000688.SH,0.04151762226195852
2025-12-16,SOX,-0.05147590024995478
2025-12-16,NDX,-0.012177344117234706
2025-12-16,XAU,-0.041613178639574165
2025-12-16,COPPER,-0.08692741500688922
2025-12-16,WTI,0.03079763760460559
2025-12-16,BTC,0.09987189779730432
2025-12-16,ETH,0.004901459837380124
2025-12-16,US10Y,-0.019728601720776114
2025-12-16,CN10Y,-0.02328105940040858
2025-12-17,000300.SH,0.02455159174163619
2025-12-17,SPX,-0.014053321056314913
2025-12-17,HSI,0.04765755916669132
2025-12-17,N225,0.007447798536183083
2025-12-17,SX5E,-0.007309385266160194
2025-12-17,000688.SH,0.04289797611881613
2025-12-17,SOX,-0.04212095950339127
2025-12-17,NDX,-0.011558867247170838
2025-12-17,XAU,-0.061712859216979575
2025-12-17,COPPER,-0.0751634038699169
2025-12-17,WTI,0.07904787003961097
2025-12-17,BTC,0.042685925751466264
2025-12-17,ETH,-0.008197001855384918
2025-12-17,US10Y,-0.005210730463380525
2025-12-17,CN10Y,-0.01896219287570466
2025-12-18,000300.SH,0.003074441053733532
2025-12-18,SPX,-0.008697725847279892
2025-12-18,HSI,0.03365832716187928
2025-12-18,N225,0.007953037752101929
2025-12-18,SX5E,-0.008284446744018752
2025-12-18,000688.SH,0.022918183834705022
2025-12-18,SOX,-0.010774246032918891
2025-12-18,NDX,0.0034520432773944773
2025-12-18,XAU,-0.07724677980182745
2025-12-18,COPPER,-0.07732500654998017
2025-12-18,WTI,0.0480732227661171
2025-12-18,BTC,0.05007346566184605
2025-12-18,ETH,0.035300697340297
2025-12-18,US10Y,-0.009721481775671767
2025-12-18,CN10Y,-0.012453732096377432
2025-12-19,000300.SH,0.0044916468166589394
2025-12-19,SPX,-0.023012913356844775
2025-12-19,HSI,0.01681656835753783
2025-12-19,N225,-0.011202876662212664
2025-12-19,SX5E,-0.03632671392049501
2025-12-19,000688.SH,0.046091049313059296
2025-12-19,SOX,-0.05312097411233607
2025-12-19,NDX,-0.020990280754119833
2025-12-19,XAU,-0.06875207782802134
2025-12-19,COPPER,-0.07708811770172289
2025-12-19,WTI,0.07919149814736359
2025-12-19,BTC,0.07519585770772196
2025-12-19,ETH,0.0826617221963385
2025-12-19,US10Y,-0.002322258769164932
2025-12-19,CN10Y,-0.011632129433762656
2025-12-22,000300.SH,0.012359377644665916
2025-12-22,SPX,-0.019437512511787138
2025-12-22,HSI,0.011853982367177242
2025-12-22,N225,-0.013209984910558525
2025-12-22,SX5E,-0.031844004415792534
2025-12-22,000688.SH,0.050601957696885
2025-12-22,SOX,-0.03737313295679402
2025-12-22,NDX,-0.016098011138179092
2025-12-22,XAU,-0.06096381435964711
2025-12-22,COPPER,-0.057421933673549454
2025-12-22,WTI,0.05493445156721189
2025-12-22,BTC,0.06554908815711978
2025-12-22,ETH,0.05253664968134443
2025-12-22,US10Y,-0.008099716256546699
2025-12-22,CN10Y,-0.0033873968915500144
2025-12-23,000300.SH,0.010423116282482246
2025-12-23,SPX,-0.027389377768571626
2025-12-23,HSI,0.018184065902234276
2025-12-23,N225,0.013301374617514603
2025-12-23,SX5E,-0.01448585798475782
2025-12-23,000688.SH,0.051034226353071505
2025-12-23,SOX,-0.05217861729397393
2025-12-23,NDX,-0.024668119809811484
2025-12-23,XAU,-0.07638085394399982
2025-12-23,COPPER,-0.04727221154677452
2025-12-23,WTI,0.02857863399037365
2025-12-23,BTC,0.0664878877154968
2025-12-23,ETH,0.07598382343197052
2025-12-23,US10Y,-0.015689303557065007
2025-12-23,CN10Y,-0.005928786388190198
2025-12-29,000300.SH,-0.010148518541765003
2025-12-29,SPX,-0.0166219437144116
2025-12-29,HSI,1.649948936260394e-05
2025-12-29,N225,-0.003792658376373283
2025-12-29,SX5E,-0.021315308108009412
2025-12-29,000688.SH,0.031062153935984303
2025-12-29,SOX,-0.031727455161936084
2025-12-29,NDX,-0.014085634271651559
2025-12-29,XAU,-0.07375633969255145
2025-12-29,COPPER,-0.036672858930085754
2025-12-29,WTI,0.010611918089777597
2025-12-29,BTC,0.08665045473742491
2025-12-29,ETH,0.10546671870982269
2025-12-29,US10Y,-0.027099244330872966
2025-12-29,CN10Y,0.0014122161652839692
2025-12-30,000300.SH,-0.018068339114877763
2025-12-30,SPX,-0.004184036318540144
2025-12-30,HSI,0.02171771653297522
2025-12-30,N225,-0.020207775006365607
2025-12-30,SX5E,-0.019826965899986518
2025-12-30,000688.SH,0.006956681740711599
2025-12-30,SOX,-0.021808347580855904
2025-12-30,NDX,0.0022115881793006035
2025-12-30,XAU,-0.03218595913062451
2025-12-30,COPPER,-0.05694814196154022
2025-12-30,WTI,0.014513790569425304
2025-12-30,BTC,0.06285615090608218
2025-12-30,ETH,0.10014656984487379
2025-12-30,US10Y,-0.026437750191301575
2025-12-30,CN10Y,-0.008735182569277057
2026-01-05,000300.SH,-0.01911692860832325
2026-01-05,SPX,0.00032920374090307774
2026-01-05,HSI,0.011133666518211004
2026-01-05,N225,-0.0015465111543775008
2026-01-05,SX5E,-0.015484740279601804
2026-01-05,000688.SH,-0.00667530224118104
2026-01-05,SOX,-0.0039575589422752525
2026-01-05,NDX,0.008136019355786407
2026-01-05,XAU,-0.028569110726449496
2026-01-05,COPPER,-0.07778623989157368
2026-01-05,WTI,0.017176053283499113
2026-01-05,BTC,0.06837029303875826
2026-01-05,ETH,0.08377225555769108
2026-01-05,US10Y,-0.0336231213614078
2026-01-05,CN10Y,-0.0021579782896595616
2026-01-06,000300.SH,-0.023224396173402762
2026-01-06,SPX,0.015154434686772465
2026-01-06,HSI,-0.0014367088736636354
2026-01-06,N225,-0.00023991906377187656
2026-01-06,SX5E,-0.02545670117583102
2026-01-06,000688.SH,-0.012950199113283654
2026-01-06,SOX,0.011834566610095847
2026-01-06,NDX,0.03290391863064281
2026-01-06,XAU,-0.028780105051943006
2026-01-06,COPPER,-0.08084622144962698
2026-01-06,WTI,0.018341588338871857
2026-01-06,BTC,0.06021639534733429
2026-01-06,ETH,0.06992013168203508
2026-01-06,US10Y,-0.03237932002042025
2026-01-06,CN10Y,-0.003057464373810006
2026-01-07,000300.SH,-0.019737938461128993
2026-01-07,SPX,0.012411673761366537
2026-01-07,HSI,-0.0010823497278964096
2026-01-07,N225,-0.020294016498639697
2026-01-07,SX5E,-0.01986139956251625
2026-01-07,000688.SH,-0.004866838617224497
2026-01-07,SOX,0.012114225700978365
2026-01-07,NDX,0.032286345320434465
2026-01-07,XAU,-0.028923078099774676
2026-01-07,COPPER,-0.07524270054381617
2026-01-07,WTI,0.06618835151472573
2026-01-07,BTC,0.04898406288942922
2026-01-07,ETH,0.029472975408913214
2026-01-07,US10Y,-0.015691773744231537
2026-01-07,CN10Y,-0.01575753934062045
2026-01-08,000300.SH,-0.030628074902810862
2026-01-08,SPX,0.008494080758484231
2026-01-08,HSI,0.002269533858406517
2026-01-08,N225,-0.023106448692629233
2026-01-08,SX5E,-0.023150946662431563
2026-01-08,000688.SH,-0.048734097450400735
2026-01-08,SOX,0.008923549707247912
2026-01-08,NDX,0.026425393588377654
2026-01-08,XAU,-0.03530730258095571
2026-01-08,COPPER,-0.06688636286690457
2026-01-08,WTI,0.055072878565480085
2026-01-08,BTC,0.08899627045453262
2026-01-08,ETH,0.0726727987371195
2026-01-08,US10Y,-0.010185808444849585
2026-01-08,CN10Y,-0.024855464068667073
2026-01-09,000300.SH,-0.03340186249212618
2026-01-09,SPX,0.0049400787510409435
2026-01-09,HSI,-0.003960751775760218
2026-01-09,N225,-0.0037920597154902508
2026-01-09,SX5E,-0.02346140198044387
2026-01-09,000688.SH,-0.08090299295524632
2026-01-09,SOX,0.02544413708354471
2026-01-09,NDX,0.025087262830822226
2026-01-09,XAU,-0.04637011788998076
2026-01-09,COPPER,-0.04420284957684863
2026-01-09,WTI,0.024784402766124293
2026-01-09,BTC,0.08748635879900418
2026-01-09,ETH,0.11318127607325058
2026-01-09,US10Y,-0.027738707046531974
2026-01-09,CN10Y,-0.01709277287135932
2026-01-13,000300.SH,-0.0324248998959817
2026-01-13,SPX,0.0018883426147152183
2026-01-13,HSI,0.0021078780165934862
2026-01-13,N225,0.007602555654021348
2026-01-13,SX5E,-0.03286966672091771
2026-01-13,000688.SH,-0.07829677705809354
2026-01-13,SOX,-0.002200522695070775
2026-01-13,NDX,0.017239398321805495
2026-01-13,XAU,-0.049631410000903826
2026-01-13,COPPER,-0.05813978942332128
2026-01-13,WTI,0.030713130839775456
2026-01-13,BTC,0.0886078272178383
2026-01-13,ETH,0.11702394524553059
2026-01-13,US10Y,-0.012056269884196802
2026-01-13,CN10Y,0.00043625776820507486
2026-01-14,000300.SH,-0.015709861511839764
2026-01-14,SPX,0.014441214741395777
2026-01-14,HSI,-0.005629748002551121
2026-01-14,N225,-0.017218631871208832
2026-01-14,SX5E,-0.02831611519627469
2026-01-14,000688.SH,-0.05585304812618799
2026-01-14,SOX,0.02916092240048713
2026-01-14,NDX,0.036865685494768166
2026-01-14,XAU,-0.05841518998428502
2026-01-14,COPPER,-0.036031753737955544
2026-01-14,WTI,0.00811636987880051
2026-01-14,BTC,0.05298339516865052
2026-01-14,ETH,0.07441395765612549
2026-01-14,US10Y,-0.0021430229043431625
2026-01-14,CN10Y,0.003335825994417523
2026-01-15,000300.SH,-0.0036679134810433823
2026-01-15,SPX,0.016268390207530528
2026-01-15,HSI,-0.023141740227953355
2026-01-15,N225,-0.029695873966599357
2026-01-15,SX5E,-0.023790699860065954
2026-01-15,000688.SH,-0.059509769717291175
2026-01-15,SOX,0.04652880278454984
2026-01-15,NDX,0.044964415115913293
2026-01-15,XAU,-0.06820276849379227
2026-01-15,COPPER,-0.05589897412899658
2026-01-15,WTI,-0.013531942352436986
2026-01-15,BTC,0.05168857005125024
2026-01-15,ETH,0.10033302468879064
2026-01-15,US10Y,0.012467509889258025
2026-01-15,CN10Y,0.005188969490885496
2026-01-16,000300.SH,-0.013589896842450207
2026-01-16,SPX,0.009662010806115793
2026-01-16,HSI,-0.036044229109701044
2026-01-16,N225,-0.02887913992955174
2026-01-16,SX5E,-0.03370722626960456
2026-01-16,000688.SH,-0.06401271434512906
2026-01-16,SOX,0.018033092784141884
2026-01-16,NDX,0.03887711707007968
2026-01-16,XAU,-0.0645568252593475
2026-01-16,COPPER,-0.06387722040227897
2026-01-16,WTI,0.004832532985694072
2026-01-16,BTC,0.07387423091280618
2026-01-16,ETH,0.1523352164749881
2026-01-16,US10Y,0.009342998844338618
2026-01-16,CN10Y,-0.0022899477201020835
2026-01-20,000300.SH,-0.012356537755340565
2026-01-20,SPX,0.015372150908134609
2026-01-20,HSI,-0.030339428608193688
2026-01-20,N225,-0.02916359053739994
2026-01-20,SX5E,-0.03492958843162687
2026-01-20,000688.SH,-0.08138125611332632
2026-01-20,SOX,0.01391813258556282
2026-01-20,NDX,0.04135951854721441
2026-01-20,XAU,-0.05666337635688304
2026-01-20,COPPER,-0.02946137069276802
2026-01-20,WTI,0.008663077060039987
2026-01-20,BTC,0.059808116636365045
2026-01-20,ETH,0.150082130578898
2026-01-20,US10Y,-0.019739593512580172
2026-01-20,CN10Y,0.004831615691902918
2026-01-21,000300.SH,-0.024729797490617426
2026-01-21,SPX,0.029650827792710534
2026-01-21,HSI,-0.02568457677428022
2026-01-21,N225,-0.03512184168342675
2026-01-21,SX5E,-0.011927484016047709
2026-01-21,000688.SH,-0.09003594084880293
2026-01-21,SOX,-0.003919019709511123
2026-01-21,NDX,0.047749608855601554
2026-01-21,XAU,-0.08792245452194528
2026-01-21,COPPER,-0.0296188748308056
2026-01-21,WTI,-0.021004703572339335
2026-01-21,BTC,0.10246340222528884
2026-01-21,ETH,0.1760945068292431
2026-01-21,US10Y,-0.033242597449855416
2026-01-21,CN10Y,0.007248945194787091
2026-01-22,000300.SH,-0.011593111339222218
2026-01-22,SPX,0.01733990631260917
2026-01-22,HSI,-0.002937417329196445
2026-01-22,N225,-0.005002732148378425
2026-01-22,SX5E,-0.008237245156038018
2026-01-22,000688.SH,-0.09028209605407587
2026-01-22,SOX,-0.05641065916215376
2026-01-22,NDX,0.028755526492749543
2026-01-22,XAU,-0.08980692596629133
2026-01-22,COPPER,-0.028987624989519234
2026-01-22,WTI,-0.03877503379499197
2026-01-22,BTC,0.10814408716721577
2026-01-22,ETH,0.17791491636359721
2026-01-22,US10Y,-0.009963946806942972
2026-01-22,CN10Y,0.009842356410637616
2026-01-23,000300.SH,-0.011876369309441477
2026-01-23,SPX,0.017724175563726876
2026-01-23,HSI,-0.011421730510621559
2026-01-23,N225,-0.02511902543364544
2026-01-23,SX5E,-0.00920835764394642
2026-01-23,000688.SH,-0.10253561983671922
2026-01-23,SOX,-0.04033202499447305
2026-01-23,NDX,0.026661428185960973
2026-01-23,XAU,-0.1035682109020852
2026-01-23,COPPER,-0.0039782858818830265
2026-01-23,WTI,-0.03106980860812307
2026-01-23,BTC,0.09751268423542374
2026-01-23,ETH,0.19795736628450075
2026-01-23,US10Y,-0.011495099785725587
2026-01-23,CN10Y,0.010748878637050529
2026-01-26,000300.SH,-0.01440387921010169
2026-01-26,SPX,0.02098876148666751
2026-01-26,HSI,-0.025526382822697695
2026-01-26,N225,-0.03515311474356494
2026-01-26,SX5E,-0.009021438997696675
2026-01-26,000688.SH,-0.1185917017609151
2026-01-26,SOX,-0.013927391804295065
2026-01-26,NDX,0.03425577877226815
2026-01-26,XAU,-0.11530108103784877
2026-01-26,COPPER,-0.023446309529317012
2026-01-26,WTI,-0.07962727087974203
2026-01-26,BTC,0.14012824386770856
2026-01-26,ETH,0.23536461159333494
2026-01-26,US10Y,-0.013356031198033155
2026-01-26,CN10Y,0.017617206264231584
2026-01-27,000300.SH,0.0024000302159240122
2026-01-27,SPX,0.003504370446985738
2026-01-27,HSI,-0.018566650132332288
2026-01-27,N225,-0.016268436372451452
2026-01-27,SX5E,-0.01790579350030632
2026-01-27,000688.SH,-0.08150711217249917
2026-01-27,SOX,-0.050374207485474186
2026-01-27,NDX,0.009711200178491813
2026-01-27,XAU,-0.11219323021357344
2026-01-27,COPPER,-0.007493418627915043
2026-01-27,WTI,-0.04259290895172036
2026-01-27,BTC,0.13050889570346302
2026-01-27,ETH,0.19271936305939116
2026-01-27,US10Y,-0.0061270867358569755
2026-01-27,CN10Y,0.014184984587872134
2026-01-28,000300.SH,0.002204238222109153
2026-01-28,SPX,0.014876594425188367
2026-01-28,HSI,-0.021615037172295494
2026-01-28,N225,-0.023274803836987552
2026-01-28,SX5E,-0.006686596316616066
2026-01-28,000688.SH,-0.09900591536812348
2026-01-28,SOX,-0.025641106926212225
2026-01-28,NDX,0.0261807258107581
2026-01-28,XAU,-0.13967685921783576
2026-01-28,COPPER,-0.0016330670836340036
2026-01-28,WTI,-0.07953122790145993
2026-01-28,BTC,0.14796834818172555
2026-01-28,ETH,0.21304541721836326
2026-01-28,US10Y,-0.020288673015987753
2026-01-28,CN10Y,0.013077962981006136
2026-01-29,000300.SH,-0.0004566191212734415
2026-01-29,SPX,0.019909906459997337
2026-01-29,HSI,-0.04098434281704437
2026-01-29,N225,-0.018055937316767634
2026-01-29,SX5E,0.004295917445813433
2026-01-29,000688.SH,-0.10406371407621721
2026-01-29,SOX,-0.03176743885187072
2026-01-29,NDX,0.030207556589619947
2026-01-29,XAU,-0.18346008038817696
2026-01-29,COPPER,-0.007157544465446265
2026-01-29,WTI,-0.08539808230513693
2026-01-29,BTC,0.16421567895120978
2026-01-29,ETH,0.2519173432132597
2026-01-29,US10Y,-0.01650401960300412
2026-01-29,CN10Y,0.017301376285035832
2026-01-30,000300.SH,-0.0048727469237134415
2026-01-30,SPX,0.01894237271052493
2026-01-30,HSI,-0.04920854123421978
2026-01-30,N225,-0.012250265266452788
2026-01-30,SX5E,0.0017312470407309065
2026-01-30,000688.SH,-0.06819419903325077
2026-01-30,SOX,-0.04991391753003695
2026-01-30,NDX,0.027850708102499955
2026-01-30,XAU,-0.15891328611765623
2026-01-30,COPPER,-0.06807027956907302
2026-01-30,WTI,-0.09887033463323311
2026-01-30,BTC,0.18409311691793637
2026-01-30,ETH,0.2677586904283264
2026-01-30,US10Y,-0.010780087733107749
2026-01-30,CN10Y,0.020697522840723973
2026-02-02,000300.SH,1.2087819478625618e-05
2026-02-02,SPX,0.017788485787996924
2026-02-02,HSI,-0.04150587033031394
2026-02-02,N225,-0.024830577198424797
2026-02-02,SX5E,-0.014385189672316428
2026-02-02,000688.SH,-0.08183533636471177
2026-02-02,SOX,-0.03901422677688495
2026-02-02,NDX,0.03148358412364868
2026-02-02,XAU,-0.07375910848887622
2026-02-02,COPPER,-0.027376451486228075
2026-02-02,WTI,-0.10249343416497395
2026-02-02,BTC,0.1297121354844138
2026-02-02,ETH,0.22065780039591887
2026-02-02,US10Y,-0.013808186461346902
2026-02-02,CN10Y,0.019354287332619253
2026-02-03,000300.SH,0.01681131036675532
2026-02-03,SPX,0.0030089879434054174
2026-02-03,HSI,-0.03937930093391375
2026-02-03,N225,-0.024338197453936276
2026-02-03,SX5E,-0.03016120536541833
2026-02-03,000688.SH,-0.05696232319593751
2026-02-03,SOX,-0.08679134318814954
2026-02-03,NDX,0.009443711906853915
2026-02-03,XAU,-0.08507814375706091
2026-02-03,COPPER,-0.0246166514804644
2026-02-03,WTI,-0.0755590136837107
2026-02-03,BTC,0.1415198152432018
2026-02-03,ETH,0.2600697560523652
2026-02-03,US10Y,-0.03471582434725354
2026-02-03,CN10Y,0.02674842189326284
2026-02-04,000300.SH,0.006854797084557126
2026-02-04,SPX,0.008480007305397842
2026-02-04,HSI,-0.032719740941425324
2026-02-04,N225,-0.06861253576222309
2026-02-04,SX5E,-0.021633719688193918
2026-02-04,000688.SH,-0.06253860171432854
2026-02-04,SOX,-0.07197645168404743
2026-02-04,NDX,0.020216719854978752
2026-02-04,XAU,-0.14448276770480212
2026-02-04,COPPER,-0.04038956240879439
2026-02-04,WTI,-0.09871507747859737
2026-02-04,BTC,0.189680036388186
2026-02-04,ETH,0.3167479544399655
2026-02-04,US10Y,-0.028377969256944913
2026-02-04,CN10Y,0.0274669115662715
2026-02-05,000300.SH,-0.003095521092598752
2026-02-05,SPX,-0.004282159219761283
2026-02-05,HSI,-0.033414442999155296
2026-02-05,N225,-0.06058866617671165
2026-02-05,SX5E,-0.011361603123870492
2026-02-05,000688.SH,-0.05423281218336683
2026-02-05,SOX,-0.053545743664747195
2026-02-05,NDX,0.008972046509588872
2026-02-05,XAU,-0.14786116437751917
2026-02-05,COPPER,-0.015197844338741327
2026-02-05,WTI,-0.11911720558634525
2026-02-05,BTC,0.1951289424628184
2026-02-05,ETH,0.3028905340189462
2026-02-05,US10Y,-0.027105352568526326
2026-02-05,CN10Y,0.022810992339990538
2026-02-06,000300.SH,0.002889197017898788
2026-02-06,SPX,-0.004210100132791053
2026-02-06,HSI,-0.04325471507865782
2026-02-06,N225,-0.06778432740132655
2026-02-06,SX5E,-0.016806430566921687
2026-02-06,000688.SH,-0.056913324582737054
2026-02-06,SOX,-0.08438145263379236
2026-02-06,NDX,0.006457305712699365
2026-02-06,XAU,-0.13957424416489295
2026-02-06,COPPER,-0.016149448814072466
2026-02-06,WTI,-0.14564878516833957
2026-02-06,BTC,0.22694250825015247
2026-02-06,ETH,0.31320916744551064
2026-02-06,US10Y,-0.009894111348799289
2026-02-06,CN10Y,0.03511876146607073
2026-02-09,000300.SH,0.01853979554333278
2026-02-09,SPX,-0.00932254055071053
2026-02-09,HSI,-0.022876613445645486
2026-02-09,N225,-0.06064850587458932
2026-02-09,SX5E,-0.0168816062504474
2026-02-09,000688.SH,-0.010380582641260915
2026-02-09,SOX,-0.09440595918478505
2026-02-09,NDX,0.010173696137111443
2026-02-09,XAU,-0.15098316474050877
2026-02-09,COPPER,-0.03558767048584183
2026-02-09,WTI,-0.14316222916595053
2026-02-09,BTC,0.18459505562101336
2026-02-09,ETH,0.2968577778533534
2026-02-09,US10Y,-0.01600370079149185
2026-02-09,CN10Y,0.050086247976421236
2026-02-10,000300.SH,-0.0003743503312735857
2026-02-10,SPX,-0.006513978290112637
2026-02-10,HSI,-0.04449861321164255
2026-02-10,N225,-0.10436209575281576
2026-02-10,SX5E,-0.024572729494158337
2026-02-10,000688.SH,-0.014902730395276372
2026-02-10,SOX,-0.10348712227645265
2026-02-10,NDX,0.0069770395577067375
2026-02-10,XAU,-0.14865700208097668
2026-02-10,COPPER,-0.037470830842558686
2026-02-10,WTI,-0.11411681159574585
2026-02-10,BTC,0.23187504534935435
2026-02-10,ETH,0.32120488474270315
2026-02-10,US10Y,-0.004887851351416348
2026-02-10,CN10Y,0.04378714597266544
2026-02-12,000300.SH,-0.0019023126104318927
2026-02-12,SPX,-0.0027338512913337673
2026-02-12,HSI,-0.052922118450444686
2026-02-12,N225,-0.12032402335934762
2026-02-12,SX5E,-0.011779827098489548
2026-02-12,000688.SH,-0.020274803488775
2026-02-12,SOX,-0.08912289981520985
2026-02-12,NDX,0.014364625350385794
2026-02-12,XAU,-0.14428436740476927
2026-02-12,COPPER,-0.027923318889227066
2026-02-12,WTI,-0.11024695815138988
2026-02-12,BTC,0.21478240105601643
2026-02-12,ETH,0.30939047397221997
2026-02-12,US10Y,0.0054666435334837764
2026-02-12,CN10Y,0.03751033664731304
2026-02-13,000300.SH,-0.012864617839177247
2026-02-13,SPX,-0.003308244051506202
2026-02-13,HSI,-0.04038594587745316
2026-02-13,N225,-0.11375583774935853
2026-02-13,SX5E,-0.013661419824234172
2026-02-13,000688.SH,-0.05671513236002387
2026-02-13,SOX,-0.12276209413485356
2026-02-13,NDX,0.009102839643842021
2026-02-13,XAU,-0.13304936681618587
2026-02-13,COPPER,-0.024428585842528786
2026-02-13,WTI,-0.06589960435712236
2026-02-13,BTC,0.22244933116520174
2026-02-13,ETH,0.30403004953385293
2026-02-13,US10Y,0.018181648934027995
2026-02-13,CN10Y,0.033066979575520086
2026-02-24,000300.SH,-0.004469210179026538
2026-02-24,SPX,-0.008699601524145718
2026-02-24,HSI,-0.016955682668959953
2026-02-24,N225,-0.0866790573239849
2026-02-24,SX5E,-0.013323257038621287
2026-02-24,000688.SH,-0.028181248570811848
2026-02-24,SOX,-0.1352127236297791
2026-02-24,NDX,-0.002988644725434395
2026-02-24,XAU,-0.1453456087223023
2026-02-24,COPPER,-0.020435998837254325
2026-02-24,WTI,-0.0629544130313206
2026-02-24,BTC,0.20486253911735297
2026-02-24,ETH,0.26752737485235
2026-02-24,US10Y,0.023168146129483213
2026-02-24,CN10Y,0.029687386152455798
2026-02-25,000300.SH,-0.010929738873106574
2026-02-25,SPX,-0.01205567599348574
2026-02-25,HSI,-0.018625500086767853
2026-02-25,N225,-0.09434116628262622
2026-02-25,SX5E,-0.027598226004630286
2026-02-25,000688.SH,-0.026029359382794874
2026-02-25,SOX,-0.1349663183497769
2026-02-25,NDX,-0.00697390920946942
2026-02-25,XAU,-0.16475123172321246
2026-02-25,COPPER,-0.05229678935289039
2026-02-25,WTI,-0.14400271126635483
2026-02-25,BTC,0.27010729922248217
2026-02-25,ETH,0.36668672220220927
2026-02-25,US10Y,0.028485256714647123
2026-02-25,CN10Y,0.02729134838577791
2026-02-26,000300.SH,-0.01471482870198498
2026-02-26,SPX,-0.01160624716517824
2026-02-26,HSI,-0.018081686185011218
2026-02-26,N225,-0.10551992113580688
2026-02-26,SX5E,-0.03167523749387699
2026-02-26,000688.SH,-0.0043190749334243534
2026-02-26,SOX,-0.11355397897857344
2026-02-26,NDX,-0.009302631107560532
2026-02-26,XAU,-0.15096770546675192
2026-02-26,COPPER,-0.06866028786868573
2026-02-26,WTI,-0.12323610912473587
2026-02-26,BTC,0.2642891066848988
2026-02-26,ETH,0.3284730463471892
2026-02-26,US10Y,0.04459599070761201
2026-02-26,CN10Y,0.014279564421890573
2026-02-27,000300.SH,-0.009299167605244909
2026-02-27,SPX,-0.019132945890853847
2026-02-27,HSI,-0.010045172816374922
2026-02-27,N225,-0.11280656293049557
2026-02-27,SX5E,-0.04517497367112534
2026-02-27,000688.SH,-0.019909728354328086
2026-02-27,SOX,-0.07274139431894036
2026-02-27,NDX,-0.008296027947306422
2026-02-27,XAU,-0.11609427154012666
2026-02-27,COPPER,-0.052396659909413536
2026-02-27,WTI,-0.11130486643123107
2026-02-27,BTC,0.22664494767802074
2026-02-27,ETH,0.28009065630642177
2026-02-27,US10Y,0.06777591782572599
2026-02-27,CN10Y,0.00269024960527267
2026-03-02,000300.SH,-0.010294303873806122
2026-03-02,SPX,-0.010810494826225345
2026-03-02,HSI,-0.02368296545104346
2026-03-02,N225,-0.12818582218029406
2026-03-02,SX5E,-0.04908960696738812
2026-03-02,000688.SH,0.0019135281860450746
2026-03-02,SOX,-0.050736397017938195
2026-03-02,NDX,-0.0017484761925739018
2026-03-02,XAU,-0.12939709224710305
2026-03-02,COPPER,-0.07788493619716488
2026-03-02,WTI,-0.128068105585201
2026-03-02,BTC,0.22656133310397442
2026-03-02,ETH,0.28884335570539843
2026-03-02,US10Y,0.06931366134787886
2026-03-02,CN10Y,0.023266322195441964
2026-03-03,000300.SH,-0.013348014574636052
2026-03-03,SPX,-0.004994106421796537
2026-03-03,HSI,0.00026832150423171386
2026-03-03,N225,-0.09593188605452316
2026-03-03,SX5E,-0.011638335488700462
2026-03-03,000688.SH,0.022953519940071658
2026-03-03,SOX,-0.052132911977890405
2026-03-03,NDX,0.005511861625137328
2026-03-03,XAU,-0.1107081234381971
2026-03-03,COPPER,-0.059132699187026454
2026-03-03,WTI,-0.19733091698627664
2026-03-03,BTC,0.19145957015340068
2026-03-03,ETH,0.23942543613832085
2026-03-03,US10Y,0.04977218040782488
2026-03-03,CN10Y,0.03582610436006027
2026-03-04,000300.SH,-0.009631604242333072
2026-03-04,SPX,-0.00498325524321071
2026-03-04,HSI,0.005145516685788043
2026-03-04,N225,-0.07781452598292968
2026-03-04,SX5E,0.014438265513313245
2026-03-04,000688.SH,0.0669054737255036
2026-03-04,SOX,-0.04761738694978224
2026-03-04,NDX,0.0068663917612790835
2026-03-04,XAU,-0.07173288861553603
2026-03-04,COPPER,-0.036070707799324225
2026-03-04,WTI,-0.23398270383395492
2026-03-04,BTC,0.14236544069411083
2026-03-04,ETH,0.18033561290023012
2026-03-04,US10Y,0.04072749110875578
2026-03-04,CN10Y,0.02504888027809113
2026-03-05,000300.SH,0.007892241902312736
2026-03-05,SPX,-0.0003575805956110324
2026-03-05,HSI,0.033707583337294414
2026-03-05,N225,-0.04848898866743824
2026-03-05,SX5E,0.005461483590647071
2026-03-05,000688.SH,0.07031968749122071
2026-03-05,SOX,-0.04860151692783504
2026-03-05,NDX,0.005900969667601555
2026-03-05,XAU,-0.06202039408043818
2026-03-05,COPPER,-0.037047444244783956
2026-03-05,WTI,-0.2511870736582823
2026-03-05,BTC,0.10806991374477337
2026-03-05,ETH,0.16116148982522788
2026-03-05,US10Y,0.03000577335162716
2026-03-05,CN10Y,0.025183855263684447
2026-03-06,000300.SH,-0.007696278182227046
2026-03-06,SPX,0.0016959697602407058
2026-03-06,HSI,0.03484740537676396
2026-03-06,N225,-0.07107444344280453
2026-03-06,SX5E,0.019636088025920956
2026-03-06,000688.SH,0.05576306033888885
2026-03-06,SOX,-0.0368924568895546
2026-03-06,NDX,0.007245822158502438
2026-03-06,XAU,-0.025648233308011383
2026-03-06,COPPER,-0.030704348030102725
2026-03-06,WTI,-0.2659824538909811
2026-03-06,BTC,0.1050613187653675
2026-03-06,ETH,0.16246914565172343
2026-03-06,US10Y,0.024701942113022606
2026-03-06,CN10Y,0.026577461553251896
2026-03-09,000300.SH,-0.009155307721096333
2026-03-09,SPX,0.012671369647389949
2026-03-09,HSI,0.04048612570056603
2026-03-09,N225,-0.0801824888372511
2026-03-09,SX5E,0.018467131165360237
2026-03-09,000688.SH,0.045662759375422884
2026-03-09,SOX,0.018625201948903145
2026-03-09,NDX,0.022509838821774715
2026-03-09,XAU,0.000729160919939572
2026-03-09,COPPER,-0.02788989583113078
2026-03-09,WTI,-0.40967288148478814
2026-03-09,BTC,0.1369475366310704
2026-03-09,ETH,0.18975548203616427
2026-03-09,US10Y,0.024792423755622482
2026-03-09,CN10Y,0.01625354387205378
2026-03-10,000300.SH,0.00808415818176985
2026-03-10,SPX,0.003490522196215033
2026-03-10,HSI,0.05955579291785415
2026-03-10,N225,-0.028290648823278454
2026-03-10,SX5E,0.017535571660169065
2026-03-10,000688.SH,0.032417555553353995
2026-03-10,SOX,-0.017164674813200942
2026-03-10,NDX,0.004679106227582514
2026-03-10,XAU,-0.0032410373947273368
2026-03-10,COPPER,0.007770907960748676
2026-03-10,WTI,-0.31053887590320717
2026-03-10,BTC,0.07774718846585388
2026-03-10,ETH,0.1177061997349427
2026-03-10,US10Y,0.026975072074097092
2026-03-10,CN10Y,0.0032731619618280167
2026-03-11,000300.SH,-0.004745376127911855
2026-03-11,SPX,0.015642234609104556
2026-03-11,HSI,0.03413000010557023
2026-03-11,N225,-0.036196403831676216
2026-03-11,SX5E,0.012628671984915608
2026-03-11,000688.SH,0.035370180815296214
2026-03-11,SOX,-0.017230206367554592
2026-03-11,NDX,0.012092897010590933
2026-03-11,XAU,-0.07615556244345664
2026-03-11,COPPER,-0.013774722382008936
2026-03-11,WTI,-0.2893049070477368
2026-03-11,BTC,0.12775311984348914
2026-03-11,ETH,0.17218583598023454
2026-03-11,US10Y,0.026233038587219818
2026-03-11,CN10Y,0.001371199263924474
2026-03-12,000300.SH,-0.021170409070496242
2026-03-12,SPX,0.03430671218066103
2026-03-12,HSI,0.03216041075829372
2026-03-12,N225,-0.042803601563711546
2026-03-12,SX5E,0.03932868267892245
2026-03-12,000688.SH,0.035259807204324756
2026-03-12,SOX,0.034764129979441505
2026-03-12,NDX,0.036458049033983884
2026-03-12,XAU,-0.09258116108577219
2026-03-12,COPPER,-0.0049201135207618055
2026-03-12,WTI,-0.3498163518657388
2026-03-12,BTC,0.12911167876151022
2026-03-12,ETH,0.1443849428325178
2026-03-12,US10Y,0.01941009169065516
2026-03-12,CN10Y,0.006107131986169939
2026-03-13,000300.SH,-0.008034596588595901
2026-03-13,SPX,0.0387017431438358
2026-03-13,HSI,0.037934328306598326
2026-03-13,N225,0.0024255177987683885
2026-03-13,SX5E,0.04326102685807075
2026-03-13,000688.SH,0.05657772637522567
2026-03-13,SOX,0.04042689135406581
2026-03-13,NDX,0.034834117122524336
2026-03-13,XAU,-0.01788626042265852
2026-03-13,COPPER,0.04871796491862409
2026-03-13,WTI,-0.4201278528733008
2026-03-13,BTC,0.07205825297587515
2026-03-13,ETH,0.06272782802783296
2026-03-13,US10Y,0.002664287463868603
2026-03-13,CN10Y,0.005719025539265334
2026-03-16,000300.SH,0.007714342543888952
2026-03-16,SPX,0.043511265316131024
2026-03-16,HSI,0.05428524096469762
2026-03-16,N225,0.012491566406972085
2026-03-16,SX5E,0.04711743917202456
2026-03-16,000688.SH,0.05971949639041024
2026-03-16,SOX,0.010198085223429208
2026-03-16,NDX,0.02904307567476524
2026-03-16,XAU,0.005091615599355901
2026-03-16,COPPER,0.05557374452120602
2026-03-16,WTI,-0.4284944331428929
2026-03-16,BTC,0.051240699438859894
2026-03-16,ETH,0.04846080272618706
2026-03-16,US10Y,0.0020230764872877327
2026-03-16,CN10Y,0.0020239826776772187
2026-03-17,000300.SH,0.01683163769359352
2026-03-17,SPX,0.04045562559696725
2026-03-17,HSI,0.06613726649732207
2026-03-17,N225,0.038094682861231265
2026-03-17,SX5E,0.05208544052109633
2026-03-17,000688.SH,0.07435539446666875
2026-03-17,SOX,0.04971902203177561
2026-03-17,NDX,0.03051886083039437
2026-03-17,XAU,0.023669995925314588
2026-03-17,COPPER,0.0460394562557395
2026-03-17,WTI,-0.3807387517028569
2026-03-17,BTC,-0.015998367953384926
2026-03-17,ETH,-0.03322367665025049
2026-03-17,US10Y,-0.0004150659203333972
2026-03-17,CN10Y,-0.007531520453278635
2026-03-18,000300.SH,0.009387006501206715
2026-03-18,SPX,0.04385314201832464
2026-03-18,HSI,0.03864652906532613
2026-03-18,N225,0.027413202037097115
2026-03-18,SX5E,0.04894483438077009
2026-03-18,000688.SH,0.06760274128989159
2026-03-18,SOX,0.05924865205239316
2026-03-18,NDX,0.028238935892262458
2026-03-18,XAU,0.028476747826886462
2026-03-18,COPPER,0.05282640372181445
2026-03-18,WTI,-0.4142295526552402
2026-03-18,BTC,0.030308121775795633
2026-03-18,ETH,-0.016114045230389555
2026-03-18,US10Y,0.0067411690185548295
2026-03-18,CN10Y,-0.01134388769469411
2026-03-19,000300.SH,0.014637086442283224
2026-03-19,SPX,0.05319518706096545
2026-03-19,HSI,0.04029932933065995
2026-03-19,N225,0.023071396300723572
2026-03-19,SX5E,0.05706724764135301
2026-03-19,000688.SH,0.06365100906007003
2026-03-19,SOX,0.05171568662777201
2026-03-19,NDX,0.03818750036795738
2026-03-19,XAU,0.060086151121281364
2026-03-19,COPPER,0.09196520010420747
2026-03-19,WTI,-0.4501797695331234
2026-03-19,BTC,0.0013389158049629743
2026-03-19,ETH,-0.032204612306419855
2026-03-19,US10Y,-0.009627421928110048
2026-03-19,CN10Y,-0.00320290609458335
2026-03-23,000300.SH,0.028209485056510743
2026-03-23,SPX,0.04873239079658766
2026-03-23,HSI,0.06072968471450137
2026-03-23,N225,0.07107796036065657
2026-03-23,SX5E,0.07103487292633814
2026-03-23,000688.SH,0.08851833030603515
2026-03-23,SOX,0.025817029116858074
2026-03-23,NDX,0.030523590028629366
2026-03-23,XAU,0.0735334295617745
2026-03-23,COPPER,0.06147929784737724
2026-03-23,WTI,-0.4151170766492592
2026-03-23,BTC,-0.028176033454419283
2026-03-23,ETH,-0.08460856562521349
2026-03-23,US10Y,-0.023154350042227163
2026-03-23,CN10Y,-0.00860004494414957
2026-03-24,000300.SH,0.060461473972147295
2026-03-24,SPX,0.036686237807845204
2026-03-24,HSI,0.0958275863185607
2026-03-24,N225,0.10036386484387731
2026-03-24,SX5E,0.06908417873374316
2026-03-24,000688.SH,0.14665178943558918
2026-03-24,SOX,0.03423432880403394
2026-03-24,NDX,0.01972261114179385
2026-03-24,XAU,0.0891224592579415
2026-03-24,COPPER,0.0413207954496317
2026-03-24,WTI,-0.38192031729322523
2026-03-24,BTC,-0.08642989194516826
2026-03-24,ETH,-0.14145611598768282
2026-03-24,US10Y,-0.06097021055546202
2026-03-24,CN10Y,-0.0226987899836253
2026-03-25,000300.SH,0.036455646449181534
2026-03-25,SPX,0.041287008260318725
2026-03-25,HSI,0.0524725496400306
2026-03-25,N225,0.07638318968087889
2026-03-25,SX5E,0.06492076170710047
2026-03-25,000688.SH,0.11912396834740695
2026-03-25,SOX,0.029074750483646866
2026-03-25,NDX,0.029662349022482784
2026-03-25,XAU,0.10347146511350927
2026-03-25,COPPER,0.04797153730388339
2026-03-25,WTI,-0.37523872713551354
2026-03-25,BTC,-0.03825136455741232
2026-03-25,ETH,-0.08423034796257307
2026-03-25,US10Y,-0.08454906793573386
2026-03-25,CN10Y,-0.018553718417206523
2026-03-26,000300.SH,0.03656031798846342
2026-03-26,SPX,0.0472227889040958
2026-03-26,HSI,0.048298331326163985
2026-03-26,N225,0.06231518710009288
2026-03-26,SX5E,0.0790335782602251
2026-03-26,000688.SH,0.1052459642380734
2026-03-26,SOX,0.050752427198526434
2026-03-26,NDX,0.03737262641993752
2026-03-26,XAU,0.12896194921966692
2026-03-26,COPPER,0.07967351727378627
2026-03-26,WTI,-0.34676349945454327
2026-03-26,BTC,-0.09546245316017116
2026-03-26,ETH,-0.15167711738230882
2026-03-26,US10Y,-0.07026513645038648
2026-03-26,CN10Y,-0.011268481481622029
2026-03-27,000300.SH,0.042855120705497796
2026-03-27,SPX,0.05761055149970896
2026-03-27,HSI,0.05407134792840917
2026-03-27,N225,0.06060958424145495
2026-03-27,SX5E,0.08874561272599493
2026-03-27,000688.SH,0.10336879948386368
2026-03-27,SOX,0.0721115297341859
2026-03-27,NDX,0.05510005111718409
2026-03-27,XAU,0.11739544793020451
2026-03-27,COPPER,0.06488697630512198
2026-03-27,WTI,-0.4040204395967837
2026-03-27,BTC,-0.09336602601161606
2026-03-27,ETH,-0.12623182203415334
2026-03-27,US10Y,-0.0907297983249439
2026-03-27,CN10Y,-0.0024069357041283487
2026-03-30,000300.SH,0.03674002040569658
2026-03-30,SPX,0.07106540418400673
2026-03-30,HSI,0.0380580260580278
2026-03-30,N225,0.07094041622143366
2026-03-30,SX5E,0.09907536886913627
2026-03-30,000688.SH,0.10572429594346333
2026-03-30,SOX,0.06320938929796048
2026-03-30,NDX,0.06555948127729846
2026-03-30,XAU,0.10031623158387268
2026-03-30,COPPER,0.06834871544904303
2026-03-30,WTI,-0.4817420492065063
2026-03-30,BTC,-0.052301335419252894
2026-03-30,ETH,-0.08896774476746064
2026-03-30,US10Y,-0.10223185148697167
2026-03-30,CN10Y,0.006205631590253065
2026-03-31,000300.SH,0.03559562934928663
2026-03-31,SPX,0.07144062039410536
2026-03-31,HSI,0.05567666482042094
2026-03-31,N225,0.10081203591863316
2026-03-31,SX5E,0.08883352800323951
2026-03-31,000688.SH,0.11559163751951049
2026-03-31,SOX,0.09568752555719579
2026-03-31,NDX,0.07140369148070386
2026-03-31,XAU,0.11474454615177714
2026-03-31,COPPER,0.070741531201052
2026-03-31,WTI,-0.49104883640822744
2026-03-31,BTC,-0.07748035127520375
2026-03-31,ETH,-0.14781335695969455
2026-03-31,US10Y,-0.09419581285927846
2026-03-31,CN10Y,-0.00998905289352019
2026-04-01,000300.SH,0.051558836155880194
2026-04-01,SPX,0.04499527454486173
2026-04-01,HSI,0.037045740231258666
2026-04-01,N225,0.10816124778458958
2026-04-01,SX5E,0.06265474999408992
2026-04-01,000688.SH,0.13166366080417274
2026-04-01,SOX,0.04387424018850919
2026-04-01,NDX,0.04119887744575465
2026-04-01,XAU,0.09696133587985054
2026-04-01,COPPER,0.0308710783871545
2026-04-01,WTI,-0.40052296961261924
2026-04-01,BTC,-0.043790695458402536
2026-04-01,ETH,-0.11911785105403344
2026-04-01,US10Y,-0.06285720087444396
2026-04-01,CN10Y,-0.022696324416622185
2026-04-02,000300.SH,0.030825516335095747
2026-04-02,SPX,0.042242777228938495
2026-04-02,HSI,0.022923541917324097
2026-04-02,N225,0.04963547644139116
2026-04-02,SX5E,0.011509113183676
2026-04-02,000688.SH,0.07161962508071784
2026-04-02,SOX,0.00961463180325857
2026-04-02,NDX,0.03672460876320333
2026-04-02,XAU,0.07486327771658231
2026-04-02,COPPER,0.04879964296085782
2026-04-02,WTI,-0.3054161062332316
2026-04-02,BTC,0.033521884415222546
2026-04-02,ETH,-0.03867456513428312
2026-04-02,US10Y,-0.06506764633415373
2026-04-02,CN10Y,-0.023121778144599585
2026-04-08,000300.SH,0.02615085549835497
2026-04-08,SPX,0.04360614449689529
2026-04-08,HSI,0.004468972926315822
2026-04-08,N225,0.029366633955901618
2026-04-08,SX5E,0.03086278628292909
2026-04-08,000688.SH,0.08574345595484277
2026-04-08,SOX,0.009215184680935653
2026-04-08,NDX,0.04363963679935054
2026-04-08,XAU,0.08868150663867036
2026-04-08,COPPER,0.037066863159457
2026-04-08,WTI,-0.42775592905219395
2026-04-08,BTC,0.08161420529477743
2026-04-08,ETH,0.025630055872763867
2026-04-08,US10Y,-0.05439734715882549
2026-04-08,CN10Y,-0.02389302535017494
2026-04-09,000300.SH,0.023081433234141788
2026-04-09,SPX,0.021148204049153258
2026-04-09,HSI,-0.004504844323274491
2026-04-09,N225,0.0026957247040460333
2026-04-09,SX5E,-0.006566894699415644
2026-04-09,000688.SH,0.05996016865019106
2026-04-09,SOX,-0.051814595261448854
2026-04-09,NDX,0.02240302240765415
2026-04-09,XAU,0.10574476038357467
2026-04-09,COPPER,0.040179393861579635
2026-04-09,WTI,-0.25249063894345636
2026-04-09,BTC,0.06409163610638051
2026-04-09,ETH,0.03478605972089466
2026-04-09,US10Y,-0.03948053465904797
2026-04-09,CN10Y,-0.019232895230972918
2026-04-10,000300.SH,0.0325676220241515
2026-04-10,SPX,0.001586507748257476
2026-04-10,HSI,0.01864325649251638
2026-04-10,N225,0.01696308133111403
2026-04-10,SX5E,-0.014176203220147295
2026-04-10,000688.SH,0.07340971623267341
2026-04-10,SOX,-0.11277564791615166
2026-04-10,NDX,-0.00014742777280314385
2026-04-10,XAU,0.11346535847080023
2026-04-10,COPPER,0.04079752004885519
2026-04-10,WTI,-0.11212461904490206
2026-04-10,BTC,0.012175556225965434
2026-04-10,ETH,-0.014613521506455895
2026-04-10,US10Y,-0.03504198612570841
2026-04-10,CN10Y,-0.020729212988165643
2026-04-13,000300.SH,0.0131408373838125
2026-04-13,SPX,0.017212449445864197
2026-04-13,HSI,0.007840583640664648
2026-04-13,N225,-0.04110591808273083
2026-04-13,SX5E,-0.018088507270888638
2026-04-13,000688.SH,0.05378789937175902
2026-04-13,SOX,-0.0789058676392939
2026-04-13,NDX,0.01969946728729608
2026-04-13,XAU,0.1289041383926688
2026-04-13,COPPER,0.04658873183345247
2026-04-13,WTI,-0.15430540964390813
2026-04-13,BTC,0.03611943193586184
2026-04-13,ETH,0.018779399637355556
2026-04-13,US10Y,-0.0462868106614835
2026-04-13,CN10Y,-0.0033804256304308146
2026-04-14,000300.SH,0.025236627469596713
2026-04-14,SPX,0.004703758274663304
2026-04-14,HSI,0.03974801586931436
2026-04-14,N225,-0.004161109092403515
2026-04-14,SX5E,0.012878233837137782
2026-04-14,000688.SH,0.06928822903746831
2026-04-14,SOX,-0.09009023261470768
2026-04-14,NDX,0.008093096678082938
2026-04-14,XAU,0.13818888015813216
2026-04-14,COPPER,0.013965244469933545
2026-04-14,WTI,-0.18870066498973223
2026-04-14,BTC,0.02953747743426141
2026-04-14,ETH,-0.027617909049068013
2026-04-14,US10Y,-0.03794797375217148
2026-04-14,CN10Y,0.006878326269491724
2026-04-15,000300.SH,0.020854060394378298
2026-04-15,SPX,-0.007114241443330935
2026-04-15,HSI,0.030648243266709244
2026-04-15,N225,-0.012652857202536599
2026-04-15,SX5E,-0.006762140258963479
2026-04-15,000688.SH,0.03600935632814639
2026-04-15,SOX,-0.1025043968300527
2026-04-15,NDX,-0.008674429791022308
2026-04-15,XAU,0.1166086096552931
2026-04-15,COPPER,0.0001106047635495936
2026-04-15,WTI,-0.10414218324423737
2026-04-15,BTC,0.03761149777457533
2026-04-15,ETH,0.0010853616935181803
2026-04-15,US10Y,-0.014760738819917265
2026-04-15,CN10Y,0.013683253713889815
2026-04-16,000300.SH,0.02222589516997861
2026-04-16,SPX,-0.028608691878133318
2026-04-16,HSI,0.022933890275802178
2026-04-16,N225,-0.02399283623197239
2026-04-16,SX5E,-0.005272975030577219
2026-04-16,000688.SH,0.026201264178513813
2026-04-16,SOX,-0.1335887493703229
2026-04-16,NDX,-0.037770035503116084
2026-04-16,XAU,0.11266283024012272
2026-04-16,COPPER,-0.009684172823145489
2026-04-16,WTI,-0.004397991147620793
2026-04-16,BTC,0.043403244566898105
2026-04-16,ETH,0.009736535310029267
2026-04-16,US10Y,-0.007359018051911911
2026-04-16,CN10Y,0.013510810295454626
2026-04-17,000300.SH,0.011442890837111228
2026-04-17,SPX,-0.03263433405060996
2026-04-17,HSI,0.0017778019581113653
2026-04-17,N225,-0.05039209894898428
2026-04-17,SX5E,-0.004625193582420646
2026-04-17,000688.SH,0.016740036789976955
2026-04-17,SOX,-0.1305250881079974
2026-04-17,NDX,-0.042827325048170425
2026-04-17,XAU,0.11411432627734062
2026-04-17,COPPER,-0.017474752710332758
2026-04-17,WTI,-0.0006981796573005718
2026-04-17,BTC,0.06915111621671163
2026-04-17,ETH,0.059424883100638065
2026-04-17,US10Y,-0.011773593080210507
2026-04-17,CN10Y,0.018299510006135722
2026-04-20,000300.SH,0.00932777090354565
2026-04-20,SPX,-0.04029512874956688
2026-04-20,HSI,0.018252456251560613
2026-04-20,N225,-0.04527730597304988
2026-04-20,SX5E,-0.027910801360415606
2026-04-20,000688.SH,0.013393452829263113
2026-04-20,SOX,-0.1526331115093529
2026-04-20,NDX,-0.052105262586442644
2026-04-20,XAU,0.0855050281546571
2026-04-20,COPPER,-0.013887808790258431
2026-04-20,WTI,0.03201677473674816
2026-04-20,BTC,0.05641906746390196
2026-04-20,ETH,0.09096333473845408
2026-04-20,US10Y,-0.011705364798768537
2026-04-20,CN10Y,0.03793689868972351
2026-04-21,000300.SH,-0.0038590221059416323
2026-04-21,SPX,-0.03508335452396706
2026-04-21,HSI,0.012289437021662767
2026-04-21,N225,-0.05147224561966263
2026-04-21,SX5E,-0.0098917206113703
2026-04-21,000688.SH,-0.02729718128062342
2026-04-21,SOX,-0.15065094465605755
2026-04-21,NDX,-0.04350306504709745
2026-04-21,XAU,0.08867087718207303
2026-04-21,COPPER,-0.01917541828891523
2026-04-21,WTI,0.0317467858761194
2026-04-21,BTC,0.06340585719937354
2026-04-21,ETH,0.12535568840294647
2026-04-21,US10Y,-0.018403165683218838
2026-04-21,CN10Y,0.03786747213467818
2026-04-22,000300.SH,0.0009100187858706635
2026-04-22,SPX,-0.03913648583449855
2026-04-22,HSI,0.017366662865418183
2026-04-22,N225,-0.025951440104973196
2026-04-22,SX5E,-0.0033357329918623554
2026-04-22,000688.SH,0.008854039471824234
2026-04-22,SOX,-0.15182735510882567
2026-04-22,NDX,-0.049481521757396146
2026-04-22,XAU,0.08245366763119469
2026-04-22,COPPER,-0.05550460144327191
2026-04-22,WTI,0.044943576872491356
2026-04-22,BTC,0.043204291045688833
2026-04-22,ETH,0.10294650532828906
2026-04-22,US10Y,-0.012482692571625638
2026-04-22,CN10Y,0.037041067811675585
2026-04-23,000300.SH,-0.011585772268050257
2026-04-23,SPX,-0.040541239561426246
2026-04-23,HSI,0.02409531662278475
2026-04-23,N225,-0.04138126371774983
2026-04-23,SX5E,-0.007571799356729841
2026-04-23,000688.SH,-0.00912521962752089
2026-04-23,SOX,-0.13902237057142874
2026-04-23,NDX,-0.05419437729645971
2026-04-23,XAU,0.07804073823328884
2026-04-23,COPPER,-0.0380467572042798
2026-04-23,WTI,-0.020553611695701218
2026-04-23,BTC,0.07073657562885675
2026-04-23,ETH,0.15423938213660454
2026-04-23,US10Y,-0.013130696103916976
2026-04-23,CN10Y,0.048041094781727134
2026-04-24,000300.SH,-0.037916691735570066
2026-04-24,SPX,-0.03375295448695184
2026-04-24,HSI,-0.0002017864947944925
2026-04-24,N225,-0.05469518393513726
2026-04-24,SX5E,-0.004888148723127424
2026-04-24,000688.SH,-0.03904650434777682
2026-04-24,SOX,-0.14897048223577158
2026-04-24,NDX,-0.04671667325842187
2026-04-24,XAU,0.06783284481579495
2026-04-24,COPPER,-0.007266855202806895
2026-04-24,WTI,-0.1118860363733286
2026-04-24,BTC,0.1289591798928302
2026-04-24,ETH,0.24607620580478534
2026-04-24,US10Y,0.00023731758353454611
2026-04-24,CN10Y,0.042235768696739825
2026-04-27,000300.SH,-0.022609475030352235
2026-04-27,SPX,-0.04607508224102206
2026-04-27,HSI,0.023293047410254487
2026-04-27,N225,-0.052403200538546156
2026-04-27,SX5E,-0.002794782965501068
2026-04-27,000688.SH,-0.03272171814462477
2026-04-27,SOX,-0.18193165274328071
2026-04-27,NDX,-0.0746315922655226
2026-04-27,XAU,0.07373441969756891
2026-04-27,COPPER,-0.003872410547351722
2026-04-27,WTI,-0.10121616912480723
2026-04-27,BTC,0.12551696271364593
2026-04-27,ETH,0.2408649763352032
2026-04-27,US10Y,0.017922323129664564
2026-04-27,CN10Y,0.036924354314669595
2026-04-28,000300.SH,-0.011172264323685316
2026-04-28,SPX,-0.04343347561994877
2026-04-28,HSI,0.03245515699212361
2026-04-28,N225,-0.04209201160388784
2026-04-28,SX5E,0.011041444597194274
2026-04-28,000688.SH,-0.05583371758838768
2026-04-28,SOX,-0.1651332425991196
2026-04-28,NDX,-0.069999485273945
2026-04-28,XAU,0.07797704780765988
2026-04-28,COPPER,-0.01240625482186492
2026-04-28,WTI,-0.09546691517840006
2026-04-28,BTC,0.12187266427538235
2026-04-28,ETH,0.22851042698290827
2026-04-28,US10Y,-0.005831615593904067
2026-04-28,CN10Y,0.029512241947873084
2026-04-30,000300.SH,-0.018658893275695917
2026-04-30,SPX,-0.05405294874206565
2026-04-30,HSI,0.028227060323351934
2026-04-30,N225,-0.029023991608066263
2026-04-30,SX5E,0.003422355527559982
2026-04-30,000688.SH,-0.05732722291587836
2026-04-30,SOX,-0.17021046177113608
2026-04-30,NDX,-0.08128670100698439
2026-04-30,XAU,0.07983600470795721
2026-04-30,COPPER,0.006107800909521429
2026-04-30,WTI,-0.08653360969880157
2026-04-30,BTC,0.12068060059460373
2026-04-30,ETH,0.215884084604703
2026-04-30,US10Y,0.013377283285312187
2026-04-30,CN10Y,0.029558639065616885
2026-05-07,000300.SH,-0.016177795513632753
2026-05-07,SPX,-0.07307862135744599
2026-05-07,HSI,0.03693901305295467
2026-05-07,N225,-0.009913139779236285
2026-05-07,SX5E,-0.007470501813465161
2026-05-07,000688.SH,-0.08668292759900136
2026-05-07,SOX,-0.21348299690998862
2026-05-07,NDX,-0.10596199482229499
2026-05-07,XAU,0.12136415324944612
2026-05-07,COPPER,0.010175716354471502
2026-05-07,WTI,-0.0664497691656297
2026-05-07,BTC,0.11912448683214448
2026-05-07,ETH,0.24421289921452988
2026-05-07,US10Y,0.008981296560277607
2026-05-07,CN10Y,0.038420181696868325
2026-05-08,000300.SH,-0.023697498982828212
2026-05-08,SPX,-0.0805243341305514
2026-05-08,HSI,0.013857290994465775
2026-05-08,N225,-0.0704369435220193
2026-05-08,SX5E,-0.0015259145946884406
2026-05-08,000688.SH,-0.13019327383189394
2026-05-08,SOX,-0.27902015056555424
2026-05-08,NDX,-0.1338000721078866
2026-05-08,XAU,0.15218337896112952
2026-05-08,COPPER,0.0262342738802908
2026-05-08,WTI,0.04038983698339822
2026-05-08,BTC,0.14154045304677468
2026-05-08,ETH,0.33396877789201906
2026-05-08,US10Y,-0.012664367912295643
2026-05-08,CN10Y,0.023688543889636857
2026-05-11,000300.SH,-0.030414211758096398
2026-05-11,SPX,-0.06317778962694265
2026-05-11,HSI,0.018699752554501736
2026-05-11,N225,-0.09057089958401959
2026-05-11,SX5E,0.009826147482043213
2026-05-11,000688.SH,-0.1394298418385827
2026-05-11,SOX,-0.2807147535699408
2026-05-11,NDX,-0.12702064518355738
2026-05-11,XAU,0.16877970749038232
2026-05-11,COPPER,0.020629040843491576
2026-05-11,WTI,0.02932221122855561
2026-05-11,BTC,0.13972745377856804
2026-05-11,ETH,0.33330142599438617
2026-05-11,US10Y,-0.01760775096130248
2026-05-11,CN10Y,0.028650153150510633
2026-05-12,000300.SH,-0.028210372530656884
2026-05-12,SPX,-0.056658342841817574
2026-05-12,HSI,0.03833603944287086
2026-05-12,N225,-0.031938407670359235
2026-05-12,SX5E,0.04191916254564433
2026-05-12,000688.SH,-0.14696756675037093
2026-05-12,SOX,-0.27442470752465753
2026-05-12,NDX,-0.11545165180875565
2026-05-12,XAU,0.18143492339984538
2026-05-12,COPPER,-0.019956320389943855
2026-05-12,WTI,-0.045138406830114566
2026-05-12,BTC,0.11510752954233744
2026-05-12,ETH,0.32745038032169654
2026-05-12,US10Y,-0.01963091938929158
2026-05-12,CN10Y,0.03412866048357045
2026-05-13,000300.SH,-0.03879228958727334
2026-05-13,SPX,-0.054844972515623404
2026-05-13,HSI,0.03250763727121784
2026-05-13,N225,-0.0625038523656798
2026-05-13,SX5E,0.048829607068200685
2026-05-13,000688.SH,-0.1810920346835929
2026-05-13,SOX,-0.2429096418525661
2026-05-13,NDX,-0.10700403589131087
2026-05-13,XAU,0.16683711448968894
2026-05-13,COPPER,-0.032289369617395786
2026-05-13,WTI,0.05050299360383867
2026-05-13,BTC,0.10878249539334192
2026-05-13,ETH,0.31144042763613433
2026-05-13,US10Y,-0.03335759578521159
2026-05-13,CN10Y,0.033893516836228606
2026-05-15,000300.SH,-0.03373404584591907
2026-05-15,SPX,-0.04145372725048601
2026-05-15,HSI,0.04555550850830955
2026-05-15,N225,-0.021009044974942992
2026-05-15,SX5E,0.06460554407531631
2026-05-15,000688.SH,-0.15945304041684755
2026-05-15,SOX,-0.21238705015141734
2026-05-15,NDX,-0.09561714637969869
2026-05-15,XAU,0.15009136877508866
2026-05-15,COPPER,-0.04143730365971622
2026-05-15,WTI,-0.07847843823811003
2026-05-15,BTC,0.12799024117895416
2026-05-15,ETH,0.29926117550596
2026-05-15,US10Y,-0.03827753929146242
2026-05-15,CN10Y,0.0343434981649693
2026-05-18,000300.SH,-0.023369957791397153
2026-05-18,SPX,-0.04054246807070863
2026-05-18,HSI,0.044134630915175256
2026-05-18,N225,-0.018120540728586015
2026-05-18,SX5E,0.0568571780507109
2026-05-18,000688.SH,-0.14897335062644407
2026-05-18,SOX,-0.18430330286359128
2026-05-18,NDX,-0.09448225431384785
2026-05-18,XAU,0.16600455739750147
2026-05-18,COPPER,-0.011575285886009028
2026-05-18,WTI,-0.06002935707292648
2026-05-18,BTC,0.0969399564641023
2026-05-18,ETH,0.25510000455678267
2026-05-18,US10Y,-0.06696966987544237
2026-05-18,CN10Y,0.02932985984467843
2026-05-19,000300.SH,-0.010157583429562723
2026-05-19,SPX,-0.0480414285204998
2026-05-19,HSI,0.05124406099191628
2026-05-19,N225,-0.004274808006165541
2026-05-19,SX5E,0.05015798380075806
2026-05-19,000688.SH,-0.15815593253719035
2026-05-19,SOX,-0.15673375866774528
2026-05-19,NDX,-0.09824849743031626
2026-05-19,XAU,0.13676347887496662
2026-05-19,COPPER,-0.014250008517515865
2026-05-19,WTI,-0.09420946892206844
2026-05-19,BTC,0.10647963848521871
2026-05-19,ETH,0.27589092043719093
2026-05-19,US10Y,-0.06647926874449768
2026-05-19,CN10Y,0.03001467218550982
2026-05-20,000300.SH,-0.01720285643170818
2026-05-20,SPX,-0.03630944497963741
2026-05-20,HSI,0.030381593904206347
2026-05-20,N225,-0.017672991006282356
2026-05-20,SX5E,0.039995213941132354
2026-05-20,000688.SH,-0.19946063475179696
2026-05-20,SOX,-0.15424851745685833
2026-05-20,NDX,-0.088118634583027
2026-05-20,XAU,0.14046699531752557
2026-05-20,COPPER,0.029763662438501093
2026-05-20,WTI,-0.08415704944598208
2026-05-20,BTC,0.10266153996003714
2026-05-20,ETH,0.3026432407287423
2026-05-20,US10Y,-0.08180708137879839
2026-05-20,CN10Y,0.03306496374394456
2026-05-21,000300.SH,-0.0032095319811244194
2026-05-21,SPX,-0.03342193857066496
2026-05-21,HSI,0.04522533678974073
2026-05-21,N225,0.021736554572390987
2026-05-21,SX5E,0.033947504452627536
2026-05-21,000688.SH,-0.20559154878371816
2026-05-21,SOX,-0.17335203396418827
2026-05-21,NDX,-0.08372113673871351
2026-05-21,XAU,0.14929530783776454
2026-05-21,COPPER,0.02270285544497588
2026-05-21,WTI,-0.1005679733722125
2026-05-21,BTC,0.0937498851417585
2026-05-21,ETH,0.2777924149027855
2026-05-21,US10Y,-0.0698406143674207
2026-05-21,CN10Y,0.02525491863599733
2026-05-22,000300.SH,0.005404501562451083
2026-05-22,SPX,-0.029129615610666865
2026-05-22,HSI,0.05606793895288404
2026-05-22,N225,-0.008992043089948713
2026-05-22,SX5E,0.026906364514970547
2026-05-22,000688.SH,-0.17193111454205764
2026-05-22,SOX,-0.18988876816041336
2026-05-22,NDX,-0.07434922306737887
2026-05-22,XAU,0.1347687957836151
2026-05-22,COPPER,0.016136022679385412
2026-05-22,WTI,-0.09559265652474487
2026-05-22,BTC,0.09322357478738477
2026-05-22,ETH,0.2797615789696255
2026-05-22,US10Y,-0.06273187714398223
2026-05-22,CN10Y,0.02034652088887479
2026-05-26,000300.SH,0.0018598443775460424
2026-05-26,SPX,-0.03203596778064594
2026-05-26,HSI,0.061808110323710475
2026-05-26,N225,-0.015737390552017453
2026-05-26,SX5E,0.013898762506019922
2026-05-26,000688.SH,-0.17881789789715194
2026-05-26,SOX,-0.20436594973855407
2026-05-26,NDX,-0.07587431773715693
2026-05-26,XAU,0.12852731353189734
2026-05-26,COPPER,-0.0004795299165432877
2026-05-26,WTI,-0.06731368014618896
2026-05-26,BTC,0.11449559313030147
2026-05-26,ETH,0.290894418803099
2026-05-26,US10Y,-0.05343157513105206
2026-05-26,CN10Y,0.016572266226735126
2026-05-27,000300.SH,-0.014473593127884963
2026-05-27,SPX,-0.02001324693832738
2026-05-27,HSI,0.059912518243949456
2026-05-27,N225,-0.04821501094218772
2026-05-27,SX5E,0.034640925110237766
2026-05-27,000688.SH,-0.2065691808366869
2026-05-27,SOX,-0.21711667806572052
2026-05-27,NDX,-0.07198654886660094
2026-05-27,XAU,0.1477289363896361
2026-05-27,COPPER,0.009374841440072158
2026-05-27,WTI,-0.12267849767595596
2026-05-27,BTC,0.15227662667609024
2026-05-27,ETH,0.3402015321940503
2026-05-27,US10Y,-0.05563166477615584
2026-05-27,CN10Y,0.012549041175482657
2026-05-28,000300.SH,-0.010644608347763818
2026-05-28,SPX,-0.030381938776540586
2026-05-28,HSI,0.06742381847185473
2026-05-28,N225,-0.0584187079463111
2026-05-28,SX5E,0.011445080000534106
2026-05-28,000688.SH,-0.18235421389109618
2026-05-28,SOX,-0.22351794393579075
2026-05-28,NDX,-0.08576065125670138
2026-05-28,XAU,0.14425692409911253
2026-05-28,COPPER,0.005482735205865972
2026-05-28,WTI,-0.04272809970357377
2026-05-28,BTC,0.13714765451218774
2026-05-28,ETH,0.29419292978970896
2026-05-28,US10Y,-0.04914295448815198
2026-05-28,CN10Y,0.022999976266664383
2026-05-29,000300.SH,-0.009385667774805711
2026-05-29,SPX,-0.04230874162336206
2026-05-29,HSI,0.08517922069806909
2026-05-29,N225,-0.044436694665398006
2026-05-29,SX5E,0.005462171187495084
2026-05-29,000688.SH,-0.21404155923051774
2026-05-29,SOX,-0.2278786271283179
2026-05-29,NDX,-0.09799890301883082
2026-05-29,XAU,0.11467804435139281
2026-05-29,COPPER,-0.01269331202267451
2026-05-29,WTI,-0.0036452513025608015
2026-05-29,BTC,0.15499563727653098
2026-05-29,ETH,0.30747378686148064
2026-05-29,US10Y,-0.03312532716730584
2026-05-29,CN10Y,0.017725223558803686
2026-06-01,000300.SH,-0.0049052979747588625
2026-06-01,SPX,-0.040972486825479416
2026-06-01,HSI,0.057357781327334004
2026-06-01,N225,-0.07865279371954131
2026-06-01,SX5E,-0.005398673082469621
2026-06-01,000688.SH,-0.16146669469673403
2026-06-01,SOX,-0.2187119249023014
2026-06-01,NDX,-0.09363160235459794
2026-06-01,XAU,0.09278192885707727
2026-06-01,COPPER,-0.0009921222285820494
2026-06-01,WTI,0.03637669667053624
2026-06-01,BTC,0.15104327545652405
2026-06-01,ETH,0.2826702400099595
2026-06-01,US10Y,-0.03240696532275393
2026-06-01,CN10Y,0.016908638785786786
2026-06-02,000300.SH,0.003122153246464151
2026-06-02,SPX,-0.04685781805074712
2026-06-02,HSI,0.04043814329787616
2026-06-02,N225,-0.09353905100441873
2026-06-02,SX5E,-0.0037313708801900666
2026-06-02,000688.SH,-0.12187389339897406
2026-06-02,SOX,-0.20968767261748594
2026-06-02,NDX,-0.1040940059054101
2026-06-02,XAU,0.09612663166211671
2026-06-02,COPPER,-0.04468820057252626
2026-06-02,WTI,0.02650477387921729
2026-06-02,BTC,0.18298903688439527
2026-06-02,ETH,0.27229465513486645
2026-06-02,US10Y,-0.027816452897311914
2026-06-02,CN10Y,0.03081307122212734
2026-06-03,000300.SH,-0.015622058360308262
2026-06-03,SPX,-0.041413824775119026
2026-06-03,HSI,0.016576671349696547
2026-06-03,N225,-0.08253652984613064
2026-06-03,SX5E,-0.01876463735150632
2026-06-03,000688.SH,-0.124780337048047
2026-06-03,SOX,-0.2274957746472371
2026-06-03,NDX,-0.09094861265979534
2026-06-03,XAU,0.09506767118126969
2026-06-03,COPPER,-0.06311933947724588
2026-06-03,WTI,-0.0062306998587382326
2026-06-03,BTC,0.23067363471613656
2026-06-03,ETH,0.3290086856914235
2026-06-03,US10Y,-0.032654528797668315
2026-06-03,CN10Y,0.032239679883269076
2026-06-04,000300.SH,-0.024258008247085124
2026-06-04,SPX,-0.03657952409059303
2026-06-04,HSI,0.025474899209923244
2026-06-04,N225,-0.10078133189400243
2026-06-04,SX5E,-0.018101567163764164
2026-06-04,000688.SH,-0.1174548384211567
2026-06-04,SOX,-0.261842202690604
2026-06-04,NDX,-0.09318016894596488
2026-06-04,XAU,0.09359774386242506
2026-06-04,COPPER,-0.04056412611813827
2026-06-04,WTI,-0.013947189464831082
2026-06-04,BTC,0.25512076234361497
2026-06-04,ETH,0.32971582035300506
2026-06-04,US10Y,-0.0294062015790221
2026-06-04,CN10Y,0.032205932846192845
2026-06-05,000300.SH,-0.022117797039128747
2026-06-05,SPX,-0.04532355749878014
2026-06-05,HSI,0.029324590444676404
2026-06-05,N225,-0.09889810405457848
2026-06-05,SX5E,-0.03138455961086116
2026-06-05,000688.SH,-0.1422084272935901
2026-06-05,SOX,-0.27965163397042747
2026-06-05,NDX,-0.09846306197085589
2026-06-05,XAU,0.06931708805736898
2026-06-05,COPPER,-0.06437424389364904
2026-06-05,WTI,0.0560385191783264
2026-06-05,BTC,0.2552038972499132
2026-06-05,ETH,0.36112383319978314
2026-06-05,US10Y,-0.021275099322433745
2026-06-05,CN10Y,0.03268855652423609
2026-06-08,000300.SH,-0.029154188626544366
2026-06-08,SPX,-0.03907520674565125
2026-06-08,HSI,0.008299516985986768
2026-06-08,N225,-0.14947172632894834
2026-06-08,SX5E,-0.048282198164991325
2026-06-08,000688.SH,-0.12855262558146038
2026-06-08,SOX,-0.23035397310628902
2026-06-08,NDX,-0.0808130726058981
2026-06-08,XAU,0.05017483817978555
2026-06-08,COPPER,-0.06508996593242258
2026-06-08,WTI,0.16539918498830314
2026-06-08,BTC,0.21718514395037908
2026-06-08,ETH,0.33307251802486354
2026-06-08,US10Y,-0.020122772899606844
2026-06-08,CN10Y,0.0167845278624951
2026-06-09,000300.SH,0.0038975630207662808
2026-06-09,SPX,-0.03315990941373906
2026-06-09,HSI,0.04281921224399031
2026-06-09,N225,-0.06831367514690517
2026-06-09,SX5E,-0.041828380571377964
2026-06-09,000688.SH,-0.035750721816688605
2026-06-09,SOX,-0.2449741225753329
2026-06-09,NDX,-0.06832902789175972
2026-06-09,XAU,0.03528831786586525
2026-06-09,COPPER,-0.07578056663091978
2026-06-09,WTI,0.08375764230366634
2026-06-09,BTC,0.18515118885273799
2026-06-09,ETH,0.2187122627950272
2026-06-09,US10Y,-0.022653874161678914
2026-06-09,CN10Y,0.021164091126350152
2026-06-10,000300.SH,-0.02506647786687069
2026-06-10,SPX,-0.0261579344512671
2026-06-10,HSI,0.03281073623111472
2026-06-10,N225,-0.09914881310642093
2026-06-10,SX5E,-0.05422260980047646
2026-06-10,000688.SH,-0.11079388483222906
2026-06-10,SOX,-0.18366291831529385
2026-06-10,NDX,-0.039773772615707546
2026-06-10,XAU,0.0488669031044128
2026-06-10,COPPER,-0.058779526403429476
2026-06-10,WTI,0.08600988634877321
2026-06-10,BTC,0.19673590576831484
2026-06-10,ETH,0.23855566905665065
2026-06-10,US10Y,-0.021837081019958633
2026-06-10,CN10Y,0.0164639179023891
2026-06-11,000300.SH,-0.013988387591026814
2026-06-11,SPX,-0.023153079489797418
2026-06-11,HSI,0.021358045157447623
2026-06-11,N225,-0.11133025512842867
2026-06-11,SX5E,-0.06508916190425613
2026-06-11,000688.SH,-0.0958139009086716
2026-06-11,SOX,-0.16955436778698826
2026-06-11,NDX,-0.03997273438534866
2026-06-11,XAU,0.06587506501694765
2026-06-11,COPPER,-0.02805930800072473
2026-06-11,WTI,0.09811683747638394
2026-06-11,BTC,0.1704734852143846
2026-06-11,ETH,0.19543745440133115
2026-06-11,US10Y,-0.01408948040828394
2026-06-11,CN10Y,0.009789788337033593
2026-06-12,000300.SH,0.0020220509723337093
2026-06-12,SPX,-0.03222533502146491
2026-06-12,HSI,0.03795457861520804
2026-06-12,N225,-0.08955264248713374
2026-06-12,SX5E,-0.07851285612459921
2026-06-12,000688.SH,-0.07239037722518289
2026-06-12,SOX,-0.24393392177801185
2026-06-12,NDX,-0.06566085341400453
2026-06-12,XAU,0.04444776670157873
2026-06-12,COPPER,-0.021324615156601806
2026-06-12,WTI,0.1863774457556125
2026-06-12,BTC,0.14397870615498257
2026-06-12,ETH,0.16930385321818667
2026-06-12,US10Y,0.012151171453761005
2026-06-12,CN10Y,0.007365028335337536
2026-06-15,000300.SH,0.004434277324865784
2026-06-15,SPX,-0.02824160296267128
2026-06-15,HSI,0.024304649011154755
2026-06-15,N225,-0.10383193391933701
2026-06-15,SX5E,-0.0883121290820919
2026-06-15,000688.SH,-0.03762426022964359
2026-06-15,SOX,-0.22082313703806952
2026-06-15,NDX,-0.056319150257112864
2026-06-15,XAU,0.040705757003564526
2026-06-15,COPPER,-0.04144552303382684
2026-06-15,WTI,0.1971970856384574
2026-06-15,BTC,0.13177479329311562
2026-06-15,ETH,0.17043504916429517
2026-06-15,US10Y,0.0025615354896574224
2026-06-15,CN10Y,0.005184589597644015
2026-06-16,000300.SH,-0.017758263713534422
2026-06-16,SPX,-0.02395102422784951
2026-06-16,HSI,0.03323556023548241
2026-06-16,N225,-0.1360225824234728
2026-06-16,SX5E,-0.07704951186648738
2026-06-16,000688.SH,-0.06504227257799225
2026-06-16,SOX,-0.22694706072571355
2026-06-16,NDX,-0.055232751426994485
2026-06-16,XAU,0.03627202540315776
2026-06-16,COPPER,-0.05268263802486799
2026-06-16,WTI,0.21064887172073404
2026-06-16,BTC,0.15819777319712003
2026-06-16,ETH,0.1806425718929659
2026-06-16,US10Y,0.024855743747719178
2026-06-16,CN10Y,0.01083355878973348
2026-06-17,000300.SH,-0.02774643660295435
2026-06-17,SPX,-0.02447831472209064
2026-06-17,HSI,0.029941151296395248
2026-06-17,N225,-0.15550351329324824
2026-06-17,SX5E,-0.08189340613441289
2026-06-17,000688.SH,-0.07620817315903092
2026-06-17,SOX,-0.21658662460988584
2026-06-17,NDX,-0.05052449900378704
2026-06-17,XAU,0.032014244570142306
2026-06-17,COPPER,-0.04953774926728195
2026-06-17,WTI,0.2965548994875029
2026-06-17,BTC,0.13682363150376076
2026-06-17,ETH,0.13106618019782623
2026-06-17,US10Y,0.04208804441551586
2026-06-17,CN10Y,0.01399056532154919
2026-06-18,000300.SH,-0.03437110435378071
2026-06-18,SPX,-0.019921558411668358
2026-06-18,HSI,0.04114730011926858
2026-06-18,N225,-0.16842489704279395
2026-06-18,SX5E,-0.08895640896218908
2026-06-18,000688.SH,-0.08707184399416057
2026-06-18,SOX,-0.2335255744270039
2026-06-18,NDX,-0.04820878012204355
2026-06-18,XAU,0.029840415830823728
2026-06-18,COPPER,-0.05514904443741086
2026-06-18,WTI,0.3238002431315108
2026-06-18,BTC,0.15114072683119034
2026-06-18,ETH,0.14408751797499764
2026-06-18,US10Y,0.042114276853978796
2026-06-18,CN10Y,0.0034987310092817773
2026-06-22,000300.SH,-0.03570075271775557
2026-06-22,SPX,-0.019314789043171087
2026-06-22,HSI,0.052536924632686256
2026-06-22,N225,-0.19681591902435583
2026-06-22,SX5E,-0.0721973553379478
2026-06-22,000688.SH,-0.09113886626152455
2026-06-22,SOX,-0.24719730102624998
2026-06-22,NDX,-0.054360086972444994
2026-06-22,XAU,0.05386189472050412
2026-06-22,COPPER,-0.035247760630601706
2026-06-22,WTI,0.2680936895724021
2026-06-22,BTC,0.1785721808303325
2026-06-22,ETH,0.16996168959877278
2026-06-22,US10Y,0.025237200433569643
2026-06-22,CN10Y,0.003709251225784809
2026-06-23,000300.SH,-0.0672372625938277
2026-06-23,SPX,-0.008076656852867594
2026-06-23,HSI,0.05494500541581794
2026-06-23,N225,-0.17413827301650278
2026-06-23,SX5E,-0.06823513234862663
2026-06-23,000688.SH,-0.13385770010032408
2026-06-23,SOX,-0.23449044378331896
2026-06-23,NDX,-0.040992377796749184
2026-06-23,XAU,0.0665777800190642
2026-06-23,COPPER,-0.036792543139839956
2026-06-23,WTI,0.27107931198682744
2026-06-23,BTC,0.17566716524576864
2026-06-23,ETH,0.18101507998924907
2026-06-23,US10Y,0.011561603790417707
2026-06-23,CN10Y,0.0029744431849121865
2026-06-24,000300.SH,-0.0491413438519098
2026-06-24,SPX,-0.009714139636590688
2026-06-24,HSI,0.060683271932671
2026-06-24,N225,-0.1453239696162507
2026-06-24,SX5E,-0.06130808375449773
2026-06-24,000688.SH,-0.1479372897878652
2026-06-24,SOX,-0.2085708185978567
2026-06-24,NDX,-0.0367367451086208
2026-06-24,XAU,0.056399376213811095
2026-06-24,COPPER,-0.02394793906427851
2026-06-24,WTI,0.2919735630231216
2026-06-24,BTC,0.1271770748170863
2026-06-24,ETH,0.12276174529981604
2026-06-24,US10Y,0.019454394303138167
2026-06-24,CN10Y,0.004230903828227104
2026-06-25,000300.SH,-0.04755307571930094
2026-06-25,SPX,-0.015807653060866317
2026-06-25,HSI,0.043000113590479984
2026-06-25,N225,-0.13416026026232164
2026-06-25,SX5E,-0.06419359021814336
2026-06-25,000688.SH,-0.17392683330253486
2026-06-25,SOX,-0.19668143513472555
2026-06-25,NDX,-0.035485057221888355
2026-06-25,XAU,0.06126306272347702
2026-06-25,COPPER,-0.01478353687912948
2026-06-25,WTI,0.3135359996664613
2026-06-25,BTC,0.12715003687214355
2026-06-25,ETH,0.11017113606084636
2026-06-25,US10Y,0.0302637880112374
2026-06-25,CN10Y,-0.0027926951257332983
2026-06-26,000300.SH,-0.05354071377839491
2026-06-26,SPX,-0.001399585375861735
2026-06-26,HSI,0.06412285842558933
2026-06-26,N225,-0.15256260714965017
2026-06-26,SX5E,-0.05666192022603723
2026-06-26,000688.SH,-0.20312581772898175
2026-06-26,SOX,-0.19788302990689977
2026-06-26,NDX,-0.021651684047156255
2026-06-26,XAU,0.0671052470192025
2026-06-26,COPPER,-0.0182425899980099
2026-06-26,WTI,0.23121683100091295
2026-06-26,BTC,0.16078966409292533
2026-06-26,ETH,0.16558086076776599
2026-06-26,US10Y,0.023859657855520904
2026-06-26,CN10Y,-0.007607170950924187
2026-06-29,000300.SH,-0.032514546032415007
2026-06-29,SPX,-0.0032505680225542975
2026-06-29,HSI,0.05999145386436347
2026-06-29,N225,-0.13198596762734652
2026-06-29,SX5E,-0.05865176634755614
2026-06-29,000688.SH,-0.19076527327342194
2026-06-29,SOX,-0.1677451159157275
2026-06-29,NDX,-0.01656418244134277
2026-06-29,XAU,0.04874534467476943
2026-06-29,COPPER,-0.027949230263412412
2026-06-29,WTI,0.24298758560034328
2026-06-29,BTC,0.12959150723558158
2026-06-29,ETH,0.12974396819047448
2026-06-29,US10Y,0.024474113443116077
2026-06-29,CN10Y,-0.006107323084870312
2026-06-30,000300.SH,-0.0384414736176616
2026-06-30,SPX,-0.004384585322690148
2026-06-30,HSI,0.060757954368434966
2026-06-30,N225,-0.09223792315446788
2026-06-30,SX5E,-0.05413441180621468
2026-06-30,000688.SH,-0.26626628459248197
2026-06-30,SOX,-0.17240655158215365
2026-06-30,NDX,-0.020837787493281808
2026-06-30,XAU,0.08736582594693001
2026-06-30,COPPER,-0.016047162376308915
2026-06-30,WTI,0.22539539113137852
2026-06-30,BTC,0.14073257458959412
2026-06-30,ETH,0.13327293426419062
2026-06-30,US10Y,0.021565649228638604
2026-06-30,CN10Y,-0.004334149583905093
2026-07-02,000300.SH,-0.0534457694763389
2026-07-02,SPX,-0.004803772609190183
2026-07-02,HSI,0.07984691397393134
2026-07-02,N225,-0.08330553207279844
2026-07-02,SX5E,-0.06887005364783651
2026-07-02,000688.SH,-0.3444308587655715
2026-07-02,SOX,-0.18032986745310864
2026-07-02,NDX,-0.02288092079006305
2026-07-02,XAU,0.08314969138954459
2026-07-02,COPPER,0.006770597882906426
2026-07-02,WTI,0.28010096792433054
2026-07-02,BTC,0.14851627156040986
2026-07-02,ETH,0.16729514034558218
2026-07-02,US10Y,0.011126938115606793
2026-07-02,CN10Y,-0.018739746377403617
2026-07-06,000300.SH,-0.015237278251084247
2026-07-06,SPX,-0.009544440265137556
2026-07-06,HSI,0.09003967073924227
2026-07-06,N225,-0.08212942502491988
2026-07-06,SX5E,-0.06827136008903621
2026-07-06,000688.SH,-0.2487850819912601
2026-07-06,SOX,-0.04271993444044589
2026-07-06,NDX,-0.0016145903217927755
2026-07-06,XAU,0.046345795354792996
2026-07-06,COPPER,0.022342761837325652
2026-07-06,WTI,0.3203300020518311
2026-07-06,BTC,0.018747882768811328
2026-07-06,ETH,-0.008361099790266585
2026-07-06,US10Y,0.0001240657254303213
2026-07-06,CN10Y,-0.021266968303489227
2026-07-07,000300.SH,-0.001591326629491496
2026-07-07,SPX,-0.01167752701867714
2026-07-07,HSI,0.06203887794618889
2026-07-07,N225,-0.04944801478691887
2026-07-07,SX5E,-0.0733197866049264
2026-07-07,000688.SH,-0.20140542778243664
2026-07-07,SOX,0.0021484754925353462
2026-07-07,NDX,0.005441101614250479
2026-07-07,XAU,0.03856720212259554
2026-07-07,COPPER,-0.0014353757834555635
2026-07-07,WTI,0.3360353013896406
2026-07-07,BTC,-0.037433597680745015
2026-07-07,ETH,-0.05854696269089161
2026-07-07,US10Y,0.005455156993110298
2026-07-07,CN10Y,-0.014828096580777786
2026-07-08,000300.SH,0.0019960321023390947
2026-07-08,SPX,-0.003684645438715128
2026-07-08,HSI,0.05444813210028232
2026-07-08,N225,-0.04167565165998703
2026-07-08,SX5E,-0.050803046089388806
2026-07-08,000688.SH,-0.19508366386100728
2026-07-08,SOX,0.0202160095936744
2026-07-08,NDX,0.01511753855667539
2026-07-08,XAU,0.06413008111112489
2026-07-08,COPPER,0.015984950246707895
2026-07-08,WTI,0.24712899190603643
2026-07-08,BTC,-0.02906024397682573
2026-07-08,ETH,-0.06486873487806448
2026-07-08,US10Y,-0.015060398933163223
2026-07-08,CN10Y,-0.01878535077968807
2026-07-09,000300.SH,0.019188616535598096
2026-07-09,SPX,-0.005282170909640043
2026-07-09,HSI,0.0404997862478672
2026-07-09,N225,0.00570887207439616
2026-07-09,SX5E,-0.01582849632376551
2026-07-09,000688.SH,-0.17862763592276928
2026-07-09,SOX,-0.027639502583439016
2026-07-09,NDX,-0.0009105559355358063
2026-07-09,XAU,0.07528455030775098
2026-07-09,COPPER,0.03502808154863586
2026-07-09,WTI,0.16209084757093908
2026-07-09,BTC,-0.007083919122012819
2026-07-09,ETH,-0.08146339184278303
2026-07-09,US10Y,-0.009277569142055055
2026-07-09,CN10Y,-0.011687512503187343
2026-07-10,000300.SH,-0.020892806125414394
2026-07-10,SPX,-0.005271863914079385
2026-07-10,HSI,0.0380431687337197
2026-07-10,N225,-0.03651419316840804
2026-07-10,SX5E,-0.02594835025687468
2026-07-10,000688.SH,-0.2934573122849793
2026-07-10,SOX,0.02469303202793504
2026-07-10,NDX,0.009778944204057147
2026-07-10,XAU,0.0673899079442731
2026-07-10,COPPER,0.031405675718479235
2026-07-10,WTI,0.20783931767425626
2026-07-10,BTC,0.018662337729990108
2026-07-10,ETH,-0.004662093830538498
2026-07-10,US10Y,-0.0033970409962579043
2026-07-10,CN10Y,-0.00766872345615913
2026-07-13,000300.SH,0.02021125828760113
2026-07-13,SPX,-0.009696832132414129
2026-07-13,HSI,0.03130440231759357
2026-07-13,N225,-0.022676461233678585
2026-07-13,SX5E,-0.02317956880064684
2026-07-13,000688.SH,-0.18985580640292743
2026-07-13,SOX,0.0133294865647362
2026-07-13,NDX,-0.0009622671273923121
2026-07-13,XAU,0.05647700184808494
2026-07-13,COPPER,0.031205252707429455
2026-07-13,WTI,0.18168146133554816
2026-07-13,BTC,-0.012373845096947464
2026-07-13,ETH,-0.05665037456052899
2026-07-13,US10Y,-0.015506643074082777
2026-07-13,CN10Y,-0.003307064632375784
2026-07-14,000300.SH,0.028729273230739483
2026-07-14,SPX,-0.015545449681948213
2026-07-14,HSI,0.028398653120135797
2026-07-14,N225,-0.01973691118662967
2026-07-14,SX5E,-0.026420369528469094
2026-07-14,000688.SH,-0.15710796928417986
2026-07-14,SOX,0.027770474703097393
2026-07-14,NDX,3.6198366977192864e-05
2026-07-14,XAU,0.04763319360761505
2026-07-14,COPPER,0.012647542567572174
2026-07-14,WTI,0.12592076339110714
2026-07-14,BTC,0.019227868066712388
2026-07-14,ETH,-0.04511811099197431
2026-07-14,US10Y,-0.02628174713646096
2026-07-14,CN10Y,-0.00015340924429546425
2026-07-15,000300.SH,0.006681559330847117
2026-07-15,SPX,6.948877341550648e-06
2026-07-15,HSI,0.014549790356030722
2026-07-15,N225,-0.021312795641454295
2026-07-15,SX5E,-0.020566873477358784
2026-07-15,000688.SH,-0.1514027003758095
2026-07-15,SOX,0.10007975953604717
2026-07-15,NDX,0.028785947160723413
2026-07-15,XAU,0.06687923792643066
2026-07-15,COPPER,0.03305698311227755
2026-07-15,WTI,0.04259308938746941
2026-07-15,BTC,0.013483370236487269
2026-07-15,ETH,-0.0758621844002606
2026-07-15,US10Y,-0.038419294201762544
2026-07-15,CN10Y,0.0014471621729897888
2026-07-16,000300.SH,0.012315858285502398
2026-07-16,SPX,-0.0053260974155776315
2026-07-16,HSI,0.012351386463786779
2026-07-16,N225,-0.01955800444367305
2026-07-16,SX5E,-0.0022210338144363177
2026-07-16,000688.SH,-0.1256198142063782
2026-07-16,SOX,0.11084440343964949
2026-07-16,NDX,0.026848992417612363
2026-07-16,XAU,0.05603699292029482
2026-07-16,COPPER,0.0420947486224376
2026-07-16,WTI,0.02440397700963083
2026-07-16,BTC,0.003907614826554249
2026-07-16,ETH,-0.11331593887344911
2026-07-16,US10Y,-0.02189868032076788
2026-07-16,CN10Y,-0.0008644049111870807
2026-07-17,000300.SH,0.02034602194710422
2026-07-17,SPX,-0.010004955103002526
2026-07-17,HSI,-0.022372677421009117
2026-07-17,N225,0.009786037344659586
2026-07-17,SX5E,-0.01859035846020119
2026-07-17,000688.SH,-0.10655175248586271
2026-07-17,SOX,0.1010210560411237
2026-07-17,NDX,0.02609847800483656
2026-07-17,XAU,0.05919591180333322
2026-07-17,COPPER,0.018618401389183806
2026-07-17,WTI,0.019138141325316806
2026-07-17,BTC,0.007100239129110668
2026-07-17,ETH,-0.08842213099970145
2026-07-17,US10Y,-0.01651498881138037
2026-07-17,CN10Y,0.0011525762964893832
2026-07-20,000300.SH,0.028559500350681374
2026-07-20,SPX,-0.006908464517225
2026-07-20,HSI,-0.026297226905427375
2026-07-20,N225,0.025952193584099552
2026-07-20,SX5E,-0.006800642167800007
2026-07-20,000688.SH,-0.07939613415548129
2026-07-20,SOX,0.07564139876162346
2026-07-20,NDX,0.021745207194003816
2026-07-20,XAU,0.07753635666251589
2026-07-20,COPPER,0.02950359524633585
2026-07-20,WTI,-0.055504887582990194
2026-07-20,BTC,0.015014016627190046
2026-07-20,ETH,-0.06307850470015765
2026-07-20,US10Y,-0.02995475322434157
2026-07-20,CN10Y,-0.006011655173026699
2026-07-21,000300.SH,0.05833113210644335
2026-07-21,SPX,-0.02598291617441689
2026-07-21,HSI,-0.03254465792130645
2026-07-21,N225,0.016698202262622988
2026-07-21,SX5E,-0.001372768682411755
2026-07-21,000688.SH,-0.06113751261339751
2026-07-21,SOX,0.0774905140169638
2026-07-21,NDX,0.0005727097697295208
2026-07-21,XAU,0.05078195769272725
2026-07-21,COPPER,0.010963854417770993
2026-07-21,WTI,-0.0754676175596006
2026-07-21,BTC,0.056856611266128496
2026-07-21,ETH,-0.08359482688529112
2026-07-21,US10Y,0.005667338536932864
2026-07-21,CN10Y,0.002737979767105228
2026-07-22,000300.SH,0.047017844217407484
2026-07-22,SPX,-0.037810017573151514
2026-07-22,HSI,-0.05336157846828678
2026-07-22,N225,0.02706046127707688
2026-07-22,SX5E,-0.010231740152736687
2026-07-22,000688.SH,-0.02917530658134669
2026-07-22,SOX,0.12985398744887688
2026-07-22,NDX,0.035220858815618865
2026-07-22,XAU,0.018932300909182832
2026-07-22,COPPER,-0.0046076632820940145
2026-07-22,WTI,-0.034059205141320825
2026-07-22,BTC,0.035339954769026696
2026-07-22,ETH,-0.11949070912017183
2026-07-22,US10Y,-0.0017892198120687923
2026-07-22,CN10Y,-0.002899967306012154
2026-07-23,000300.SH,0.07739691953072443
2026-07-23,SPX,-0.06252819242007743
2026-07-23,HSI,-0.06170271547536055
2026-07-23,N225,0.025848464304800957
2026-07-23,SX5E,-0.015345494857932516
2026-07-23,000688.SH,-0.007921909515231106
2026-07-23,SOX,0.16496704312803667
2026-07-23,NDX,0.05787172853881384
2026-07-23,XAU,0.002764968750357498
2026-07-23,COPPER,0.018238149582071303
2026-07-23,WTI,-0.10002830006659247
2026-07-23,BTC,0.040512219553579455
2026-07-23,ETH,-0.11091288747367987
2026-07-23,US10Y,-0.011860136585556087
2026-07-23,CN10Y,-0.017299856993953817
2026-07-24,000300.SH,0.07123701355351109
2026-07-24,SPX,-0.08462008092180562
2026-07-24,HSI,-0.06138826190917445
2026-07-24,N225,0.03621471847102726
2026-07-24,SX5E,-0.011919294667536755
2026-07-24,000688.SH,-0.013370104158955155
2026-07-24,SOX,0.14038992390230481
2026-07-24,NDX,0.083740547113408
2026-07-24,XAU,0.01855347599031095
2026-07-24,COPPER,0.013681338409592883
2026-07-24,WTI,-0.12452164886407012
2026-07-24,BTC,0.052971180726489396
2026-07-24,ETH,-0.09608211418853461
2026-07-24,US10Y,-0.026390229056525327
2026-07-24,CN10Y,0.0015035355999572387
2026-07-27,000300.SH,0.08362926554233256
2026-07-27,SPX,-0.08813986308585778
2026-07-27,HSI,-0.05064627987439669
2026-07-27,N225,0.044819883734909534
2026-07-27,SX5E,-0.01362884517907366
2026-07-27,000688.SH,0.03244512706364722
2026-07-27,SOX,0.15795628239814122
2026-07-27,NDX,0.0982291410945178
2026-07-27,XAU,0.018183628957092877
2026-07-27,COPPER,0.004990861089284059
2026-07-27,WTI,-0.13218185054590587
2026-07-27,BTC,-0.020896319467132773
2026-07-27,ETH,-0.1029976117325172
2026-07-27,US10Y,-0.03927621449705411
2026-07-27,CN10Y,0.0075127945020120775
2026-07-28,000300.SH,0.0960991060625259
2026-07-28,SPX,-0.07840772073009938
2026-07-28,HSI,-0.07372754904284944
2026-07-28,N225,0.07346942618392933
2026-07-28,SX5E,0.011644902501485952
2026-07-28,000688.SH,0.036993565815015346
2026-07-28,SOX,0.14576174910838718
2026-07-28,NDX,0.10346193330473527
2026-07-28,XAU,-0.007494879323360869
2026-07-28,COPPER,-0.03326189211850296
2026-07-28,WTI,-0.08307600276144726
2026-07-28,BTC,0.0016995085169927981
2026-07-28,ETH,-0.16317693561065372
2026-07-28,US10Y,-0.041366914731652195
2026-07-28,CN10Y,0.01138170282549381
2026-07-29,000300.SH,0.05488114152022596
2026-07-29,SPX,-0.07974803892710061
2026-07-29,HSI,-0.08152418832146359
2026-07-29,N225,0.07470355891524835
2026-07-29,SX5E,0.015021635110876615
2026-07-29,000688.SH,0.03960025075367959
2026-07-29,SOX,0.1314635132888748
2026-07-29,NDX,0.09484983148782669
2026-07-29,XAU,0.011874425132540447
2026-07-29,COPPER,0.006092106298654292
2026-07-29,WTI,-0.11985828587408259
2026-07-29,BTC,0.02516113638718974
2026-07-29,ETH,-0.13106452047434858
2026-07-29,US10Y,-0.059539317384141
2026-07-29,CN10Y,0.018086752086019203
2026-07-30,000300.SH,0.04913978549584207
2026-07-30,SPX,-0.08565624697962425
2026-07-30,HSI,-0.07588839533367858
2026-07-30,N225,0.04519785323775937
2026-07-30,SX5E,0.021389948072943372
2026-07-30,000688.SH,0.06519315518971464
2026-07-30,SOX,0.1266355567970901
2026-07-30,NDX,0.11230065903194471
2026-07-30,XAU,-0.00109041155745929
2026-07-30,COPPER,-0.01196430839779649
2026-07-30,WTI,-0.10854949014998973
2026-07-30,BTC,0.035540285802172784
2026-07-30,ETH,-0.13643333440394767
2026-07-30,US10Y,-0.04730131783156729
2026-07-30,CN10Y,0.011486261026596119
2026-07-31,000300.SH,0.025055150985184814
2026-07-31,SPX,-0.10161455150732861
2026-07-31,HSI,-0.08716544330778193
2026-07-31,N225,0.06296119989485668
2026-07-31,SX5E,0.028971106819130434
2026-07-31,000688.SH,0.08680866898066929
2026-07-31,SOX,0.11720402192952728
2026-07-31,NDX,0.09568591331443188
2026-07-31,XAU,0.0039033676949527356
2026-07-31,COPPER,-0.005322973668179782
2026-07-31,WTI,-0.09287815436633365
2026-07-31,BTC,0.02857691751317375
2026-07-31,ETH,-0.176304882296631
2026-07-31,US10Y,-0.012139744703692171
2026-07-31,CN10Y,0.02625940271802036
2026-08-03,000300.SH,-0.011930464066558826
2026-08-03,SPX,-0.08450682087080262
2026-08-03,HSI,-0.07063402213702025
2026-08-03,N225,0.07407828436890221
2026-08-03,SX5E,0.03298164000985823
2026-08-03,000688.SH,-0.0025610824615466274
2026-08-03,SOX,0.05845623109688218
2026-08-03,NDX,0.08683476568546297
2026-08-03,XAU,0.040054244009320186
2026-08-03,COPPER,0.009109341928810678
2026-08-03,WTI,-0.15976173665038187
2026-08-03,BTC,0.10316758339921979
2026-08-03,ETH,-0.06680890482472744
2026-08-03,US10Y,-0.01733106196273179
2026-08-03,CN10Y,0.008852002475312676
2026-08-04,000300.SH,-0.018256411175245305
2026-08-04,SPX,-0.11271669520724033
2026-08-04,HSI,-0.057529389032954834
2026-08-04,N225,0.07683055108657728
2026-08-04,SX5E,0.02657400028028715
2026-08-04,000688.SH,-0.005065927050364752
2026-08-04,SOX,0.01838050590796985
2026-08-04,NDX,0.06876520843252869
2026-08-04,XAU,0.026264265196696914
2026-08-04,COPPER,0.019040135265335052
2026-08-04,WTI,-0.1399317243714125
2026-08-04,BTC,0.13489690415626576
2026-08-04,ETH,-0.042021208258200375
2026-08-04,US10Y,-0.007769453700512645
2026-08-04,CN10Y,0.012539238470270175
2026-08-05,000300.SH,-0.02106015365725746
2026-08-05,SPX,-0.12215188517031578
2026-08-05,HSI,-0.05797394840820826
2026-08-05,N225,0.07420746094229577
2026-08-05,SX5E,-0.0033742769869621846
2026-08-05,000688.SH,0.027648179052652398
2026-08-05,SOX,-0.0077934027795295
2026-08-05,NDX,0.05880257788272073
2026-08-05,XAU,0.019099240830828222
2026-08-05,COPPER,0.00886288026490669
2026-08-05,WTI,-0.09075354875721471
2026-08-05,BTC,0.126292683928731
2026-08-05,ETH,-0.04400792320777555
2026-08-05,US10Y,-0.002248727737731635
2026-08-05,CN10Y,0.03445084380286016
2026-08-06,000300.SH,-0.017124156531721904
2026-08-06,SPX,-0.11515695606218505
2026-08-06,HSI,-0.026841896753615344
2026-08-06,N225,0.008552465439446905
2026-08-06,SX5E,-0.04608987855158528
2026-08-06,000688.SH,0.06218553169112202
2026-08-06,SOX,0.03311223334240433
2026-08-06,NDX,0.05836080197077451
2026-08-06,XAU,-0.0012691597430603708
2026-08-06,COPPER,-0.024528404937039557
2026-08-06,WTI,-0.024948646163538434
2026-08-06,BTC,0.12002754314660777
2026-08-06,ETH,-0.05559593514357617
2026-08-06,US10Y,0.005719125447771213
2026-08-06,CN10Y,0.023597332848195138
2026-08-07,000300.SH,-0.026133560557338377
2026-08-07,SPX,-0.10700849211158778
2026-08-07,HSI,-0.04122975879841035
2026-08-07,N225,-0.002763514914685041
2026-08-07,SX5E,-0.0759633179566107
2026-08-07,000688.SH,0.11999910558246768
2026-08-07,SOX,0.01673583883991294
2026-08-07,NDX,0.06921782373177617
2026-08-07,XAU,0.006380318068036057
2026-08-07,COPPER,-0.012152426968291236
2026-08-07,WTI,-0.05156490304705982
2026-08-07,BTC,0.14481319826041586
2026-08-07,ETH,-0.0761409266460126
2026-08-07,US10Y,0.003976286251349963
2026-08-07,CN10Y,0.031834330266037374
2026-08-10,000300.SH,-0.04970825515396222
2026-08-10,SPX,-0.10865424294881236
2026-08-10,HSI,-0.035165879632197666
2026-08-10,N225,0.023859730791085283
2026-08-10,SX5E,-0.08823224216876865
2026-08-10,000688.SH,0.10568104175822057
2026-08-10,SOX,0.01781135983756148
2026-08-10,NDX,0.11068594871875578
2026-08-10,XAU,0.01102887956596589
2026-08-10,COPPER,-0.0020240674547124544
2026-08-10,WTI,-0.08683683000730574
2026-08-10,BTC,0.12348305633615961
2026-08-10,ETH,-0.046371840987240655
2026-08-10,US10Y,0.000738823716003696
2026-08-10,CN10Y,0.0237045176292476
2026-08-11,000300.SH,-0.08326649613553344
2026-08-11,SPX,-0.11121566650539254
2026-08-11,HSI,-0.027918167231207297
2026-08-11,N225,0.02180453278131675
2026-08-11,SX5E,-0.049222053301952555
2026-08-11,000688.SH,0.10186999381831802
2026-08-11,SOX,0.0023698383002861527
2026-08-11,NDX,0.11721651078931322
2026-08-11,XAU,-0.02687911202770969
2026-08-11,COPPER,0.013748457589718065
2026-08-11,WTI,-0.05138789629964454
2026-08-11,BTC,0.0923116341650226
2026-08-11,ETH,-0.03688634002694132
2026-08-11,US10Y,0.01302400529087576
2026-08-11,CN10Y,0.024430758793530478
2026-08-12,000300.SH,-0.06790670531095419
2026-08-12,SPX,-0.1091353692328148
2026-08-12,HSI,-0.03357886726981119
2026-08-12,N225,0.017302746928880404
2026-08-12,SX5E,-0.0753838992154028
2026-08-12,000688.SH,0.09458297031003621
2026-08-12,SOX,-0.0249663192373648
2026-08-12,NDX,0.08764387115461134
2026-08-12,XAU,-0.034820162512354196
2026-08-12,COPPER,-0.009026971386185488
2026-08-12,WTI,0.007401506036097412
2026-08-12,BTC,0.13789668933441757
2026-08-12,ETH,-0.011823630248839749
2026-08-12,US10Y,0.007746179091060132
2026-08-12,CN10Y,0.014067961558624623
2026-08-13,000300.SH,-0.0777188372388703
2026-08-13,SPX,-0.10564332588553338
2026-08-13,HSI,-0.02076575124664856
2026-08-13,N225,0.03042026075068187
2026-08-13,SX5E,-0.07114355489086947
2026-08-13,000688.SH,0.06503284291279698
2026-08-13,SOX,-0.008506668630672006
2026-08-13,NDX,0.09188994090088738
2026-08-13,XAU,-0.017290868784927506
2026-08-13,COPPER,-0.023628640787340956
2026-08-13,WTI,0.03462228014383087
2026-08-13,BTC,0.11656053421866162
2026-08-13,ETH,-0.00596944106678618
2026-08-13,US10Y,-0.014411658603688168
2026-08-13,CN10Y,0.006552888208478508
2026-08-14,000300.SH,-0.0750187887157018
2026-08-14,SPX,-0.0863470256206341
2026-08-14,HSI,-0.002574640566376529
2026-08-14,N225,0.038482046828157035
2026-08-14,SX5E,-0.07895825615078489
2026-08-14,000688.SH,0.021855117008642726
2026-08-14,SOX,-0.022721628269046713
2026-08-14,NDX,0.10763696122636206
2026-08-14,XAU,-0.03298537957394644
2026-08-14,COPPER,0.005838604974965619
2026-08-14,WTI,0.017397151640469954
2026-08-14,BTC,0.14653601385721465
2026-08-14,ETH,-0.016381043948118436
2026-08-14,US10Y,-0.04021868915011997
2026-08-14,CN10Y,0.017459556458917308
2026-08-17,000300.SH,-0.07530287871213723
2026-08-17,SPX,-0.06890914825990192
2026-08-17,HSI,-0.0007230502506602938
2026-08-17,N225,0.019783068416549785
2026-08-17,SX5E,-0.0655839803752246
2026-08-17,000688.SH,0.03213978482830858
2026-08-17,SOX,-0.028858124726076278
2026-08-17,NDX,0.14234182399032047
2026-08-17,XAU,-0.02031040378286924
2026-08-17,COPPER,-0.014078749929506423
2026-08-17,WTI,0.02336384222373935
2026-08-17,BTC,0.08870824655739443
2026-08-17,ETH,-0.005241323309735178
2026-08-17,US10Y,-0.02839061837903637
2026-08-17,CN10Y,0.001061511708835089
2026-08-18,000300.SH,-0.09201968072766242
2026-08-18,SPX,-0.044877546143187036
2026-08-18,HSI,-0.0025251916996220144
2026-08-18,N225,0.026112889090348614
2026-08-18,SX5E,-0.06259105365930774
2026-08-18,000688.SH,0.054231324342351825
2026-08-18,SOX,-0.002136055229290737
2026-08-18,NDX,0.15938757473729065
2026-08-18,XAU,-0.02726365560840216
2026-08-18,COPPER,-0.021214586127471395
2026-08-18,WTI,0.07473387458809722
2026-08-18,BTC,0.04038166640622434
2026-08-18,ETH,-0.016339059401130472
2026-08-18,US10Y,-0.05531436002954651
2026-08-18,CN10Y,-0.03056614053869166
2026-08-19,000300.SH,-0.07093822619918838
2026-08-19,SPX,-0.013174102410711725
2026-08-19,HSI,-0.000530974159383081
2026-08-19,N225,0.01762918475018809
2026-08-19,SX5E,-0.04791751653116011
2026-08-19,000688.SH,0.03445806529838144
2026-08-19,SOX,0.0018753458814639128
2026-08-19,NDX,0.17854371144117454
2026-08-19,XAU,-0.015744076816292838
2026-08-19,COPPER,-0.04405921956257479
2026-08-19,WTI,0.03910764361053433
2026-08-19,BTC,0.0072379875915866
2026-08-19,ETH,-0.0043657286084567305
2026-08-19,US10Y,-0.060923328161579526
2026-08-19,CN10Y,-0.02119876612398155
2026-08-20,000300.SH,-0.09244684030022751
2026-08-20,SPX,-0.014734038879594197
2026-08-20,HSI,-0.004948619064767465
2026-08-20,N225,0.03567824228051118
2026-08-20,SX5E,-0.05510055061383627
2026-08-20,000688.SH,0.041844619981549716
2026-08-20,SOX,-0.051870033324139225
2026-08-20,NDX,0.14415743467328151
2026-08-20,XAU,-0.03892371220395625
2026-08-20,COPPER,-0.048776972559579315
2026-08-20,WTI,0.10754204790732436
2026-08-20,BTC,0.030369361319742924
2026-08-20,ETH,-0.022975202171635813
2026-08-20,US10Y,-0.026900419047441747
2026-08-20,CN10Y,-0.002915317997231326
2026-08-21,000300.SH,-0.08473443663955649
2026-08-21,SPX,0.03633543625034874
2026-08-21,HSI,-0.0015548896164809126
2026-08-21,N225,0.012158985273155542
2026-08-21,SX5E,-0.038321574984141946
2026-08-21,000688.SH,0.07646758246029062
2026-08-21,SOX,0.0004979576033567953
2026-08-21,NDX,0.11447017311861687
2026-08-21,XAU,-0.04751512787434169
2026-08-21,COPPER,-0.06549203706403915
2026-08-21,WTI,0.07199982974348026
2026-08-21,BTC,-0.001968936739187792
2026-08-21,ETH,-0.004251392512486265
2026-08-21,US10Y,-0.03924395541189629
2026-08-21,CN10Y,-0.028847613607118246
2026-08-24,000300.SH,-0.07837173487303008
2026-08-24,SPX,0.04866370060254488
2026-08-24,HSI,-0.0020729105140179734
2026-08-24,N225,0.014782503034683621
2026-08-24,SX5E,-0.04542798999531314
2026-08-24,000688.SH,0.1001025246392185
2026-08-24,SOX,0.030800222054002416
2026-08-24,NDX,0.12000356579186795
2026-08-24,XAU,-0.07934179820302875
2026-08-24,COPPER,-0.06399329416179764
2026-08-24,WTI,0.028008620204330967
2026-08-24,BTC,0.028864099891720212
2026-08-24,ETH,-0.006584905775553391
2026-08-24,US10Y,-0.04929815564034477
2026-08-24,CN10Y,-0.04613444705528267
2026-08-25,000300.SH,-0.08994689008937302
2026-08-25,SPX,0.008443240267003767
2026-08-25,HSI,-0.00027294138573417796
2026-08-25,N225,0.026926299743794704
2026-08-25,SX5E,-0.08056356928435227
2026-08-25,000688.SH,0.10929511815082471
2026-08-25,SOX,0.035779325720497926
2026-08-25,NDX,0.11561649950154346
2026-08-25,XAU,-0.06325440683995036
2026-08-25,COPPER,0.03652852458501754
2026-08-25,WTI,-0.0007604214551297055
2026-08-25,BTC,0.0013541975779630781
2026-08-25,ETH,-0.002087732682707068
2026-08-25,US10Y,-0.046117105665130644
2026-08-25,CN10Y,-0.05094013814426788
2026-08-26,000300.SH,-0.10052406688591484
2026-08-26,SPX,0.04397435389238757
2026-08-26,HSI,-0.001932327803353585
2026-08-26,N225,0.005403284025537792
2026-08-26,SX5E,-0.06791556304429859
2026-08-26,000688.SH,0.1214698050497747
2026-08-26,SOX,0.0027571464858578802
2026-08-26,NDX,0.1292003681153338
2026-08-26,XAU,-0.06817042811731563
2026-08-26,COPPER,0.012734110738686107
2026-08-26,WTI,0.002725489243525064
2026-08-26,BTC,-0.0023983203395279732
2026-08-26,ETH,-0.00968727966646445
2026-08-26,US10Y,-0.02198579871463272
2026-08-26,CN10Y,-0.0456507729795949
2026-08-27,000300.SH,-0.08543403200488589
2026-08-27,SPX,0.07276835517921473
2026-08-27,HSI,0.0017482962691656107
2026-08-27,N225,0.008817814204451987
2026-08-27,SX5E,-0.05534537066302993
2026-08-27,000688.SH,0.1559636669120591
2026-08-27,SOX,0.005187308352721132
2026-08-27,NDX,0.09005752060526384
2026-08-27,XAU,-0.06537049314352411
2026-08-27,COPPER,0.022124634780948768
2026-08-27,WTI,-0.06360306018687262
2026-08-27,BTC,-0.014498346192900663
2026-08-27,ETH,0.007469276297925775
2026-08-27,US10Y,-0.028538601786100817
2026-08-27,CN10Y,-0.051346968624437155
2026-08-28,000300.SH,-0.041622058842389474
2026-08-28,SPX,0.09918412387405498
2026-08-28,HSI,0.0028583409787212802
2026-08-28,N225,0.01186222290161297
2026-08-28,SX5E,-0.04716535714004819
2026-08-28,000688.SH,0.18144776807236507
2026-08-28,SOX,-0.0007337462450565865
2026-08-28,NDX,0.09860642384300573
2026-08-28,XAU,-0.08352463261651744
2026-08-28,COPPER,0.008099342300038186
2026-08-28,WTI,-0.07026040466431699
2026-08-28,BTC,-0.04209307796313484
2026-08-28,ETH,0.01436316443130132
2026-08-28,US10Y,-0.07270803724062666
2026-08-28,CN10Y,-0.058314071689009796
2026-08-31,000300.SH,-0.022935171066732353
2026-08-31,SPX,0.07833540610605637
2026-08-31,HSI,-0.0021249721964598607
2026-08-31,N225,-0.0025772085449214163
2026-08-31,SX5E,-0.03436457797774845
2026-08-31,000688.SH,0.16283953416026925
2026-08-31,SOX,-0.044295458326048295
2026-08-31,NDX,0.10630676906246551
2026-08-31,XAU,-0.10715245576640349
2026-08-31,COPPER,-0.006606682366884449
2026-08-31,WTI,-0.021580705783486177
2026-08-31,BTC,-0.006167671415527168
2026-08-31,ETH,-0.010846183734796594
2026-08-31,US10Y,-0.03948903965472705
2026-08-31,CN10Y,-0.049341582495055526
2026-09-01,000300.SH,-0.026194108588687252
2026-09-01,SPX,0.09577881619603049
2026-09-01,HSI,0.0009420946692308856
2026-09-01,N225,-0.0028399389502019754
2026-09-01,SX5E,-0.019450664212737827
2026-09-01,000688.SH,0.140525210510932
2026-09-01,SOX,-0.04007643275455974
2026-09-01,NDX,0.0892034176445225
2026-09-01,XAU,-0.09436923133063166
2026-09-01,COPPER,-0.050611532457188156
2026-09-01,WTI,-0.01159427170644202
2026-09-01,BTC,0.03013203937510968
2026-09-01,ETH,0.005173517156377361
2026-09-01,US10Y,-0.049269296962138026
2026-09-01,CN10Y,-0.06734961858961643
2026-09-02,000300.SH,-0.014647338216803203
2026-09-02,SPX,0.11275093831073825
2026-09-02,HSI,0.0008602890260607434
2026-09-02,N225,-0.013580971588682779
2026-09-02,SX5E,0.01628749631133468
2026-09-02,000688.SH,0.11393333880765256
2026-09-02,SOX,-0.023923570544695526
2026-09-02,NDX,0.11219958956081937
2026-09-02,XAU,-0.10392119290267872
2026-09-02,COPPER,-0.06429580697110392
2026-09-02,WTI,-0.04300691728247881
2026-09-02,BTC,0.024232548924027167
2026-09-02,ETH,0.005880577008974505
2026-09-02,US10Y,-0.0316050546077707
2026-09-02,CN10Y,-0.09116392583539377
2026-09-03,000300.SH,-0.010215081941177165
2026-09-03,SPX,0.10947402505234126
2026-09-03,HSI,0.0005197350232535789
2026-09-03,N225,0.030660253340658014
2026-09-03,SX5E,0.03515739789760782
2026-09-03,000688.SH,0.08852991708793434
2026-09-03,SOX,-0.01133880768324114
2026-09-03,NDX,0.10487004243308239
2026-09-03,XAU,-0.08633948839179013
2026-09-03,COPPER,-0.07400033823186769
2026-09-03,WTI,-0.0816269446571507
2026-09-03,BTC,0.015825174697275717
2026-09-03,ETH,0.0050025133732801
2026-09-03,US10Y,-0.05328920007333153
2026-09-03,CN10Y,-0.07322919792687506
2026-09-04,000300.SH,0.0035499301041684306
2026-09-04,SPX,0.09457042273113617
2026-09-04,HSI,-0.00033581403116515036
2026-09-04,N225,0.024875405098320223
2026-09-04,SX5E,0.07955736610599091
2026-09-04,000688.SH,0.0907014637110162
2026-09-04,SOX,-0.009315785392303913
2026-09-04,NDX,0.08216648322834243
2026-09-04,XAU,-0.10410382257539183
2026-09-04,COPPER,-0.08438099589784101
2026-09-04,WTI,-0.046910911693542286
2026-09-04,BTC,-0.0028675096651591316
2026-09-04,ETH,0.00047335173330976263
2026-09-04,US10Y,-0.044839975346058145
2026-09-04,CN10Y,-0.0831396081108227
2026-09-07,000300.SH,-0.0005374195844866534
2026-09-07,SPX,0.10422606648446965
2026-09-07,HSI,-0.0005435660324676004
2026-09-07,N225,-0.01744516684986541
2026-09-07,SX5E,0.08785139513932153
2026-09-07,000688.SH,0.04596552741744574
2026-09-07,SOX,-0.003768489922176704
2026-09-07,NDX,0.02572908346198778
2026-09-07,XAU,-0.11123943060001842
2026-09-07,COPPER,-0.09716378838154195
2026-09-07,WTI,-0.0026050761309973757
2026-09-07,BTC,0.09304091825611985
2026-09-07,ETH,-0.0005982580698524369
2026-09-07,US10Y,-0.045208794560463714
2026-09-07,CN10Y,-0.07770300062747422
2026-09-08,000300.SH,0.023015473791864517
2026-09-08,SPX,0.10268975028355923
2026-09-08,HSI,-0.0009539990661152529
2026-09-08,N225,-0.04347893945644081
2026-09-08,SX5E,0.041287222896023754
2026-09-08,000688.SH,0.043739135229245135
2026-09-08,SOX,-0.01202897376834792
2026-09-08,NDX,-0.0047057521449350315
2026-09-08,XAU,-0.10305052916881552
2026-09-08,COPPER,-0.1105364246206694
2026-09-08,WTI,0.03908737110113193
2026-09-08,BTC,0.1313246732124973
2026-09-08,ETH,-0.0025805652911192268
2026-09-08,US10Y,-0.0360097736120479
2026-09-08,CN10Y,-0.06779866938583089
2026-09-09,000300.SH,-0.003981206487932418
2026-09-09,SPX,0.0917549288846136
2026-09-09,HSI,0.0023778446306762886
2026-09-09,N225,-0.024979770502044873
2026-09-09,SX5E,0.058921850318454365
2026-09-09,000688.SH,0.0213874680376274
2026-09-09,SOX,-0.026986542540194815
2026-09-09,NDX,0.04000156901913221
2026-09-09,XAU,-0.10371367758012252
2026-09-09,COPPER,-0.06714043035861914
2026-09-09,WTI,0.006360769929459925
2026-09-09,BTC,0.1039144995015471
2026-09-09,ETH,0.013937351507002566
2026-09-09,US10Y,-0.05453023552526159
2026-09-09,CN10Y,-0.05732441883433886
2026-09-10,000300.SH,0.012585618104413821
2026-09-10,SPX,0.10765845845365035
2026-09-10,HSI,0.00563512770871158
2026-09-10,N225,-0.024492542657525637
2026-09-10,SX5E,0.03980409586860939
2026-09-10,000688.SH,0.0008840936165255952
2026-09-10,SOX,-0.04784537692002828
2026-09-10,NDX,0.06527382197609272
2026-09-10,XAU,-0.1138596840942857
2026-09-10,COPPER,-0.07194163482723896
2026-09-10,WTI,-0.01644233333402404
2026-09-10,BTC,0.12603602293148372
2026-09-10,ETH,0.031206056809366726
2026-09-10,US10Y,-0.03573037798010466
2026-09-10,CN10Y,-0.07877134565564808
2026-09-11,000300.SH,0.025584008835262757
2026-09-11,SPX,0.10598993446103384
2026-09-11,HSI,0.00650020700668331
2026-09-11,N225,-0.025092997458106853
2026-09-11,SX5E,0.05171399122362556
2026-09-11,000688.SH,0.032178161544771273
2026-09-11,SOX,-0.0609257417933106
2026-09-11,NDX,0.04380974125642279
2026-09-11,XAU,-0.1235683196953195
2026-09-11,COPPER,-0.10980082857684077
2026-09-11,WTI,0.021570688649574607
2026-09-11,BTC,0.10815764513448634
2026-09-11,ETH,0.03786660283568815
2026-09-11,US10Y,-0.02435692341978755
2026-09-11,CN10Y,-0.08962617000418475
2026-09-14,000300.SH,0.016210430912458957
2026-09-14,SPX,0.08413807897702898
2026-09-14,HSI,0.0043615506240461035
2026-09-14,N225,0.0030396243617490815
2026-09-14,SX5E,0.04671967652202892
2026-09-14,000688.SH,0.021962422092955722
2026-09-14,SOX,-0.0658504801645875
2026-09-14,NDX,-0.009584426032644644
2026-09-14,XAU,-0.14081677835975767
2026-09-14,COPPER,-0.10453829270202829
2026-09-14,WTI,0.07167109325130919
2026-09-14,BTC,0.17832103622045734
2026-09-14,ETH,0.025360642938861963
2026-09-14,US10Y,-0.05449537944371395
2026-09-14,CN10Y,-0.0764991991981651
2026-09-15,000300.SH,0.001837369446586145
2026-09-15,SPX,0.07258920457828269
2026-09-15,HSI,0.005927581752406897
2026-09-15,N225,-0.007857642831960028
2026-09-15,SX5E,0.04730149905862866
2026-09-15,000688.SH,0.010969034316518075
2026-09-15,SOX,-0.04917424885870186
2026-09-15,NDX,-0.007639331259844501
2026-09-15,XAU,-0.1502617174628084
2026-09-15,COPPER,-0.09567356869222347
2026-09-15,WTI,0.04868603614712655
2026-09-15,BTC,0.23432608943625147
2026-09-15,ETH,0.03521736547616763
2026-09-15,US10Y,-0.058401469178646734
2026-09-15,CN10Y,-0.08784620192778422
2026-09-16,000300.SH,-0.020886503084145074
2026-09-16,SPX,0.07355800834326393
2026-09-16,HSI,0.0030291813589406217
2026-09-16,N225,-0.012123612701665593
2026-09-16,SX5E,0.03814104219796627
2026-09-16,000688.SH,0.05034362417025173
2026-09-16,SOX,-0.07168929933305349
2026-09-16,NDX,-0.02121877136727098
2026-09-16,XAU,-0.15133031134698466
2026-09-16,COPPER,-0.08435318221219339
2026-09-16,WTI,0.05747854513210968
2026-09-16,BTC,0.2595362279643375
2026-09-16,ETH,0.01949696325649814
2026-09-16,US10Y,-0.045654393133772744
2026-09-16,CN10Y,-0.09432751924428244
2026-09-17,000300.SH,-0.020690661763388338
2026-09-17,SPX,0.0690229859037868
2026-09-17,HSI,0.004282546975975319
2026-09-17,N225,-0.036494507787218175
2026-09-17,SX5E,0.06509587253677439
2026-09-17,000688.SH,0.06277671887341774
2026-09-17,SOX,-0.018405465973573377
2026-09-17,NDX,-0.024805507654608143
2026-09-17,XAU,-0.13188211209826223
2026-09-17,COPPER,-0.09716465017415109
2026-09-17,WTI,-0.014918007729701928
2026-09-17,BTC,0.2759007856828896
2026-09-17,ETH,0.02596505037254744
2026-09-17,US10Y,-0.06926250587331562
2026-09-17,CN10Y,-0.08942054129117319
2026-09-18,000300.SH,-0.028144479634234672
2026-09-18,SPX,0.027716343831706625
2026-09-18,HSI,0.0021139563196154727
2026-09-18,N225,-0.028160252831203082
2026-09-18,SX5E,0.02864418619034689
2026-09-18,000688.SH,0.057881395431877154
2026-09-18,SOX,-0.03992055821319115
2026-09-18,NDX,0.026134763225075765
2026-09-18,XAU,-0.14027781036490858
2026-09-18,COPPER,-0.062090941747729195
2026-09-18,WTI,-0.01946747498070101
2026-09-18,BTC,0.3052532998535005
2026-09-18,ETH,0.013907212317004591
2026-09-18,US10Y,-0.05220983456544689
2026-09-18,CN10Y,-0.09137980483171329
2026-09-21,000300.SH,-0.03831111978276117
2026-09-21,SPX,0.0453167511373478
2026-09-21,HSI,0.0015536343024916358
2026-09-21,N225,-0.04971308151946405
2026-09-21,SX5E,0.026819273572492426
2026-09-21,000688.SH,0.027359701138188933
2026-09-21,SOX,-0.057370749342558286
2026-09-21,NDX,0.03226202447898219
2026-09-21,XAU,-0.12876983820981383
2026-09-21,COPPER,-0.06823569212207384
2026-09-21,WTI,-0.011766184770751767
2026-09-21,BTC,0.34099573956427237
2026-09-21,ETH,0.010297841237484343
2026-09-21,US10Y,-0.04703397560952877
2026-09-21,CN10Y,-0.08340432407430794
2026-09-22,000300.SH,-0.0222063347917998
2026-09-22,SPX,0.060610864677992884
2026-09-22,HSI,0.003163874633436169
2026-09-22,N225,-0.07205867985334788
2026-09-22,SX5E,0.020973260712553045
2026-09-22,000688.SH,0.03586756522250459
2026-09-22,SOX,0.021611820484818273
2026-09-22,NDX,0.02347003624489171
2026-09-22,XAU,-0.10853191332826381
2026-09-22,COPPER,-0.14206998355889
2026-09-22,WTI,0.006569286997857797
2026-09-22,BTC,0.2766303148943516
2026-09-22,ETH,0.019785066961956244
2026-09-22,US10Y,-0.04672589869892634
2026-09-22,CN10Y,-0.07708928059913507
2026-09-23,000300.SH,0.03433032511213245
2026-09-23,SPX,0.03535869210339465
2026-09-23,HSI,0.0033510011310410952
2026-09-23,N225,-0.07560810775888316
2026-09-23,SX5E,0.013078343078960957
2026-09-23,000688.SH,0.008639737415121033
2026-09-23,SOX,0.02519781601142545
2026-09-23,NDX,0.014189760447346083
2026-09-23,XAU,-0.0867657156676321
2026-09-23,COPPER,-0.12277214083113436
2026-09-23,WTI,0.013907838485838483
2026-09-23,BTC,0.26282822187184907
2026-09-23,ETH,0.018766720584941755
2026-09-23,US10Y,-0.051031634400173984
2026-09-23,CN10Y,-0.09347085758422745
2026-09-24,000300.SH,0.053920268598420196
2026-09-24,SPX,0.0017858692540127022
2026-09-24,HSI,0.00196522830229285
2026-09-24,N225,-0.053011558631187235
2026-09-24,SX5E,0.00478951018575895
2026-09-24,000688.SH,-0.00875207943627069
2026-09-24,SOX,0.028268412953586154
2026-09-24,NDX,0.02556324662291683
2026-09-24,XAU,-0.10275929435132522
2026-09-24,COPPER,-0.13924565016873114
2026-09-24,WTI,0.08686532361735784
2026-09-24,BTC,0.22309086433742975
2026-09-24,ETH,0.01008563423712737
2026-09-24,US10Y,-0.046676467057692836
2026-09-24,CN10Y,-0.0858893084636953
2026-09-25,000300.SH,0.03374664206117785
2026-09-25,SPX,0.010162650678605905
2026-09-25,HSI,0.0007344838962361931
2026-09-25,N225,-0.09073278963767517
2026-09-25,SX5E,-0.004492021497518274
2026-09-25,000688.SH,-0.013696683736428489
2026-09-25,SOX,0.047599536662332124
2026-09-25,NDX,0.040557362204905856
2026-09-25,XAU,-0.11125524871528963
2026-09-25,COPPER,-0.13039345238143063
2026-09-25,WTI,0.11799951625524298
2026-09-25,BTC,0.21862462179513797
2026-09-25,ETH,-0.003421959181862215
2026-09-25,US10Y,-0.02368476166101434
2026-09-25,CN10Y,-0.09174789674241847
2026-09-28,000300.SH,0.041290373814375836
2026-09-28,SPX,0.022524879580412598
2026-09-28,HSI,0.0032497782866862035
2026-09-28,N225,-0.09025368762786114
2026-09-28,SX5E,-0.014989073374136998
2026-09-28,000688.SH,0.01457341856489516
2026-09-28,SOX,0.0800870494499532
2026-09-28,NDX,-0.009467933357866137
2026-09-28,XAU,-0.09282120547912698
2026-09-28,COPPER,-0.10476822001971899
2026-09-28,WTI,0.139557441767656
2026-09-28,BTC,0.08123969674533481
2026-09-28,ETH,0.016998207190884584
2026-09-28,US10Y,-0.013682595200063739
2026-09-28,CN10Y,-0.07353813034142387
2026-09-29,000300.SH,0.039719570542942215
2026-09-29,SPX,0.047725047850036555
2026-09-29,HSI,0.002289637157713202
2026-09-29,N225,-0.07054505512891807
2026-09-29,SX5E,-0.013559613065671845
2026-09-29,000688.SH,0.017432409021877125
2026-09-29,SOX,0.07340606789061484
2026-09-29,NDX,0.04404734451994066
2026-09-29,XAU,-0.07148969362350216
2026-09-29,COPPER,-0.05881078235271513
2026-09-29,WTI,0.07981657642305787
2026-09-29,BTC,0.00494197848758654
2026-09-29,ETH,0.0025386072400091766
2026-09-29,US10Y,-0.021113147188738336
2026-09-29,CN10Y,-0.07639894777423109
2026-09-30,000300.SH,0.03572171111558338
2026-09-30,SPX,0.03165452928575098
2026-09-30,HSI,0.0008681298683261439
2026-09-30,N225,-0.057485765091745085
2026-09-30,SX5E,-0.029011163171594335
2026-09-30,000688.SH,0.019518415393509264
2026-09-30,SOX,0.07173981747129841
2026-09-30,NDX,0.02278900344394362
2026-09-30,XAU,-0.04341511409639248
2026-09-30,COPPER,-0.03948183563884488
2026-09-30,WTI,0.07553019847532537
2026-09-30,BTC,-0.0049247088935648504
2026-09-30,ETH,0.006192236974588835
2026-09-30,US10Y,-0.021577234108099922
2026-09-30,CN10Y,-0.06811822102808393
2026-10-01,000300.SH,0.017206166440689143
2026-10-01,SPX,0.011536170647892576
2026-10-01,HSI,0.0013251979747902925
2026-10-01,N225,-0.050950713375244684
2026-10-01,SX5E,-0.0409117071984693
2026-10-01,000688.SH,-0.0153762216377922
2026-10-01,SOX,0.0726447635928901
2026-10-01,NDX,0.030281095902948463
2026-10-01,XAU,-0.05480001105388817
2026-10-01,COPPER,-0.03234285619278281
2026-10-01,WTI,0.11415662809150125
2026-10-01,BTC,0.02092994426159901
2026-10-01,ETH,0.0007585099654157084
2026-10-01,US10Y,7.939525447853146e-05
2026-10-01,CN10Y,-0.07453636267402652
2026-10-02,000300.SH,0.022678808061584038
2026-10-02,SPX,0.00302641137938443
2026-10-02,HSI,0.002122647504376989
2026-10-02,N225,-0.043558188179485764
2026-10-02,SX5E,-0.05600984948401121
2026-10-02,000688.SH,-0.024351910997097655
2026-10-02,SOX,0.07702894108923532
2026-10-02,NDX,0.03615620144814189
2026-10-02,XAU,-0.024030812061028865
2026-10-02,COPPER,-0.02194796020015615
2026-10-02,WTI,0.07389490306559211
2026-10-02,BTC,0.035263825354054416
2026-10-02,ETH,-0.0001819230458755994
2026-10-02,US10Y,-0.018708458287020738
2026-10-02,CN10Y,-0.06138263564769138
2026-10-05,000300.SH,0.05275301929162175
2026-10-05,SPX,-8.231535495731128e-05
2026-10-05,HSI,0.002535988983707528
2026-10-05,N225,-0.009862093280865417
2026-10-05,SX5E,-0.03402534875208112
2026-10-05,000688.SH,-0.02351284705086615
2026-10-05,SOX,0.06495115532970866
2026-10-05,NDX,0.061703307311340876
2026-10-05,XAU,-0.02263071908391055
2026-10-05,COPPER,-0.030400037565986894
2026-10-05,WTI,0.02898088035431029
2026-10-05,BTC,-0.01962526652624004
2026-10-05,ETH,-0.0015573494584591374
2026-10-05,US10Y,-0.008248458577270025
2026-10-05,CN10Y,-0.060979915620050236
2026-10-06,000300.SH,0.0410850076724451
2026-10-06,SPX,-0.02032472643852745
2026-10-06,HSI,0.0015987589031045224
2026-10-06,N225,0.018789642730976032
2026-10-06,SX5E,-0.019630351113057172
2026-10-06,000688.SH,-0.023144786035863743
2026-10-06,SOX,0.08195644840667357
2026-10-06,NDX,0.07680758821634191
2026-10-06,XAU,-0.019547991864769562
2026-10-06,COPPER,-0.04210414478084519
2026-10-06,WTI,0.06017345585412692
2026-10-06,BTC,-0.07836684770342689
2026-10-06,ETH,-0.007964032720937767
2026-10-06,US10Y,-0.023721240370523006
2026-10-06,CN10Y,-0.04560678075571453
2026-10-07,000300.SH,0.061882488433098334
2026-10-07,SPX,-0.0199541477904115
2026-10-07,HSI,-0.0004621314745245572
2026-10-07,N225,-0.01672583709160429
2026-10-07,SX5E,-0.016395598302312905
2026-10-07,000688.SH,-0.005899671760775023
2026-10-07,SOX,0.10506684799438146
2026-10-07,NDX,0.058418200151296895
2026-10-07,XAU,0.007828510625667638
2026-10-07,COPPER,-0.06277094221356105
2026-10-07,WTI,0.03651627666187714
2026-10-07,BTC,-0.09332384369660912
2026-10-07,ETH,-0.012970464219312885
2026-10-07,US10Y,-0.01335700319796092
2026-10-07,CN10Y,-0.027852684119246986
2026-10-08,000300.SH,0.07337418186178565
2026-10-08,SPX,-0.024884028964583464
2026-10-08,HSI,-0.0015493453442552295
2026-10-08,N225,-0.017534036030458992
2026-10-08,SX5E,-0.01948541004353982
2026-10-08,000688.SH,0.00310504993899715
2026-10-08,SOX,0.10646779847099187
2026-10-08,NDX,0.029264583163891682
2026-10-08,XAU,0.012449030751317126
2026-10-08,COPPER,-0.05422820032360381
2026-10-08,WTI,0.027172507697589953
2026-10-08,BTC,-0.08232990865328373
2026-10-08,ETH,-0.018442552443621002
2026-10-08,US10Y,-0.022576239725466424
2026-10-08,CN10Y,-0.010803430355758462
2026-10-09,000300.SH,0.04310022747540105
2026-10-09,SPX,-0.0631244713072097
2026-10-09,HSI,-0.0008980218052707027
2026-10-09,N225,-0.05751204168289428
2026-10-09,SX5E,-0.014228657945839007
2026-10-09,000688.SH,0.02381372739844283
2026-10-09,SOX,0.13874120357175188
2026-10-09,NDX,0.02962258081633104
2026-10-09,XAU,0.02794065985893287
2026-10-09,COPPER,-0.02337861796239759
2026-10-09,WTI,-0.0007065587103367021
2026-10-09,BTC,-0.06385732375486669
2026-10-09,ETH,-0.0160912018691481
2026-10-09,US10Y,-0.01478487882923233
2026-10-09,CN10Y,-0.008636625253660633
2026-10-12,000300.SH,0.04206576997243981
2026-10-12,SPX,-0.050530089796479716
2026-10-12,HSI,-0.0006077131560191591
2026-10-12,N225,-0.0645908078670305
2026-10-12,SX5E,-0.029902075771529747
2026-10-12,000688.SH,0.029232433833074358
2026-10-12,SOX,0.13993315351063884
2026-10-12,NDX,0.06118147996805161
2026-10-12,XAU,0.039214446209837675
2026-10-12,COPPER,0.012727136680284095
2026-10-12,WTI,-0.06041815358873261
2026-10-12,BTC,-0.08977542130352671
2026-10-12,ETH,-0.014711737348799075
2026-10-12,US10Y,-0.0030954951290636332
2026-10-12,CN10Y,-0.010722926213140638
2026-10-13,000300.SH,0.044969757684782286
2026-10-13,SPX,-0.0695960315281819
2026-10-13,HSI,-0.0002638483628753121
2026-10-13,N225,-0.025140427293666466
2026-10-13,SX5E,-0.03172177707979374
2026-10-13,000688.SH,0.02031195854251739
2026-10-13,SOX,0.11748482457773221
2026-10-13,NDX,0.034572604418043565
2026-10-13,XAU,0.08394499749027357
2026-10-13,COPPER,0.0432826346782028
2026-10-13,WTI,-0.036906114342804386
2026-10-13,BTC,-0.1699618108873893
2026-10-13,ETH,-0.013064940523917355
2026-10-13,US10Y,-0.01910558732471286
2026-10-13,CN10Y,0.021193759951792537
2026-10-14,000300.SH,0.06298835689481568
2026-10-14,SPX,-0.08821619962532495
2026-10-14,HSI,0.0004721873460566836
2026-10-14,N225,-0.02187902203250114
2026-10-14,SX5E,-0.02534515870001379
2026-10-14,000688.SH,-0.006446039100354375
2026-10-14,SOX,0.14560771964651567
2026-10-14,NDX,0.016726488326459052
2026-10-14,XAU,0.08826778492237096
2026-10-14,COPPER,0.07079471049840888
2026-10-14,WTI,-0.046026505369362626
2026-10-14,BTC,-0.18873122264259193
2026-10-14,ETH,-0.009962602275238002
2026-10-14,US10Y,-0.034156737688974884
2026-10-14,CN10Y,0.03590623979973926
2026-10-15,000300.SH,0.05886923248900039
2026-10-15,SPX,-0.0779981395640888
2026-10-15,HSI,4.199264753396625e-05
2026-10-15,N225,0.031349563501348904
2026-10-15,SX5E,-0.05109563023359855
2026-10-15,000688.SH,-0.05609145588728112
2026-10-15,SOX,0.11782689262554877
2026-10-15,NDX,0.03906855492942825
2026-10-15,XAU,0.08435669313446814
2026-10-15,COPPER,0.07223091937576566
2026-10-15,WTI,-0.011207299025487505
2026-10-15,BTC,-0.2092787729536136
2026-10-15,ETH,-0.011601790358689102
2026-10-15,US10Y,-0.014391299642122716
2026-10-15,CN10Y,0.027920538961793192
2026-10-16,000300.SH,0.061277338219915475
2026-10-16,SPX,-0.04430724219843104
2026-10-16,HSI,-0.0003162173788070986
2026-10-16,N225,0.05431921513845519
2026-10-16,SX5E,-0.03446344709551746
2026-10-16,000688.SH,-0.07443712408393532
2026-10-16,SOX,0.1585753300291119
2026-10-16,NDX,-0.006435256055223246
2026-10-16,XAU,0.08951225411275958
2026-10-16,COPPER,0.04043700289143433
2026-10-16,WTI,-0.007953141221439086
2026-10-16,BTC,-0.2405038307975575
2026-10-16,ETH,-0.014802784070242811
2026-10-16,US10Y,-0.026618826536088085
2026-10-16,CN10Y,0.04571672904557305
2026-10-19,000300.SH,0.07326099177745915
2026-10-19,SPX,-0.05857208198228958
2026-10-19,HSI,0.00037515816351323486
2026-10-19,N225,0.026435090638341555
2026-10-19,SX5E,-0.02269780298647583
2026-10-19,000688.SH,-0.057933084555469645
2026-10-19,SOX,0.1521355566308866
2026-10-19,NDX,-0.04272841959781021
2026-10-19,XAU,0.09337233479390411
2026-10-19,COPPER,0.038616576644855335
2026-10-19,WTI,0.008972673478292802
2026-10-19,BTC,-0.22200219886369543
2026-10-19,ETH,-0.010405894226836949
2026-10-19,US10Y,-0.014424643224921915
2026-10-19,CN10Y,0.03559574331025414
2026-10-20,000300.SH,0.06019023807172749
2026-10-20,SPX,-0.04486350174365751
2026-10-20,HSI,-0.00014933660844972053
2026-10-20,N225,0.0421072052136266
2026-10-20,SX5E,0.015769031898083718
2026-10-20,000688.SH,-0.020088203724307648
2026-10-20,SOX,0.0436219877329459
2026-10-20,NDX,-0.054311031399492005
2026-10-20,XAU,0.09219042883283536
2026-10-20,COPPER,0.03839122361692598
2026-10-20,WTI,0.05879003399087961
2026-10-20,BTC,-0.23645146929356847
2026-10-20,ETH,-0.012990489566896846
2026-10-20,US10Y,-0.00914216355322399
2026-10-20,CN10Y,0.02693604653257991
2026-10-21,000300.SH,0.03406609040197782
2026-10-21,SPX,-0.034430795586981686
2026-10-21,HSI,0.00010685086026252161
2026-10-21,N225,0.04419456547697628
2026-10-21,SX5E,-0.00417266336974911
2026-10-21,000688.SH,-0.003873613414210408
2026-10-21,SOX,0.07477568070379619
2026-10-21,NDX,-0.048512517817938555
2026-10-21,XAU,0.09044686167303645
2026-10-21,COPPER,0.04552581383840566
2026-10-21,WTI,0.08714444614506066
2026-10-21,BTC,-0.258210148436909
2026-10-21,ETH,-0.00917564949502447
2026-10-21,US10Y,-0.03111247376877666
2026-10-21,CN10Y,0.013227552790083483
2026-10-22,000300.SH,0.0211754171328816
2026-10-22,SPX,-0.0039055405289203995
2026-10-22,HSI,0.00010696357639348075
2026-10-22,N225,0.03464246220146102
2026-10-22,SX5E,-0.03530921379682933
2026-10-22,000688.SH,-0.009949273241205737
2026-10-22,SOX,0.09665349358574875
2026-10-22,NDX,-0.05565644769648542
2026-10-22,XAU,0.09605525029046535
2026-10-22,COPPER,0.05686042386809838
2026-10-22,WTI,0.06668977283344885
2026-10-22,BTC,-0.21863887146386504
2026-10-22,ETH,-0.009181880713997349
2026-10-22,US10Y,-0.052454628871780214
2026-10-22,CN10Y,0.012912072824594115
2026-10-23,000300.SH,0.023637546818047753
2026-10-23,SPX,-0.005363523790373704
2026-10-23,HSI,0.0002716930303763115
2026-10-23,N225,0.05342585677128654
2026-10-23,SX5E,-0.023455683995779124
2026-10-23,000688.SH,-0.02349713778097782
2026-10-23,SOX,0.08821727338839228
2026-10-23,NDX,-0.058529970401078366
2026-10-23,XAU,0.10021097763065692
2026-10-23,COPPER,0.059461964300496904
2026-10-23,WTI,0.041731788334714415
2026-10-23,BTC,-0.23660167813413227
2026-10-23,ETH,-0.0024054601387290876
2026-10-23,US10Y,-0.03905193925054466
2026-10-23,CN10Y,0.021948293217650083
2026-10-26,000300.SH,-0.014669625353544172
2026-10-26,SPX,-0.007738491872354
2026-10-26,HSI,7.039752012818343e-05
2026-10-26,N225,0.04501391687211139
2026-10-26,SX5E,-0.03649166319622228
2026-10-26,000688.SH,-0.030171846152054614
2026-10-26,SOX,0.0935284974010807
2026-10-26,NDX,-0.001335762942319716
2026-10-26,XAU,0.09539488330446774
2026-10-26,COPPER,0.03978154007893497
2026-10-26,WTI,0.012596279854067687
2026-10-26,BTC,-0.16293509647134877
2026-10-26,ETH,-0.007535395944510434
2026-10-26,US10Y,-0.05368067891408329
2026-10-26,CN10Y,0.028173045815651197
2026-10-27,000300.SH,0.0011569565522426828
2026-10-27,SPX,-0.022423891860080175
2026-10-27,HSI,-0.0005249898934783031
2026-10-27,N225,0.008839929072042502
2026-10-27,SX5E,-0.04818293857795154
2026-10-27,000688.SH,-0.017046785163147865
2026-10-27,SOX,0.11523672603560296
2026-10-27,NDX,-0.027848104164950642
2026-10-27,XAU,0.0801585561415332
2026-10-27,COPPER,0.03842866429564141
2026-10-27,WTI,0.04065481462279054
2026-10-27,BTC,-0.17283178482992237
2026-10-27,ETH,-0.0034883862895023323
2026-10-27,US10Y,-0.04856658352428542
2026-10-27,CN10Y,0.0564378175834697
2026-10-28,000300.SH,0.026907081597927877
2026-10-28,SPX,-0.011704092620678008
2026-10-28,HSI,0.0005835950989998573
2026-10-28,N225,-0.0023021692507268886
2026-10-28,SX5E,-0.05764123470992378
2026-10-28,000688.SH,-0.04298744330581044
2026-10-28,SOX,0.09124174278527372
2026-10-28,NDX,-0.015238271365262745
2026-10-28,XAU,0.04516307516984624
2026-10-28,COPPER,0.0465936498233768
2026-10-28,WTI,0.09699515656023822
2026-10-28,BTC,-0.1652489435093834
2026-10-28,ETH,-0.00934946547814942
2026-10-28,US10Y,-0.0590954173402707
2026-10-28,CN10Y,0.05608273654454657
2026-10-29,000300.SH,0.02880290123895305
2026-10-29,SPX,0.002627303356383571
2026-10-29,HSI,-9.58844845043975e-05
2026-10-29,N225,0.009889321107126214
2026-10-29,SX5E,-0.04795060364849553
2026-10-29,000688.SH,-0.03329424669882019
2026-10-29,SOX,0.06746372432814943
2026-10-29,NDX,-0.04434205378916346
2026-10-29,XAU,0.05316314059783583
2026-10-29,COPPER,0.0686791335802146
2026-10-29,WTI,0.11177963914676003
2026-10-29,BTC,-0.21183764971248734
2026-10-29,ETH,-0.005254435777993537
2026-10-29,US10Y,-0.057383508547568414
2026-10-29,CN10Y,0.05775321930361438
2026-10-30,000300.SH,0.043138438431907664
2026-10-30,SPX,0.01909078211184119
2026-10-30,HSI,-0.00042600932311757207
2026-10-30,N225,0.027911391572951798
2026-10-30,SX5E,-0.05208088661262403
2026-10-30,000688.SH,-0.02288728713000003
2026-10-30,SOX,0.033319514998171415
2026-10-30,NDX,-0.04980847802544386
2026-10-30,XAU,0.037112528059218844
2026-10-30,COPPER,0.05723892303215415
2026-10-30,WTI,0.10619302229606425
2026-10-30,BTC,-0.20443647623500147
2026-10-30,ETH,-0.0018921160133494206
2026-10-30,US10Y,-0.04126851459612553
2026-10-30,CN10Y,0.04879516743335759
2026-11-02,000300.SH,0.02752460195193793
2026-11-02,SPX,0.05121485936946752
2026-11-02,HSI,-0.0006545830378032687
2026-11-02,N225,0.008484600415970276
2026-11-02,SX5E,-0.052487454894694655
2026-11-02,000688.SH,0.033858388975644624
2026-11-02,SOX,0.026929067023170394
2026-11-02,NDX,-0.06606693004890103
2026-11-02,XAU,0.030066785229890553
2026-11-02,COPPER,0.07068062667231188
2026-11-02,WTI,0.07554244560138017
2026-11-02,BTC,-0.20921714189957683
2026-11-02,ETH,0.00043234549254608193
2026-11-02,US10Y,-0.03782114104945975
2026-11-02,CN10Y,0.041513530198120555
2026-11-03,000300.SH,0.04660285186089225
2026-11-03,SPX,0.07323019075823801
2026-11-03,HSI,-0.0007399936392598862
2026-11-03,N225,0.014442446820325628
2026-11-03,SX5E,-0.04385579673324545
2026-11-03,000688.SH,0.008303743446110018
2026-11-03,SOX,0.047304661488761085
2026-11-03,NDX,-0.0664593226365104
2026-11-03,XAU,0.03052277201021793
2026-11-03,COPPER,0.09567590828506657
2026-11-03,WTI,0.03279070043947311
2026-11-03,BTC,-0.25235345985239704
2026-11-03,ETH,0.001297932352069277
2026-11-03,US10Y,-0.02275136478345048
2026-11-03,CN10Y,0.03598873018371336
2026-11-04,000300.SH,0.04955722399972168
2026-11-04,SPX,0.062284053555936775
2026-11-04,HSI,-4.43044676526152e-05
2026-11-04,N225,0.03629510602709718
2026-11-04,SX5E,-0.05257619701950322
2026-11-04,000688.SH,-0.026552843811305012
2026-11-04,SOX,0.05191045351976237
2026-11-04,NDX,-0.0494076731348281
2026-11-04,XAU,0.02131272384192827
2026-11-04,COPPER,0.10306922683392129
2026-11-04,WTI,0.06543910131036522
2026-11-04,BTC,-0.2710603843596023
2026-11-04,ETH,9.253152307813903e-05
2026-11-04,US10Y,-0.002094096920459693
2026-11-04,CN10Y,0.011775079101545393
2026-11-05,000300.SH,0.029543802850655495
2026-11-05,SPX,0.07182577586506454
2026-11-05,HSI,-0.0
2026-11-05,N225,0.028208477278522805
2026-11-05,SX5E,-0.04815275845609001
2026-11-05,000688.SH,-0.029115226029585738
2026-11-05,SOX,0.04545323917665413
2026-11-05,NDX,-0.04343803609885885
2026-11-05,XAU,0.011686062883951114
2026-11-05,COPPER,0.1161934086500458
2026-11-05,WTI,0.05988339554787221
2026-11-05,BTC,-0.29537614168557
2026-11-05,ETH,-0.0
2026-11-05,US10Y,0.016599963438427207
2026-11-05,CN10Y,0.03668803657891698
2026-11-06,000300.SH,0.053114394974529536
2026-11-06,SPX,0.11205931953026016
2026-11-06,HSI,-0.0
2026-11-06,N225,0.050367997253313423
2026-11-06,SX5E,-0.039948776153511396
2026-11-06,000688.SH,-0.06653967399825156
2026-11-06,SOX,0.015855057742646464
2026-11-06,NDX,-0.026071919370264623
2026-11-06,XAU,0.008018065046774792
2026-11-06,COPPER,0.07468179436209446
2026-11-06,WTI,0.08517270611252314
2026-11-06,BTC,-0.2939041730004181
2026-11-06,ETH,-0.0
2026-11-06,US10Y,-0.0008031241716126084
2026-11-06,CN10Y,0.02799833167191934
2026-11-09,000300.SH,0.06013014796585077
2026-11-09,SPX,0.10987567455329916
2026-11-09,HSI,-0.0
2026-11-09,N225,0.032361708803505626
2026-11-09,SX5E,-0.046650896633927665
2026-11-09,000688.SH,-0.04073048588571568
2026-11-09,SOX,0.03974001777517537
2026-11-09,NDX,-0.03507206422625211
2026-11-09,XAU,0.00021208907990329356
2026-11-09,COPPER,0.044426677779921916
2026-11-09,WTI,0.08379721994520258
2026-11-09,BTC,-0.29317228057230926
2026-11-09,ETH,-0.0
2026-11-09,US10Y,0.013579001518453327
2026-11-09,CN10Y,0.03150318989689495
2026-11-10,000300.SH,0.048580487852973295
2026-11-10,SPX,0.12579917072668886
2026-11-10,HSI,-0.0
2026-11-10,N225,0.00662902280549949
2026-11-10,SX5E,-0.03787730700813825
2026-11-10,000688.SH,-0.02805336816072749
2026-11-10,SOX,0.02834620581542807
2026-11-10,NDX,0.005938897420131858
2026-11-10,XAU,-0.02410216967939107
2026-11-10,COPPER,0.026714919059887356
2026-11-10,WTI,0.029289465691139563
2026-11-10,BTC,-0.25715768490865654
2026-11-10,ETH,-0.0
2026-11-10,US10Y,0.05107162703764117
2026-11-10,CN10Y,0.024820733347527445
2026-11-11,000300.SH,0.02693680965098021
2026-11-11,SPX,0.1172741125546914
2026-11-11,HSI,-0.0
2026-11-11,N225,0.006377026235495138
2026-11-11,SX5E,-0.01042537520931329
2026-11-11,000688.SH,-0.034276978097277574
2026-11-11,SOX,0.03007344286584192
2026-11-11,NDX,-0.0033611219986346332
2026-11-11,XAU,-0.022048013113253113
2026-11-11,COPPER,0.02652070797322429
2026-11-11,WTI,0.03953821114886587
2026-11-11,BTC,-0.24530931238790515
2026-11-11,ETH,-0.0
2026-11-11,US10Y,0.058979878683682756
2026-11-11,CN10Y,0.009720611693606527
2026-11-12,000300.SH,0.04527594284402895
2026-11-12,SPX,0.12663866139734645
2026-11-12,HSI,-0.0
2026-11-12,N225,-0.03312337994014393
2026-11-12,SX5E,-0.0019761082931031735
2026-11-12,000688.SH,-0.012300314044196075
2026-11-12,SOX,0.011045663056750334
2026-11-12,NDX,-0.03900130709076652
2026-11-12,XAU,-0.005102636226966156
2026-11-12,COPPER,0.01710404694600041
2026-11-12,WTI,0.12662587127635794
2026-11-12,BTC,-0.262516643557575
2026-11-12,ETH,-0.0
2026-11-12,US10Y,0.027857201939715286
2026-11-12,CN10Y,-0.0005269983074443277
2026-11-13,000300.SH,0.0566868802853188
2026-11-13,SPX,0.09742092432856073
2026-11-13,HSI,-0.0
2026-11-13,N225,-0.05289857805803125
2026-11-13,SX5E,-0.010474837936220949
2026-11-13,000688.SH,0.015922300478870877
2026-11-13,SOX,-0.028095765135482002
2026-11-13,NDX,-0.05310654919337906
2026-11-13,XAU,-0.012384597555854375
2026-11-13,COPPER,0.030055418305163402
2026-11-13,WTI,0.16283080305258463
2026-11-13,BTC,-0.2460166898176507
2026-11-13,ETH,-0.0
2026-11-13,US10Y,0.03813775893769572
2026-11-13,CN10Y,0.0019229323084285288
2026-11-16,000300.SH,0.05531103682595328
2026-11-16,SPX,0.0721420080750511
2026-11-16,HSI,-0.0
2026-11-16,N225,-0.030282486777165794
2026-11-16,SX5E,-0.0032259870248143837
2026-11-16,000688.SH,0.015571215872643575
2026-11-16,SOX,-0.045295581306379396
2026-11-16,NDX,-0.04998566865787856
2026-11-16,XAU,0.010750989169992353
2026-11-16,COPPER,0.06490059155458158
2026-11-16,WTI,0.15792270718836596
2026-11-16,BTC,-0.3042615348777296
2026-11-16,ETH,-0.0
2026-11-16,US10Y,0.0397149393043278
2026-11-16,CN10Y,0.01673777065305534
2026-11-17,000300.SH,0.02870515412474009
2026-11-17,SPX,0.06849152676775806
2026-11-17,HSI,-0.0
2026-11-17,N225,-0.02219621942849998
2026-11-17,SX5E,-0.036262496564514676
2026-11-17,000688.SH,-0.026912043091591765
2026-11-17,SOX,-0.014148046974682381
2026-11-17,NDX,-0.021689070821400536
2026-11-17,XAU,-0.004345462485139416
2026-11-17,COPPER,0.06798175190684459
2026-11-17,WTI,0.11197631012406108
2026-11-17,BTC,-0.22489278008315255
2026-11-17,ETH,-0.0
2026-11-17,US10Y,0.0408316484606937
2026-11-17,CN10Y,0.032459728064886194
2026-11-18,000300.SH,0.06562569096644444
2026-11-18,SPX,0.06686249130686502
2026-11-18,HSI,-0.0
2026-11-18,N225,-0.016631896307633544
2026-11-18,SX5E,-0.04252511071834117
2026-11-18,000688.SH,-0.024891312478102813
2026-11-18,SOX,-0.02443977218019469
2026-11-18,NDX,-0.03582322486589995
2026-11-18,XAU,-0.008438280789203568
2026-11-18,COPPER,0.03199679785078647
2026-11-18,WTI,0.0790745371860668
2026-11-18,BTC,-0.18707816708044883
2026-11-18,ETH,-0.0
2026-11-18,US10Y,0.050204414762733705
2026-11-18,CN10Y,0.046063832346929165
2026-11-19,000300.SH,0.05358058691726604
2026-11-19,SPX,0.05092926089791493
2026-11-19,HSI,-0.0
2026-11-19,N225,-0.017371461132794582
2026-11-19,SX5E,-0.024869381123698332
2026-11-19,000688.SH,-0.04633119504584955
2026-11-19,SOX,-0.04781500376886254
2026-11-19,NDX,0.0006166733986531555
2026-11-19,XAU,-0.0030913475321580203
2026-11-19,COPPER,0.025040383851898065
2026-11-19,WTI,0.07564134944042279
2026-11-19,BTC,-0.17992504502615989
2026-11-19,ETH,-0.0
2026-11-19,US10Y,0.07555356565247368
2026-11-19,CN10Y,0.03804161347089603
2026-11-20,000300.SH,0.055751136646797164
2026-11-20,SPX,0.04617633081568211
2026-11-20,HSI,-0.0
2026-11-20,N225,-0.014593733218859354
2026-11-20,SX5E,-0.026724445928242656
2026-11-20,000688.SH,-0.06223542399233461
2026-11-20,SOX,-0.015874486849237295
2026-11-20,NDX,0.00747034725776095
2026-11-20,XAU,0.0018573303066312585
2026-11-20,COPPER,0.01649763514608752
2026-11-20,WTI,0.024779419094413703
2026-11-20,BTC,-0.135782994628803
2026-11-20,ETH,-0.0
2026-11-20,US10Y,0.06619680942028182
2026-11-20,CN10Y,0.036482075929823776
2026-11-23,000300.SH,0.08733573380256307
2026-11-23,SPX,0.0393808112652787
2026-11-23,HSI,-0.0
2026-11-23,N225,-0.0124732286862848
2026-11-23,SX5E,-0.02118550859062908
2026-11-23,000688.SH,-0.036571850246047366
2026-11-23,SOX,0.013062355366147298
2026-11-23,NDX,-0.011712245419483378
2026-11-23,XAU,-0.003818559271761987
2026-11-23,COPPER,0.005806239788064671
2026-11-23,WTI,-0.01852531965393113
2026-11-23,BTC,-0.1082833656305486
2026-11-23,ETH,-0.0
2026-11-23,US10Y,0.030010796258552744
2026-11-23,CN10Y,0.03697414101808248
2026-11-24,000300.SH,0.06551918652951763
2026-11-24,SPX,0.05142392130166869
2026-11-24,HSI,-0.0
2026-11-24,N225,-0.005450426270833475
2026-11-24,SX5E,-0.026741783905600072
2026-11-24,000688.SH,-0.0619797414723808
2026-11-24,SOX,0.04869884081416703
2026-11-24,NDX,-0.014002817539654063
2026-11-24,XAU,-0.011174011831148918
2026-11-24,COPPER,-0.024626726554779006
2026-11-24,WTI,0.02528491832925014
2026-11-24,BTC,-0.09600424447395574
2026-11-24,ETH,-0.0
2026-11-24,US10Y,0.02256931455858003
2026-11-24,CN10Y,0.026483570515169648
2026-11-25,000300.SH,0.04813293085296834
2026-11-25,SPX,0.035644059885384834
2026-11-25,HSI,-0.0
2026-11-25,N225,-0.010426019906826279
2026-11-25,SX5E,0.0004806332749400996
2026-11-25,000688.SH,-0.028888638220502465
2026-11-25,SOX,0.03826552659806139
2026-11-25,NDX,-0.047369243962501376
2026-11-25,XAU,0.010461474868711303
2026-11-25,COPPER,-0.036256925623451716
2026-11-25,WTI,0.02161519237191296
2026-11-25,BTC,-0.08098706056811517
2026-11-25,ETH,-0.0
2026-11-25,US10Y,0.04044683802019991
2026-11-25,CN10Y,0.008881232409219359
2026-11-26,000300.SH,0.04057380165908986
2026-11-26,SPX,0.02186095655278472
2026-11-26,HSI,-0.0
2026-11-26,N225,-0.03539810776831182
2026-11-26,SX5E,0.020584911518622434
2026-11-26,000688.SH,-0.005692939726501056
2026-11-26,SOX,0.05417952775688661
2026-11-26,NDX,-0.011474693423435116
2026-11-26,XAU,0.010280632596479052
2026-11-26,COPPER,-0.04283454343891572
2026-11-26,WTI,-0.047058423034095534
2026-11-26,BTC,-0.04091686742419431
2026-11-26,ETH,-0.0
2026-11-26,US10Y,0.030653155048037648
2026-11-26,CN10Y,0.005242589683553419
2026-11-27,000300.SH,0.032811918479743366
2026-11-27,SPX,0.03164123622227949
2026-11-27,HSI,-0.0
2026-11-27,N225,-0.012456111829355722
2026-11-27,SX5E,0.035246172419018326
2026-11-27,000688.SH,0.013229857873023922
2026-11-27,SOX,0.0725194167128534
2026-11-27,NDX,-0.003924668174276547
2026-11-27,XAU,0.01841111871216704
2026-11-27,COPPER,-0.005996678617294242
2026-11-27,WTI,-0.10121390318499981
2026-11-27,BTC,-0.07600265267479164
2026-11-27,ETH,-0.0
2026-11-27,US10Y,0.007966230284604903
2026-11-27,CN10Y,-0.012231936222973848
2026-11-30,000300.SH,0.04163920265602257
2026-11-30,SPX,0.007184814069690973
2026-11-30,HSI,-0.0
2026-11-30,N225,0.027644314692372975
2026-11-30,SX5E,0.01248667995438567
2026-11-30,000688.SH,-0.036986969785926554
2026-11-30,SOX,0.10148640490798533
2026-11-30,NDX,0.006165048241317354
2026-11-30,XAU,0.012512862390565545
2026-11-30,COPPER,0.002063139965172
2026-11-30,WTI,-0.06805336172949497
2026-11-30,BTC,-0.10479989390762266
2026-11-30,ETH,-0.0
2026-11-30,US10Y,0.018756355767713416
2026-11-30,CN10Y,-0.020098597222182428
2026-12-01,000300.SH,0.042403358504685934
2026-12-01,SPX,0.011711532568374351
2026-12-01,HSI,-0.0
2026-12-01,N225,0.019514466900214154
2026-12-01,SX5E,0.011097413681413218
2026-12-01,000688.SH,-0.01361847684409305
2026-12-01,SOX,0.03146519927859487
2026-12-01,NDX,-0.0032240135253451263
2026-12-01,XAU,0.007269480487077429
2026-12-01,COPPER,-0.006600403727900694
2026-12-01,WTI,0.002448949650421278
2026-12-01,BTC,-0.06697236475176599
2026-12-01,ETH,-0.0
2026-12-01,US10Y,0.01425217877228764
2026-12-01,CN10Y,-0.049747320993965505
2026-12-02,000300.SH,0.04412637270769528
2026-12-02,SPX,0.02743346326352388
2026-12-02,HSI,-0.0
2026-12-02,N225,0.018600182942468145
2026-12-02,SX5E,0.02603825533095312
2026-12-02,000688.SH,0.02065794319168358
2026-12-02,SOX,0.010702871395815295
2026-12-02,NDX,-0.03720716537609861
2026-12-02,XAU,-0.004083406093783284
2026-12-02,COPPER,-0.03424593543971889
2026-12-02,WTI,0.025547368236668228
2026-12-02,BTC,-0.056442058716258486
2026-12-02,ETH,-0.0
2026-12-02,US10Y,0.0016501203864461647
2026-12-02,CN10Y,-0.04277801182939613
2026-12-03,000300.SH,0.039276502296589806
2026-12-03,SPX,0.006181484645262463
2026-12-03,HSI,-0.0
2026-12-03,N225,0.024663596719869507
2026-12-03,SX5E,0.021625015093954175
2026-12-03,000688.SH,0.016475823090763935
2026-12-03,SOX,0.0346138848046099
2026-12-03,NDX,-0.034998615502168526
2026-12-03,XAU,0.015000248234840134
2026-12-03,COPPER,-0.03446901967872763
2026-12-03,WTI,0.025617704425182367
2026-12-03,BTC,-0.03837793964735334
2026-12-03,ETH,-0.0
2026-12-03,US10Y,-0.01064431590392395
2026-12-03,CN10Y,-0.06496436857890342
2026-12-04,000300.SH,0.031302810574486487
2026-12-04,SPX,-0.010260078846990584
2026-12-04,HSI,-0.0
2026-12-04,N225,0.008114883047491944
2026-12-04,SX5E,0.018019490317715527
2026-12-04,000688.SH,0.03573280390543303
2026-12-04,SOX,0.039875658509418516
2026-12-04,NDX,-0.03535932668929397
2026-12-04,XAU,0.028119897620862887
2026-12-04,COPPER,-0.01739429825913666
2026-12-04,WTI,-0.03523579246558084
2026-12-04,BTC,-0.029085604763522135
2026-12-04,ETH,-0.0
2026-12-04,US10Y,0.022548403356690158
2026-12-04,CN10Y,-0.056378846307578785
2026-12-07,000300.SH,0.029900872347982346
2026-12-07,SPX,-0.028173936949361163
2026-12-07,HSI,-0.0
2026-12-07,N225,0.027392175266361483
2026-12-07,SX5E,0.04160857055210592
2026-12-07,000688.SH,0.024493658438911953
2026-12-07,SOX,0.0318724796484422
2026-12-07,NDX,-0.06594510841934687
2026-12-07,XAU,0.03193336250954845
2026-12-07,COPPER,-0.03792500170418177
2026-12-07,WTI,-0.020598399811938416
2026-12-07,BTC,-0.019561203838918375
2026-12-07,ETH,-0.0
2026-12-07,US10Y,0.03183693532974187
2026-12-07,CN10Y,-0.04683440336935168
2026-12-08,000300.SH,0.049212071778376415
2026-12-08,SPX,-0.04834653266466498
2026-12-08,HSI,-0.0
2026-12-08,N225,0.05358991448047823
2026-12-08,SX5E,0.053562867886238694
2026-12-08,000688.SH,0.02198427748267512
2026-12-08,SOX,0.061166352302418035
2026-12-08,NDX,-0.08403778920554777
2026-12-08,XAU,0.022799661134446637
2026-12-08,COPPER,-0.047187125270780186
2026-12-08,WTI,-0.03258136455443496
2026-12-08,BTC,-0.007129225824643766
2026-12-08,ETH,-0.0
2026-12-08,US10Y,-0.0076180459431328985
2026-12-08,CN10Y,-0.03541506160143358
2026-12-09,000300.SH,0.04503638353394614
2026-12-09,SPX,-0.036085159404100335
2026-12-09,HSI,-0.0
2026-12-09,N225,0.05028566505829716
2026-12-09,SX5E,0.021499278516732216
2026-12-09,000688.SH,-0.043093524792018376
2026-12-09,SOX,0.04612830988988653
2026-12-09,NDX,-0.07290088991688062
2026-12-09,XAU,0.017862843394740806
2026-12-09,COPPER,-0.04182179025152931
2026-12-09,WTI,-0.004590561309760856
2026-12-09,BTC,0.03633048133454715
2026-12-09,ETH,-0.0
2026-12-09,US10Y,-0.00014764316233833053
2026-12-09,CN10Y,-0.018503392891530114
2026-12-10,000300.SH,0.01435633955759233
2026-12-10,SPX,-0.0075476128061268445
2026-12-10,HSI,-0.0
2026-12-10,N225,0.0515072509195619
2026-12-10,SX5E,0.0356508562090958
2026-12-10,000688.SH,-0.03589844916928852
2026-12-10,SOX,0.059780332434624515
2026-12-10,NDX,-0.05805037776349105
2026-12-10,XAU,0.004345449247583998
2026-12-10,COPPER,-0.03916759789153293
2026-12-10,WTI,-0.053513504623948625
2026-12-10,BTC,0.02573927814102152
2026-12-10,ETH,-0.0
2026-12-10,US10Y,0.016618363122007825
2026-12-10,CN10Y,-0.013820327377108726
2026-12-11,000300.SH,0.0008984326867734821
2026-12-11,SPX,-0.004718960556495837
2026-12-11,HSI,-0.0
2026-12-11,N225,0.05781059642988082
2026-12-11,SX5E,0.04083570320039548
2026-12-11,000688.SH,-0.05161152996458106
2026-12-11,SOX,0.021113832126649922
2026-12-11,NDX,-0.05354034672095386
2026-12-11,XAU,0.02345822837131596
2026-12-11,COPPER,-0.04096903487983708
2026-12-11,WTI,-0.022567395392793177
2026-12-11,BTC,0.04584231450241088
2026-12-11,ETH,-0.0
2026-12-11,US10Y,0.005320757184642274
2026-12-11,CN10Y,-0.02187259698741922
2026-12-14,000300.SH,0.004131535840346248
2026-12-14,SPX,0.008042954666213527
2026-12-14,HSI,-0.0
2026-12-14,N225,0.08494158600281834
2026-12-14,SX5E,0.055314575995170416
2026-12-14,000688.SH,-0.06599920236512934
2026-12-14,SOX,0.028642955537211023
2026-12-14,NDX,-0.04568846567600092
2026-12-14,XAU,0.014169802432334578
2026-12-14,COPPER,-0.06755114514679497
2026-12-14,WTI,-0.06349330795913469
2026-12-14,BTC,0.08145559684157075
2026-12-14,ETH,-0.0
2026-12-14,US10Y,-0.023454950413708535
2026-12-14,CN10Y,-0.010511935754906894
2026-12-15,000300.SH,0.0422772465044956
2026-12-15,SPX,0.03467120584820354
2026-12-15,HSI,-0.0
2026-12-15,N225,0.09087728559371272
2026-12-15,SX5E,0.06521818304055166
2026-12-15,000688.SH,-0.04938532829687121
2026-12-15,SOX,0.06961536336423554
2026-12-15,NDX,-0.07414981936343826
2026-12-15,XAU,0.013757186786285229
2026-12-15,COPPER,-0.038964984588679974
2026-12-15,WTI,-0.11501222887985896
2026-12-15,BTC,0.0332944393098356
2026-12-15,ETH,-0.0
2026-12-15,US10Y,-0.03416893451419754
2026-12-15,CN10Y,-0.03802961480428468
2026-12-16,000300.SH,-0.010075410721442076
2026-12-16,SPX,0.015185967834562424
2026-12-16,HSI,-0.0
2026-12-16,N225,0.11145973336933074
2026-12-16,SX5E,0.07511882404829268
2026-12-16,000688.SH,-0.03787706511631825
2026-12-16,SOX,0.06444283221280284
2026-12-16,NDX,-0.04372567869856063
2026-12-16,XAU,0.00923523135534423
2026-12-16,COPPER,-0.019340528813883116
2026-12-16,WTI,-0.11814647367941462
2026-12-16,BTC,-2.007718804009767e-05
2026-12-16,ETH,-0.0
2026-12-16,US10Y,-0.021637371509043973
2026-12-16,CN10Y,-0.024619983093641253
2026-12-17,000300.SH,-0.016269369092612222
2026-12-17,SPX,0.01858322891113748
2026-12-17,HSI,-0.0
2026-12-17,N225,0.10035853452199824
2026-12-17,SX5E,0.06071209681744553
2026-12-17,000688.SH,-0.01791122570303369
2026-12-17,SOX,0.033601934431320285
2026-12-17,NDX,-0.0550094462484795
2026-12-17,XAU,0.01390180884612157
2026-12-17,COPPER,0.0028148445989562183
2026-12-17,WTI,-0.07548583712143325
2026-12-17,BTC,-0.021841702171414668
2026-12-17,ETH,-0.0
2026-12-17,US10Y,-0.05174957962077602
2026-12-17,CN10Y,0.008294711830758385
2026-12-18,000300.SH,-0.015313741826653213
2026-12-18,SPX,0.006014119303762571
2026-12-18,HSI,-0.0
2026-12-18,N225,0.1007375793855862
2026-12-18,SX5E,0.07317859291715414
2026-12-18,000688.SH,-0.01557148515296355
2026-12-18,SOX,0.019276308859459967
2026-12-18,NDX,-0.05820883482465146
2026-12-18,XAU,0.041416158738352526
2026-12-18,COPPER,0.026836985362168275
2026-12-18,WTI,-0.08655341678217682
2026-12-18,BTC,-0.05983638510606566
2026-12-18,ETH,-0.0
2026-12-18,US10Y,-0.04739739241925113
2026-12-18,CN10Y,0.015421511545268558
2026-12-21,000300.SH,-0.027013523498353224
2026-12-21,SPX,0.00751724547300533
2026-12-21,HSI,-0.0
2026-12-21,N225,0.07840291664426904
2026-12-21,SX5E,0.10025601042397998
2026-12-21,000688.SH,-0.03605804426295838
2026-12-21,SOX,-0.024958848569599717
2026-12-21,NDX,-0.048431042924656845
2026-12-21,XAU,0.04654671432297135
2026-12-21,COPPER,0.044356758043244814
2026-12-21,WTI,-0.024644323530942716
2026-12-21,BTC,-0.10429277753829841
2026-12-21,ETH,-0.0
2026-12-21,US10Y,-0.003363868385386236
2026-12-21,CN10Y,-0.008317216197283253
2026-12-22,000300.SH,0.00014650368802885533
2026-12-22,SPX,-0.022793984613559276
2026-12-22,HSI,-0.0
2026-12-22,N225,0.07448094540679615
2026-12-22,SX5E,0.09751210888234603
2026-12-22,000688.SH,0.023917999283954543
2026-12-22,SOX,-0.1300620025134752
2026-12-22,NDX,-0.038733213517744586
2026-12-22,XAU,0.05664946445859738
2026-12-22,COPPER,0.04841694247005121
2026-12-22,WTI,-0.022198516241990318
2026-12-22,BTC,-0.0838569212484229
2026-12-22,ETH,-0.0
2026-12-22,US10Y,0.0042429384334366224
2026-12-22,CN10Y,-0.007722264488026103
2026-12-23,000300.SH,-0.025526688292518668
2026-12-23,SPX,-0.02740609752486614
2026-12-23,HSI,-0.0
2026-12-23,N225,0.06650648144144983
2026-12-23,SX5E,0.09514746388523229
2026-12-23,000688.SH,0.012359933877678968
2026-12-23,SOX,-0.13875264260683182
2026-12-23,NDX,-0.003449944332717619
2026-12-23,XAU,0.06066552333612569
2026-12-23,COPPER,0.06827558537555582
2026-12-23,WTI,-0.025564347869372613
2026-12-23,BTC,-0.10663514135601074
2026-12-23,ETH,-0.0
2026-12-23,US10Y,-0.007824237241775993
2026-12-23,CN10Y,0.03220411130804526
2026-12-24,000300.SH,-0.02692098393964383
2026-12-24,SPX,-0.010494435677674323
2026-12-24,HSI,-0.0
2026-12-24,N225,0.07806984174334189
2026-12-24,SX5E,0.06832106833006621
2026-12-24,000688.SH,0.04675853320006473
2026-12-24,SOX,-0.15601944582308142
2026-12-24,NDX,-0.020503393848450437
2026-12-24,XAU,0.06653506492870931
2026-12-24,COPPER,0.035488900968872986
2026-12-24,WTI,0.0007844900182117139
2026-12-24,BTC,-0.1250278213184179
2026-12-24,ETH,-0.0
2026-12-24,US10Y,0.007397177319399418
2026-12-24,CN10Y,0.03561100409859524
2026-12-25,000300.SH,-0.019946127874851772
2026-12-25,SPX,-0.011666295663307298
2026-12-25,HSI,-0.0
2026-12-25,N225,0.05964165079593346
2026-12-25,SX5E,0.056750023456651456
2026-12-25,000688.SH,0.016139426015964662
2026-12-25,SOX,-0.14387779860012667
2026-12-25,NDX,-0.02435637136476229
2026-12-25,XAU,0.02862760105228791
2026-12-25,COPPER,0.011481962950216106
2026-12-25,WTI,0.10455498298553859
2026-12-25,BTC,-0.14920587379798095
2026-12-25,ETH,-0.0
2026-12-25,US10Y,0.01719101093310231
2026-12-25,CN10Y,0.05466580911132725
2026-12-28,000300.SH,-0.028406952323575922
2026-12-28,SPX,-0.006665590925463729
2026-12-28,HSI,-0.0
2026-12-28,N225,0.022453688559807894
2026-12-28,SX5E,0.05242229418453964
2026-12-28,000688.SH,0.009524628984305693
2026-12-28,SOX,-0.16058798100243019
2026-12-28,NDX,-0.04758337223783753
2026-12-28,XAU,0.040238574041117074
2026-12-28,COPPER,0.03493794799519916
2026-12-28,WTI,0.11399598272010729
2026-12-28,BTC,-0.09530979105194166
2026-12-28,ETH,-0.0
2026-12-28,US10Y,-0.007148593856022993
2026-12-28,CN10Y,0.0721291649121884
2026-12-29,000300.SH,-0.03357394759366858
2026-12-29,SPX,-0.031788725444441016
2026-12-29,HSI,-0.0
2026-12-29,N225,0.01842154635592227
2026-12-29,SX5E,0.052165786921678725
2026-12-29,000688.SH,0.01926571090300943
2026-12-29,SOX,-0.12962189863181456
2026-12-29,NDX,-0.030988958885587066
2026-12-29,XAU,0.056271860824919154
2026-12-29,COPPER,0.039328612302169705
2026-12-29,WTI,0.052475633691915546
2026-12-29,BTC,-0.0728082258308565
2026-12-29,ETH,-0.0
2026-12-29,US10Y,-0.039307038144197726
2026-12-29,CN10Y,0.10015964353094457
2026-12-30,000300.SH,-0.046086450493498084
2026-12-30,SPX,-0.015654689184418393
2026-12-30,HSI,-0.0
2026-12-30,N225,-0.005751087724198774
2026-12-30,SX5E,0.06245278231237732
2026-12-30,000688.SH,0.006248901742479072
2026-12-30,SOX,-0.09468213572188883
2026-12-30,NDX,-0.05031179314422462
2026-12-30,XAU,0.055801061010197876
2026-12-30,COPPER,0.05973372752899674
2026-12-30,WTI,0.0019433411991266955
2026-12-30,BTC,-0.04312225317214163
2026-12-30,ETH,-0.0
2026-12-30,US10Y,-0.04270786559831406
2026-12-30,CN10Y,0.11213646124550085
2026-12-31,000300.SH,-0.03173270408118128
2026-12-31,SPX,-0.014835059634374967
2026-12-31,HSI,-0.0
2026-12-31,N225,0.026466952515889867
2026-12-31,SX5E,0.09363057992336357
2026-12-31,000688.SH,0.022765538261875478
2026-12-31,SOX,-0.10802530223023953
2026-12-31,NDX,-0.05384145985679825
2026-12-31,XAU,0.023455509541955254
2026-12-31,COPPER,0.056592286011764845
2026-12-31,WTI,-0.023038846647445044
2026-12-31,BTC,-0.05206637839666017
2026-12-31,ETH,-0.0
2026-12-31,US10Y,-0.05630870862454186
2026-12-31,CN10Y,0.11693759321638736
2027-01-01,000300.SH,-0.036283740915374674
2027-01-01,SPX,-0.010763116728888116
2027-01-01,HSI,-0.0
2027-01-01,N225,0.05598924412403469
2027-01-01,SX5E,0.0883483523901067
2027-01-01,000688.SH,-0.009085856320838453
2027-01-01,SOX,-0.13122009370657356
2027-01-01,NDX,-0.03829170120642295
2027-01-01,XAU,0.015399484527959409
2027-01-01,COPPER,0.03791752162872028
2027-01-01,WTI,-0.003285435469826282
2027-01-01,BTC,-0.06519192722902313
2027-01-01,ETH,-0.0
2027-01-01,US10Y,-0.03444981200532929
2027-01-01,CN10Y,0.13091708091145238
2027-01-04,000300.SH,-0.055660698266611845
2027-01-04,SPX,-0.0037369892959245718
2027-01-04,HSI,-0.0
2027-01-04,N225,0.07335623502378008
2027-01-04,SX5E,0.08138857401381021
2027-01-04,000688.SH,-0.00992248386183062
2027-01-04,SOX,-0.14652160947171058
2027-01-04,NDX,-0.023941046107239752
2027-01-04,XAU,0.011394350748047717
2027-01-04,COPPER,0.04849311472150543
2027-01-04,WTI,-0.014071982662148147
2027-01-04,BTC,-0.036331825073942794
2027-01-04,ETH,-0.0
2027-01-04,US10Y,-0.05022293027707011
2027-01-04,CN10Y,0.125777290509332
2027-01-05,000300.SH,-0.051983982450304105
2027-01-05,SPX,-0.002441844110459012
2027-01-05,HSI,-0.0
2027-01-05,N225,0.045222640955482556
2027-01-05,SX5E,0.061486666526643585
2027-01-05,000688.SH,0.025131417460355097
2027-01-05,SOX,-0.1535101374727235
2027-01-05,NDX,-0.03209301428010079
2027-01-05,XAU,0.019018330062056426
2027-01-05,COPPER,0.036461459597397425
2027-01-05,WTI,0.030672545758218914
2027-01-05,BTC,-0.07758868504816653
2027-01-05,ETH,-0.0
2027-01-05,US10Y,-0.0251969601460368
2027-01-05,CN10Y,0.12482156314763557
2027-01-06,000300.SH,-0.024342758378764193
2027-01-06,SPX,-0.03444896834507418
2027-01-06,HSI,-0.0
2027-01-06,N225,0.07641744176145596
2027-01-06,SX5E,0.060832232750139825
2027-01-06,000688.SH,0.08336859267684668
2027-01-06,SOX,-0.16937909127249592
2027-01-06,NDX,-0.030275790885118403
2027-01-06,XAU,0.03305007228560687
2027-01-06,COPPER,0.045820168288313326
2027-01-06,WTI,-0.016444614266390455
2027-01-06,BTC,-0.12293830135903198
2027-01-06,ETH,-0.0
2027-01-06,US10Y,-0.01679634757332847
2027-01-06,CN10Y,0.11513736431784032
2027-01-07,000300.SH,0.022183489926037005
2027-01-07,SPX,-0.07352779816879323
2027-01-07,HSI,-0.0
2027-01-07,N225,0.07310467496418198
2027-01-07,SX5E,0.062352478917743266
2027-01-07,000688.SH,0.08886188162397815
2027-01-07,SOX,-0.1821366312553158
2027-01-07,NDX,-0.06737217871558948
2027-01-07,XAU,0.04386738137510312
2027-01-07,COPPER,0.05166572604032366
2027-01-07,WTI,-0.0024972035655658267
2027-01-07,BTC,-0.11226207240167865
2027-01-07,ETH,-0.0
2027-01-07,US10Y,-0.01856826126214057
2027-01-07,CN10Y,0.11432851252171548
2027-01-08,000300.SH,0.020948797321642686
2027-01-08,SPX,-0.0548720423257497
2027-01-08,HSI,-0.0
2027-01-08,N225,0.056423143601712425
2027-01-08,SX5E,0.07388800465663554
2027-01-08,000688.SH,0.09368261704052831
2027-01-08,SOX,-0.16904652136867532
2027-01-08,NDX,-0.059587033476169594
2027-01-08,XAU,0.04152804757372266
2027-01-08,COPPER,0.05528319937865512
2027-01-08,WTI,-0.04852118745913719
2027-01-08,BTC,-0.11586692411565641
2027-01-08,ETH,-0.0
2027-01-08,US10Y,-0.0009819914531534937
2027-01-08,CN10Y,0.10712189062564512
2027-01-11,000300.SH,0.01170007203464249
2027-01-11,SPX,-0.03966959427348672
2027-01-11,HSI,-0.0
2027-01-11,N225,0.043559218693908656
2027-01-11,SX5E,0.048176565736362455
2027-01-11,000688.SH,0.09267958685722463
2027-01-11,SOX,-0.15604864453332337
2027-01-11,NDX,-0.06217127200795177
2027-01-11,XAU,0.022661914561890102
2027-01-11,COPPER,0.01742525789583129
2027-01-11,WTI,0.007271373285768969
2027-01-11,BTC,-0.10115294021475908
2027-01-11,ETH,-0.0
2027-01-11,US10Y,0.021454064241270894
2027-01-11,CN10Y,0.09411439772262187
2027-01-12,000300.SH,-0.01294856232287163
2027-01-12,SPX,-0.05416673441305761
2027-01-12,HSI,-0.0
2027-01-12,N225,0.03938146299476139
2027-01-12,SX5E,0.051303192526579694
2027-01-12,000688.SH,0.07690393603108107
2027-01-12,SOX,-0.14667436994323568
2027-01-12,NDX,-0.04960543406921569
2027-01-12,XAU,0.0329776652742558
2027-01-12,COPPER,0.03832155430929055
2027-01-12,WTI,-0.0016244515961296516
2027-01-12,BTC,-0.09492520738900573
2027-01-12,ETH,-0.0
2027-01-12,US10Y,0.027482410707707277
2027-01-12,CN10Y,0.0935745378898403
2027-01-13,000300.SH,-0.016929259932570107
2027-01-13,SPX,-0.03213439811167453
2027-01-13,HSI,-0.0
2027-01-13,N225,0.01604851727471847
2027-01-13,SX5E,0.05332523944455475
2027-01-13,000688.SH,0.06258601976316276
2027-01-13,SOX,-0.11765869151189443
2027-01-13,NDX,-0.06767570553267492
2027-01-13,XAU,0.02287678408467215
2027-01-13,COPPER,0.03567605017085089
2027-01-13,WTI,0.05498919264049397
2027-01-13,BTC,-0.09053781144920447
2027-01-13,ETH,-0.0
2027-01-13,US10Y,0.004262098043418551
2027-01-13,CN10Y,0.07517196511614763
2027-01-14,000300.SH,-0.015738504048149162
2027-01-14,SPX,-0.048457200239801615
2027-01-14,HSI,-0.0
2027-01-14,N225,0.015757334966614828
2027-01-14,SX5E,0.06409486239966632
2027-01-14,000688.SH,0.029286243693815838
2027-01-14,SOX,-0.06736965900909705
2027-01-14,NDX,-0.05479684448170414
2027-01-14,XAU,0.0036227341611896
2027-01-14,COPPER,0.03367663444960327
2027-01-14,WTI,0.025287512265533864
2027-01-14,BTC,-0.06971998820085173
2027-01-14,ETH,-0.0
2027-01-14,US10Y,0.02964558685542557
2027-01-14,CN10Y,0.054711287187756
2027-01-15,000300.SH,-0.027206229838083833
2027-01-15,SPX,-0.05536492118271798
2027-01-15,HSI,-0.0
2027-01-15,N225,-0.0006115780714577544
2027-01-15,SX5E,0.0491699207684229
2027-01-15,000688.SH,0.04932847070559638
2027-01-15,SOX,-0.043345004709192246
2027-01-15,NDX,-0.0615795097241424
2027-01-15,XAU,-0.0004072910561854354
2027-01-15,COPPER,0.03867678644858784
2027-01-15,WTI,0.04701682559219172
2027-01-15,BTC,-0.04609865689317039
2027-01-15,ETH,-0.0
2027-01-15,US10Y,0.02181920799176888
2027-01-15,CN10Y,0.028601979968381198
2027-01-18,000300.SH,-0.023428536022371042
2027-01-18,SPX,-0.04322805777773242
2027-01-18,HSI,-0.0
2027-01-18,N225,0.017173615505883196
2027-01-18,SX5E,0.04225994131852377
2027-01-18,000688.SH,0.05864510827226066
2027-01-18,SOX,-0.05949529466965228
2027-01-18,NDX,-0.07366525138760582
2027-01-18,XAU,0.008315221144799483
2027-01-18,COPPER,0.008554351209562903
2027-01-18,WTI,-0.0032254317654707154
2027-01-18,BTC,0.023438764855343762
2027-01-18,ETH,-0.0
2027-01-18,US10Y,-0.005897904872380085
2027-01-18,CN10Y,0.05055347418883908
2027-01-19,000300.SH,-0.050039635979870524
2027-01-19,SPX,-0.0100309670580093
2027-01-19,HSI,-0.0
2027-01-19,N225,0.04572174577279848
2027-01-19,SX5E,0.0336789892663967
2027-01-19,000688.SH,-0.03766621996095736
2027-01-19,SOX,0.00738906199108344
2027-01-19,NDX,-0.11173976483060484
2027-01-19,XAU,-0.006867979795850123
2027-01-19,COPPER,0.041850194979153876
2027-01-19,WTI,-0.04930215495790493
2027-01-19,BTC,0.09655821242148775
2027-01-19,ETH,-0.0
2027-01-19,US10Y,-0.001833139261646086
2027-01-19,CN10Y,0.04228165741392256
2027-01-20,000300.SH,-0.046045820148899394
2027-01-20,SPX,-0.006468889660130284
2027-01-20,HSI,-0.0
2027-01-20,N225,0.027736367930432406
2027-01-20,SX5E,0.014580797471381175
2027-01-20,000688.SH,-0.010680675953533982
2027-01-20,SOX,0.05082622347909863
2027-01-20,NDX,-0.10212810810505549
2027-01-20,XAU,-0.0001190641795334943
2027-01-20,COPPER,0.03805897056522622
2027-01-20,WTI,-0.1071934898257996
2027-01-20,BTC,0.1333458985222759
2027-01-20,ETH,-0.0
2027-01-20,US10Y,-0.013865095104283135
2027-01-20,CN10Y,0.021952885008820276
2027-01-21,000300.SH,-0.03319059400418884
2027-01-21,SPX,-0.004677227690625833
2027-01-21,HSI,-0.0
2027-01-21,N225,0.007640640332268932
2027-01-21,SX5E,0.03619940591131478
2027-01-21,000688.SH,-0.03297772396656547
2027-01-21,SOX,0.04477554039310722
2027-01-21,NDX,-0.09819054753415392
2027-01-21,XAU,-0.0007583783921725259
2027-01-21,COPPER,0.06840136257729529
2027-01-21,WTI,-0.09774565541868971
2027-01-21,BTC,0.133475139659631
2027-01-21,ETH,-0.0
2027-01-21,US10Y,-0.04480772196132855
2027-01-21,CN10Y,0.021855760094108424
2027-01-22,000300.SH,-0.050516437884216184
2027-01-22,SPX,0.003173567593222841
2027-01-22,HSI,-0.0
2027-01-22,N225,0.011875250942325472
2027-01-22,SX5E,0.05161479324765638
2027-01-22,000688.SH,-0.01575633343264917
2027-01-22,SOX,0.04950052526307108
2027-01-22,NDX,-0.1022454921159821
2027-01-22,XAU,0.01524381044675951
2027-01-22,COPPER,0.07207068570239415
2027-01-22,WTI,-0.1736843807745318
2027-01-22,BTC,0.1570478637901128
2027-01-22,ETH,-0.0
2027-01-22,US10Y,-0.030804804896565625
2027-01-22,CN10Y,0.01248095211840473
2027-01-25,000300.SH,-0.07042180716611793
2027-01-25,SPX,-0.013514316535979388
2027-01-25,HSI,-0.0
2027-01-25,N225,0.025790407554426284
2027-01-25,SX5E,0.0661717245031522
2027-01-25,000688.SH,-0.024635124436519065
2027-01-25,SOX,0.040131978322854936
2027-01-25,NDX,-0.08956158547364053
2027-01-25,XAU,0.022925382180570775
2027-01-25,COPPER,0.06058071416501212
2027-01-25,WTI,-0.14056038742603344
2027-01-25,BTC,0.1557954490752732
2027-01-25,ETH,-0.0
2027-01-25,US10Y,-0.037777519520246806
2027-01-25,CN10Y,0.0050750847572498745
2027-01-26,000300.SH,-0.08851464086647977
2027-01-26,SPX,0.0024210880798007112
2027-01-26,HSI,-0.0
2027-01-26,N225,0.027794755236436642
2027-01-26,SX5E,0.05129581670756981
2027-01-26,000688.SH,-0.04319806056197758
2027-01-26,SOX,0.04388683935269363
2027-01-26,NDX,-0.09035954120664057
2027-01-26,XAU,0.022798349349684464
2027-01-26,COPPER,0.06319894095090843
2027-01-26,WTI,-0.15710409486916105
2027-01-26,BTC,0.20522405739802713
2027-01-26,ETH,-0.0
2027-01-26,US10Y,-0.01277647964183791
2027-01-26,CN10Y,-0.024667029929021207
2027-01-27,000300.SH,-0.09080315645922371
2027-01-27,SPX,0.026353160356248323
2027-01-27,HSI,-0.0
2027-01-27,N225,0.061126563624063976
2027-01-27,SX5E,0.03782119877989088
2027-01-27,000688.SH,-0.03865915146820381
2027-01-27,SOX,-0.012916083170025034
2027-01-27,NDX,-0.042006502742077144
2027-01-27,XAU,0.03826546427697343
2027-01-27,COPPER,0.06423098070254173
2027-01-27,WTI,-0.1262004816491072
2027-01-27,BTC,0.13497088489775083
2027-01-27,ETH,-0.0
2027-01-27,US10Y,-0.010361501801193182
2027-01-27,CN10Y,-0.04182137534763807
2027-01-28,000300.SH,-0.09605322163880387
2027-01-28,SPX,0.02743541268612704
2027-01-28,HSI,-0.0
2027-01-28,N225,0.011814898877805933
2027-01-28,SX5E,0.03508183993690777
2027-01-28,000688.SH,-0.04259022713562836
2027-01-28,SOX,-0.03245035943145078
2027-01-28,NDX,-0.057255954788489896
2027-01-28,XAU,0.05722618902715689
2027-01-28,COPPER,0.10855391649609566
2027-01-28,WTI,-0.048747496713433786
2027-01-28,BTC,0.10087467653990385
2027-01-28,ETH,-0.0
2027-01-28,US10Y,-0.014732384900044459
2027-01-28,CN10Y,-0.04915728895614333
2027-01-29,000300.SH,-0.06736943575444918
2027-01-29,SPX,-0.00802610172376416
2027-01-29,HSI,-0.0
2027-01-29,N225,0.00764454102048343
2027-01-29,SX5E,0.03924710660269265
2027-01-29,000688.SH,-0.03495004900638045
2027-01-29,SOX,0.01939955347283659
2027-01-29,NDX,-0.09379592022456727
2027-01-29,XAU,0.05711040213699747
2027-01-29,COPPER,0.13285232143086295
2027-01-29,WTI,-0.03007245031251487
2027-01-29,BTC,0.06765915033345618
2027-01-29,ETH,-0.0
2027-01-29,US10Y,-0.03916129795060929
2027-01-29,CN10Y,-0.0505378200250427
2027-02-01,000300.SH,-0.03883787096590534
2027-02-01,SPX,-0.0019802750198443385
2027-02-01,HSI,-0.0
2027-02-01,N225,-0.027094329797940582
2027-02-01,SX5E,0.03697909233893498
2027-02-01,000688.SH,-0.046174260658697154
2027-02-01,SOX,-0.017480967456356664
2027-02-01,NDX,-0.06598208710719629
2027-02-01,XAU,0.03504767255828424
2027-02-01,COPPER,0.15401251483741563
2027-02-01,WTI,-0.03249395060602568
2027-02-01,BTC,0.1086139257840338
2027-02-01,ETH,-0.0
2027-02-01,US10Y,-0.05390588757940894
2027-02-01,CN10Y,-0.05070357632729341
2027-02-02,000300.SH,-0.048234111524007806
2027-02-02,SPX,0.011926679921390548
2027-02-02,HSI,-0.0
2027-02-02,N225,-0.0004239792368731319
2027-02-02,SX5E,0.02642063677565622
2027-02-02,000688.SH,-0.04840594695660729
2027-02-02,SOX,-0.049436145721112046
2027-02-02,NDX,-0.0601611244090725
2027-02-02,XAU,0.04464805099754059
2027-02-02,COPPER,0.15993930889759056
2027-02-02,WTI,-0.0505989171480377
2027-02-02,BTC,0.11107520619568259
2027-02-02,ETH,-0.0
2027-02-02,US10Y,-0.04201024527812796
2027-02-02,CN10Y,-0.05473941251402265
2027-02-03,000300.SH,-0.0907860512070107
2027-02-03,SPX,0.03206248421736656
2027-02-03,HSI,-0.0
2027-02-03,N225,0.0008201590917517147
2027-02-03,SX5E,0.019021104974843342
2027-02-03,000688.SH,-0.03958756305473892
2027-02-03,SOX,-0.04363961307654133
2027-02-03,NDX,-0.05016715728728831
2027-02-03,XAU,0.026509563117663955
2027-02-03,COPPER,0.1427114890377399
2027-02-03,WTI,-0.017741707427393096
2027-02-03,BTC,0.15143500164175577
2027-02-03,ETH,-0.0
2027-02-03,US10Y,-0.07130444059221877
2027-02-03,CN10Y,-0.05933326943593051
2027-02-04,000300.SH,-0.12751077296938504
2027-02-04,SPX,0.05062976142083088
2027-02-04,HSI,-0.0
2027-02-04,N225,0.015269785659185572
2027-02-04,SX5E,0.006308090472375054
2027-02-04,000688.SH,-0.05818179400369792
2027-02-04,SOX,-0.0007207833234107869
2027-02-04,NDX,0.017140662659947074
2027-02-04,XAU,0.012972759334181235
2027-02-04,COPPER,0.15354839582997162
2027-02-04,WTI,-0.047858276010184914
2027-02-04,BTC,0.11098275383129699
2027-02-04,ETH,-0.0
2027-02-04,US10Y,-0.07209558355988939
2027-02-04,CN10Y,-0.06048499934122047
2027-02-05,000300.SH,-0.12921973009105464
2027-02-05,SPX,0.05670995901941132
2027-02-05,HSI,-0.0
2027-02-05,N225,0.05215535509717821
2027-02-05,SX5E,0.018534294599303155
2027-02-05,000688.SH,-0.05837268822438058
2027-02-05,SOX,0.008421278944915428
2027-02-05,NDX,0.012567485680165314
2027-02-05,XAU,0.00805508791470258
2027-02-05,COPPER,0.14547370850278923
2027-02-05,WTI,-0.08393629214171922
2027-02-05,BTC,0.12780441860296057
2027-02-05,ETH,-0.0
2027-02-05,US10Y,-0.08134746345545679
2027-02-05,CN10Y,-0.07684541444881449
2027-02-08,000300.SH,-0.1430598703503158
2027-02-08,SPX,0.02630785212809405
2027-02-08,HSI,-0.0
2027-02-08,N225,0.04324826561376419
2027-02-08,SX5E,0.04005059672040783
2027-02-08,000688.SH,-0.05901367029654194
2027-02-08,SOX,-0.02695091125812564
2027-02-08,NDX,0.04937003563509
2027-02-08,XAU,0.009254485754830023
2027-02-08,COPPER,0.20201741169575552
2027-02-08,WTI,-0.044662095133503166
2027-02-08,BTC,0.07555122328836948
2027-02-08,ETH,-0.0
2027-02-08,US10Y,-0.09383345964543492
2027-02-08,CN10Y,-0.07827986415238991
2027-02-09,000300.SH,-0.11472961593075798
2027-02-09,SPX,0.027453710251418878
2027-02-09,HSI,-0.0
2027-02-09,N225,0.041442423321877475
2027-02-09,SX5E,0.043556237114843195
2027-02-09,000688.SH,-0.055920218860284684
2027-02-09,SOX,-0.07531994437185949
2027-02-09,NDX,0.047016159770066984
2027-02-09,XAU,-0.013766039951452962
2027-02-09,COPPER,0.16480404472702087
2027-02-09,WTI,-0.023027181819996703
2027-02-09,BTC,0.12369613236815188
2027-02-09,ETH,-0.0
2027-02-09,US10Y,-0.09539221574303301
2027-02-09,CN10Y,-0.06981349087599469
2027-02-10,000300.SH,-0.09102490492964842
2027-02-10,SPX,0.02973600521166332
2027-02-10,HSI,-0.0
2027-02-10,N225,0.06176540355319199
2027-02-10,SX5E,0.05133124571096757
2027-02-10,000688.SH,-0.08029554481050893
2027-02-10,SOX,-0.10943892967537405
2027-02-10,NDX,0.027473208957184313
2027-02-10,XAU,0.010360013085646673
2027-02-10,COPPER,0.16847490842689564
2027-02-10,WTI,-0.10345742879816561
2027-02-10,BTC,0.16082922951265038
2027-02-10,ETH,-0.0
2027-02-10,US10Y,-0.0663161892888641
2027-02-10,CN10Y,-0.05943701695563932
2027-02-11,000300.SH,-0.0842779297142091
2027-02-11,SPX,0.04282498111661665
2027-02-11,HSI,-0.0
2027-02-11,N225,0.058932901336929924
2027-02-11,SX5E,0.05731380305252626
2027-02-11,000688.SH,-0.06633770057897584
2027-02-11,SOX,-0.14275663252312348
2027-02-11,NDX,0.0197202416111677
2027-02-11,XAU,0.012521441607716776
2027-02-11,COPPER,0.16508419592325427
2027-02-11,WTI,-0.12055595210954388
2027-02-11,BTC,0.1875333523213823
2027-02-11,ETH,-0.0
2027-02-11,US10Y,-0.06335775182100788
2027-02-11,CN10Y,-0.06664495022273471
2027-02-12,000300.SH,-0.0706096119647304
2027-02-12,SPX,0.05172759134645982
2027-02-12,HSI,-0.0
2027-02-12,N225,0.08682410258960511
2027-02-12,SX5E,0.06333901185011623
2027-02-12,000688.SH,-0.06486057004885465
2027-02-12,SOX,-0.15892867162780444
2027-02-12,NDX,0.01014051152694969
2027-02-12,XAU,-0.011329581728103486
2027-02-12,COPPER,0.15255021665111976
2027-02-12,WTI,-0.10575517569430193
2027-02-12,BTC,0.16640541168697
2027-02-12,ETH,-0.0
2027-02-12,US10Y,-0.07672540498248524
2027-02-12,CN10Y,-0.042777829604939796
2027-02-15,000300.SH,-0.06937960817064384
2027-02-15,SPX,0.028447971267991243
2027-02-15,HSI,-0.0
2027-02-15,N225,0.09901083154614945
2027-02-15,SX5E,0.07615767855949096
2027-02-15,000688.SH,-0.06945645586167136
2027-02-15,SOX,-0.17298297335727925
2027-02-15,NDX,0.006255161457650692
2027-02-15,XAU,-0.01805042611918224
2027-02-15,COPPER,0.17789868772977255
2027-02-15,WTI,-0.03577163309297284
2027-02-15,BTC,0.10478493781132805
2027-02-15,ETH,-0.0
2027-02-15,US10Y,-0.059939328872816375
2027-02-15,CN10Y,-0.06697484289781873
2027-02-16,000300.SH,-0.06246884894864267
2027-02-16,SPX,0.01976884869720292
2027-02-16,HSI,-0.0
2027-02-16,N225,0.08973252552563082
2027-02-16,SX5E,0.07695149733477438
2027-02-16,000688.SH,-0.019294162576364828
2027-02-16,SOX,-0.14921451216654538
2027-02-16,NDX,0.04757087976994487
2027-02-16,XAU,-0.019720682486156858
2027-02-16,COPPER,0.11025824037449561
2027-02-16,WTI,-0.014728866835675007
2027-02-16,BTC,0.04986644229577607
2027-02-16,ETH,-0.0
2027-02-16,US10Y,-0.07062828834693445
2027-02-16,CN10Y,-0.05809307263750598
2027-02-17,000300.SH,-0.0658739282920856
2027-02-17,SPX,0.037731345954116376
2027-02-17,HSI,-0.0
2027-02-17,N225,0.11519915420478011
2027-02-17,SX5E,0.07072745811076378
2027-02-17,000688.SH,0.018648269614550933
2027-02-17,SOX,-0.20358350177304602
2027-02-17,NDX,0.030205759805142323
2027-02-17,XAU,-0.03658687046825346
2027-02-17,COPPER,0.08595607599115403
2027-02-17,WTI,-0.006920366068502326
2027-02-17,BTC,0.09377890841489718
2027-02-17,ETH,-0.0
2027-02-17,US10Y,-0.07697713932248765
2027-02-17,CN10Y,-0.06230516617103055
2027-02-18,000300.SH,-0.06297575287048418
2027-02-18,SPX,0.04234824809455874
2027-02-18,HSI,-0.0
2027-02-18,N225,0.13622634923623944
2027-02-18,SX5E,0.05553569989792368
2027-02-18,000688.SH,0.02282536846063475
2027-02-18,SOX,-0.22364647645292302
2027-02-18,NDX,0.07744134341684664
2027-02-18,XAU,-0.030113479843100636
2027-02-18,COPPER,0.07752349976716842
2027-02-18,WTI,-0.027754123056894148
2027-02-18,BTC,0.0643747999399086
2027-02-18,ETH,-0.0
2027-02-18,US10Y,-0.057999907225593325
2027-02-18,CN10Y,-0.07378556936428517
2027-02-19,000300.SH,-0.06249915991767496
2027-02-19,SPX,0.03649497333474404
2027-02-19,HSI,-0.0
2027-02-19,N225,0.1207578391006499
2027-02-19,SX5E,0.05709163877328568
2027-02-19,000688.SH,0.03933962525934041
2027-02-19,SOX,-0.2481714825142594
2027-02-19,NDX,0.07750462318272351
2027-02-19,XAU,-0.0129834315236015
2027-02-19,COPPER,0.04350115308714016
2027-02-19,WTI,0.015119132031901458
2027-02-19,BTC,0.06611630101510482
2027-02-19,ETH,-0.0
2027-02-19,US10Y,-0.07237445430066243
2027-02-19,CN10Y,-0.05989675752869087
2027-02-22,000300.SH,-0.049810246707307604
2027-02-22,SPX,0.05798378148145646
2027-02-22,HSI,-0.0
2027-02-22,N225,0.11883862285931196
2027-02-22,SX5E,0.04997908768261051
2027-02-22,000688.SH,0.05700774912515107
2027-02-22,SOX,-0.25748474537331933
2027-02-22,NDX,0.07643866581268743
2027-02-22,XAU,-0.009757301570960357
2027-02-22,COPPER,0.04281559738239449
2027-02-22,WTI,-0.003908733447812722
2027-02-22,BTC,0.03945602755959064
2027-02-22,ETH,-0.0
2027-02-22,US10Y,-0.06759865176929931
2027-02-22,CN10Y,-0.05395985303450231
2027-02-23,000300.SH,-0.04001139116664217
2027-02-23,SPX,0.07830742372242236
2027-02-23,HSI,-0.0
2027-02-23,N225,0.13305954817050558
2027-02-23,SX5E,0.07598607159045212
2027-02-23,000688.SH,0.05528538593022692
2027-02-23,SOX,-0.28336814432574364
2027-02-23,NDX,0.0853164706889475
2027-02-23,XAU,-0.030296989565242686
2027-02-23,COPPER,0.013861809763739394
2027-02-23,WTI,0.05141295229957611
2027-02-23,BTC,-0.027049591789010993
2027-02-23,ETH,-0.0
2027-02-23,US10Y,-0.06692050203811127
2027-02-23,CN10Y,-0.045583043281119215
2027-02-24,000300.SH,-0.012515351468005184
2027-02-24,SPX,0.01563758624424884
2027-02-24,HSI,-0.0
2027-02-24,N225,0.12700140909337657
2027-02-24,SX5E,0.06504454903403198
2027-02-24,000688.SH,0.054415961942381595
2027-02-24,SOX,-0.2304045805996545
2027-02-24,NDX,0.058617082283714546
2027-02-24,XAU,-0.045593187328787914
2027-02-24,COPPER,-0.002206114739250623
2027-02-24,WTI,0.058789771308223604
2027-02-24,BTC,0.02606296487562478
2027-02-24,ETH,-0.0
2027-02-24,US10Y,-0.07225825815992455
2027-02-24,CN10Y,-0.04259183248597702
2027-02-25,000300.SH,-0.002203078126614369
2027-02-25,SPX,0.025402538924990274
2027-02-25,HSI,-0.0
2027-02-25,N225,0.15397617635341082
2027-02-25,SX5E,0.04590492328048994
2027-02-25,000688.SH,0.04913143496460797
2027-02-25,SOX,-0.22616919042465897
2027-02-25,NDX,0.07184719341979659
2027-02-25,XAU,-0.05701955200673386
2027-02-25,COPPER,-0.032845587825452625
2027-02-25,WTI,-0.021904081985674576
2027-02-25,BTC,0.09054390682209239
2027-02-25,ETH,-0.0
2027-02-25,US10Y,-0.04883665856132402
2027-02-25,CN10Y,-0.047828024834929234
2027-02-26,000300.SH,-0.031397458172658335
2027-02-26,SPX,0.06858917059966396
2027-02-26,HSI,-0.0
2027-02-26,N225,0.157047300888801
2027-02-26,SX5E,0.040716370328050165
2027-02-26,000688.SH,0.06320216330304267
2027-02-26,SOX,-0.24436356502199472
2027-02-26,NDX,0.09597816996762054
2027-02-26,XAU,-0.05398412195073911
2027-02-26,COPPER,-0.04684901029784713
2027-02-26,WTI,-0.06974542305435326
2027-02-26,BTC,0.1272715604352966
2027-02-26,ETH,-0.0
2027-02-26,US10Y,-0.051397421055030285
2027-02-26,CN10Y,-0.05506773596985077
2027-03-01,000300.SH,-0.05279498338026391
2027-03-01,SPX,0.06620239948879904
2027-03-01,HSI,-0.0
2027-03-01,N225,0.15941964243741705
2027-03-01,SX5E,0.025330436836479342
2027-03-01,000688.SH,0.09279103763752775
2027-03-01,SOX,-0.21262116258167815
2027-03-01,NDX,0.09576963046321779
2027-03-01,XAU,-0.029846452847324827
2027-03-01,COPPER,-0.07380956792993268
2027-03-01,WTI,-0.010995940865635573
2027-03-01,BTC,0.01759094724819256
2027-03-01,ETH,-0.0
2027-03-01,US10Y,-0.028708574183619523
2027-03-01,CN10Y,-0.04832741232317844
2027-03-02,000300.SH,-0.02854985145093922
2027-03-02,SPX,0.06861604871094057
2027-03-02,HSI,-0.0
2027-03-02,N225,0.12513367003543197
2027-03-02,SX5E,0.012447209935576728
2027-03-02,000688.SH,0.0825010984472496
2027-03-02,SOX,-0.17877915330213112
2027-03-02,NDX,0.10452799013706802
2027-03-02,XAU,-0.02252697466259594
2027-03-02,COPPER,-0.06961066203994672
2027-03-02,WTI,-0.03982330641435115
2027-03-02,BTC,0.049304673847923024
2027-03-02,ETH,-0.0
2027-03-02,US10Y,-0.05158062987588428
2027-03-02,CN10Y,-0.05166011336833899
2027-03-03,000300.SH,0.014375004388528618
2027-03-03,SPX,0.0868494651920236
2027-03-03,HSI,-0.0
2027-03-03,N225,0.12741120531984146
2027-03-03,SX5E,0.028883363596454957
2027-03-03,000688.SH,0.07405065090896826
2027-03-03,SOX,-0.18785060918167618
2027-03-03,NDX,0.09491636547825448
2027-03-03,XAU,0.0033476639364305727
2027-03-03,COPPER,-0.05912036968632608
2027-03-03,WTI,-0.07881928721929723
2027-03-03,BTC,-0.030823871718975687
2027-03-03,ETH,-0.0
2027-03-03,US10Y,-0.04709640002833109
2027-03-03,CN10Y,-0.026123180985893984
2027-03-04,000300.SH,0.01947142175888356
2027-03-04,SPX,0.052792381588704584
2027-03-04,HSI,-0.0
2027-03-04,N225,0.1247540703194879
2027-03-04,SX5E,0.01580883790598886
2027-03-04,000688.SH,0.0757888782694632
2027-03-04,SOX,-0.2106231077164148
2027-03-04,NDX,0.07726920097319014
2027-03-04,XAU,-0.0040966229790250636
2027-03-04,COPPER,-0.053659482484931034
2027-03-04,WTI,-0.09957550922249568
2027-03-04,BTC,0.037603211419416804
2027-03-04,ETH,-0.0
2027-03-04,US10Y,-0.020084898010244538
2027-03-04,CN10Y,-0.015448381822023087
2027-03-05,000300.SH,0.02483588955161393
2027-03-05,SPX,0.04295386974944432
2027-03-05,HSI,-0.0
2027-03-05,N225,0.08527278934381945
2027-03-05,SX5E,-0.0018289829919891608
2027-03-05,000688.SH,0.0719889800678444
2027-03-05,SOX,-0.22928294175204939
2027-03-05,NDX,0.09819195420125414
2027-03-05,XAU,-0.003587430270784938
2027-03-05,COPPER,-0.055547920304108406
2027-03-05,WTI,-0.04207679378524932
2027-03-05,BTC,0.012001730161241512
2027-03-05,ETH,-0.0
2027-03-05,US10Y,-0.010642159049565447
2027-03-05,CN10Y,0.007721015078530382
2027-03-08,000300.SH,0.03116616161967235
2027-03-08,SPX,0.07467253742153979
2027-03-08,HSI,-0.0
2027-03-08,N225,0.11041419481800732
2027-03-08,SX5E,-0.016254802842003185
2027-03-08,000688.SH,0.0727246928807819
2027-03-08,SOX,-0.1664911605092784
2027-03-08,NDX,0.06522643958913138
2027-03-08,XAU,0.021782487631747015
2027-03-08,COPPER,-0.06626670536087897
2027-03-08,WTI,-0.1911828647162726
2027-03-08,BTC,0.09235347731382411
2027-03-08,ETH,-0.0
2027-03-08,US10Y,-0.018079956813713605
2027-03-08,CN10Y,-0.010064501032555174
2027-03-09,000300.SH,0.018311129375673377
2027-03-09,SPX,0.061219439825463184
2027-03-09,HSI,-0.0
2027-03-09,N225,0.11448114452031918
2027-03-09,SX5E,-0.026073499529222086
2027-03-09,000688.SH,0.10406476275582524
2027-03-09,SOX,-0.15726123011939944
2027-03-09,NDX,0.1059811201451488
2027-03-09,XAU,0.04072780162935341
2027-03-09,COPPER,-0.07509724260191743
2027-03-09,WTI,-0.1879326137121952
2027-03-09,BTC,0.03871609462105993
2027-03-09,ETH,-0.0
2027-03-09,US10Y,-0.034735726414721446
2027-03-09,CN10Y,-0.002401180495385201
2027-03-10,000300.SH,0.013998640293676368
2027-03-10,SPX,0.05770224166180513
2027-03-10,HSI,-0.0
2027-03-10,N225,0.10713727447694622
2027-03-10,SX5E,-0.022829680268668783
2027-03-10,000688.SH,0.13326818642005767
2027-03-10,SOX,-0.14350800930720706
2027-03-10,NDX,0.11095471132898896
2027-03-10,XAU,0.021571195108682224
2027-03-10,COPPER,-0.08863919287910907
2027-03-10,WTI,-0.1769595855604228
2027-03-10,BTC,0.04331055391988746
2027-03-10,ETH,-0.0
2027-03-10,US10Y,-0.03476157058250756
2027-03-10,CN10Y,-0.02124476461212642
2027-03-11,000300.SH,0.006556717501886111
2027-03-11,SPX,0.05719963905903336
2027-03-11,HSI,-0.0
2027-03-11,N225,0.12545423326241778
2027-03-11,SX5E,-0.008333123664942065
2027-03-11,000688.SH,0.12305132788353057
2027-03-11,SOX,-0.14439851615426808
2027-03-11,NDX,0.10103711502711436
2027-03-11,XAU,0.0009464486984928598
2027-03-11,COPPER,-0.09098749035378728
2027-03-11,WTI,-0.09502679897339379
2027-03-11,BTC,-0.04057257961765707
2027-03-11,ETH,-0.0
2027-03-11,US10Y,-0.024471809997405156
2027-03-11,CN10Y,-0.010455162671018719
2027-03-12,000300.SH,0.032961316807597445
2027-03-12,SPX,0.06358472306080577
2027-03-12,HSI,-0.0
2027-03-12,N225,0.10305862967932915
2027-03-12,SX5E,0.0024684301781844158
2027-03-12,000688.SH,0.08490025889541139
2027-03-12,SOX,-0.12320457161716271
2027-03-12,NDX,0.12114497469175127
2027-03-12,XAU,0.017882580530336468
2027-03-12,COPPER,-0.09337705397472257
2027-03-12,WTI,-0.1124148274244027
2027-03-12,BTC,-0.059929419956627206
2027-03-12,ETH,-0.0
2027-03-12,US10Y,-0.01462663411914248
2027-03-12,CN10Y,-0.022448406751355482
2027-03-15,000300.SH,0.03624174666845787
2027-03-15,SPX,0.09478227025159358
2027-03-15,HSI,-0.0
2027-03-15,N225,0.0973878451150417
2027-03-15,SX5E,-0.061415514644191746
2027-03-15,000688.SH,0.04682750594156704
2027-03-15,SOX,-0.06836848828245518
2027-03-15,NDX,0.12250641706987969
2027-03-15,XAU,0.028447108121262048
2027-03-15,COPPER,-0.08526416664228925
2027-03-15,WTI,-0.10851263878231476
2027-03-15,BTC,-0.08156675111349415
2027-03-15,ETH,-0.0
2027-03-15,US10Y,-0.03088467845658364
2027-03-15,CN10Y,0.009819344753530461
2027-03-16,000300.SH,0.05513475772276766
2027-03-16,SPX,0.07908525942628376
2027-03-16,HSI,-0.0
2027-03-16,N225,0.09057705747990702
2027-03-16,SX5E,-0.07052937755430622
2027-03-16,000688.SH,0.025292580922364628
2027-03-16,SOX,-0.08246399165584019
2027-03-16,NDX,0.10267181539670803
2027-03-16,XAU,0.061099157047760075
2027-03-16,COPPER,-0.0488390356746991
2027-03-16,WTI,-0.08752612994893755
2027-03-16,BTC,-0.10854115162790526
2027-03-16,ETH,-0.0
2027-03-16,US10Y,-0.019625419776612314
2027-03-16,CN10Y,0.003664478242513816
2027-03-17,000300.SH,0.05873862981415694
2027-03-17,SPX,0.05629054301006807
2027-03-17,HSI,-0.0
2027-03-17,N225,0.08284246040187546
2027-03-17,SX5E,-0.0645409307808929
2027-03-17,000688.SH,-0.015059887600587055
2027-03-17,SOX,-0.03401942838123798
2027-03-17,NDX,0.11360134341518588
2027-03-17,XAU,0.055887117192141365
2027-03-17,COPPER,-0.05229690761630362
2027-03-17,WTI,-0.00922102492928259
2027-03-17,BTC,-0.19017133274145312
2027-03-17,ETH,-0.0
2027-03-17,US10Y,0.002862274042201374
2027-03-17,CN10Y,-0.004912855825866886
2027-03-18,000300.SH,0.06564405107798058
2027-03-18,SPX,0.03598337136697047
2027-03-18,HSI,-0.0
2027-03-18,N225,0.09465531016308835
2027-03-18,SX5E,-0.04321136438114144
2027-03-18,000688.SH,-0.04657007874554253
2027-03-18,SOX,0.02125924474706504
2027-03-18,NDX,0.05731935606320389
2027-03-18,XAU,0.04684771029450529
2027-03-18,COPPER,-0.06452884755999119
2027-03-18,WTI,0.0008330103772862937
2027-03-18,BTC,-0.1954019729130305
2027-03-18,ETH,-0.0
2027-03-18,US10Y,0.00310601272811023
2027-03-18,CN10Y,0.024064196781498494
2027-03-19,000300.SH,0.06833792218245856
2027-03-19,SPX,0.044117192769342825
2027-03-19,HSI,-0.0
2027-03-19,N225,0.07455294986974524
2027-03-19,SX5E,-0.05041599478658437
2027-03-19,000688.SH,-0.07642102474988743
2027-03-19,SOX,-0.0032319887477964757
2027-03-19,NDX,0.06714405347964139
2027-03-19,XAU,0.05041878252484393
2027-03-19,COPPER,-0.034327823877424876
2027-03-19,WTI,-0.018025657280186885
2027-03-19,BTC,-0.15728011786092366
2027-03-19,ETH,-0.0
2027-03-19,US10Y,0.010759558853924394
2027-03-19,CN10Y,0.024372147622848842
2027-03-22,000300.SH,0.08516460334533085
2027-03-22,SPX,0.025351621667120454
2027-03-22,HSI,-0.0
2027-03-22,N225,0.10568012303835923
2027-03-22,SX5E,-0.06338802680759623
2027-03-22,000688.SH,-0.08661659973200761
2027-03-22,SOX,0.03669994390272577
2027-03-22,NDX,0.08118172064621135
2027-03-22,XAU,0.029038526793712355
2027-03-22,COPPER,-0.04008152159224739
2027-03-22,WTI,-0.0018779875533889677
2027-03-22,BTC,-0.21017311057044286
2027-03-22,ETH,-0.0
2027-03-22,US10Y,0.010310409384067791
2027-03-22,CN10Y,0.02871029747815719
2027-03-23,000300.SH,0.08396436843630328
2027-03-23,SPX,-0.015232909965772527
2027-03-23,HSI,-0.0
2027-03-23,N225,0.059116734081714334
2027-03-23,SX5E,-0.05937840552718586
2027-03-23,000688.SH,-0.08623444997551069
2027-03-23,SOX,0.07530193482835948
2027-03-23,NDX,0.04917947041553293
2027-03-23,XAU,0.03885532995653453
2027-03-23,COPPER,-0.013121200964040052
2027-03-23,WTI,0.004816841003200043
2027-03-23,BTC,-0.18307728798799625
2027-03-23,ETH,-0.0
2027-03-23,US10Y,0.00699490278431549
2027-03-23,CN10Y,0.038814672914547384
2027-03-24,000300.SH,0.037356802550830404
2027-03-24,SPX,0.011298140684345516
2027-03-24,HSI,-0.0
2027-03-24,N225,0.0530011778179581
2027-03-24,SX5E,-0.030720954221335642
2027-03-24,000688.SH,-0.10472929156708757
2027-03-24,SOX,0.05894449643340393
2027-03-24,NDX,0.04973592016298126
2027-03-24,XAU,0.03208587603335252
2027-03-24,COPPER,-0.011639517645526726
2027-03-24,WTI,0.005913337383605985
2027-03-24,BTC,-0.1634577280307654
2027-03-24,ETH,-0.0
2027-03-24,US10Y,0.022201333253436643
2027-03-24,CN10Y,0.04001040714480187
2027-03-25,000300.SH,0.014458719206154502
2027-03-25,SPX,0.00504731748309892
2027-03-25,HSI,-0.0
2027-03-25,N225,0.04593068845884954
2027-03-25,SX5E,-0.03814703324533462
2027-03-25,000688.SH,-0.09245617894154834
2027-03-25,SOX,0.046263041822245166
2027-03-25,NDX,0.04262856276441192
2027-03-25,XAU,0.03661129044632709
2027-03-25,COPPER,-0.014139723747030807
2027-03-25,WTI,0.052740346188253344
2027-03-25,BTC,-0.17492478070748368
2027-03-25,ETH,-0.0
2027-03-25,US10Y,0.020195126347783803
2027-03-25,CN10Y,0.05579262392427702
2027-03-26,000300.SH,0.012725870990449658
2027-03-26,SPX,-0.010351413961139398
2027-03-26,HSI,-0.0
2027-03-26,N225,0.036846778159643725
2027-03-26,SX5E,-0.03997238639824719
2027-03-26,000688.SH,-0.1032059227787777
2027-03-26,SOX,0.03681387235732729
2027-03-26,NDX,0.03796410354349053
2027-03-26,XAU,0.04203397572882195
2027-03-26,COPPER,0.005821772549549958
2027-03-26,WTI,0.13383685242803678
2027-03-26,BTC,-0.19786180742264148
2027-03-26,ETH,-0.0
2027-03-26,US10Y,0.009818487213324591
2027-03-26,CN10Y,0.035529817590166324
2027-03-29,000300.SH,0.024644641002674633
2027-03-29,SPX,-0.003191047141242199
2027-03-29,HSI,-0.0
2027-03-29,N225,0.03619504334197108
2027-03-29,SX5E,-0.03985157466785458
2027-03-29,000688.SH,-0.14087278744450987
2027-03-29,SOX,0.05758501591943818
2027-03-29,NDX,0.04640819114728492
2027-03-29,XAU,0.04621965379100402
2027-03-29,COPPER,0.01735308712958196
2027-03-29,WTI,0.08595325796364839
2027-03-29,BTC,-0.1619313747816529
2027-03-29,ETH,-0.0
2027-03-29,US10Y,0.0018565438151656446
2027-03-29,CN10Y,0.029631349924496307
2027-03-30,000300.SH,0.0030473346507677275
2027-03-30,SPX,0.005824861074108315
2027-03-30,HSI,-0.0
2027-03-30,N225,0.05167545615879822
2027-03-30,SX5E,-0.023618706067952622
2027-03-30,000688.SH,-0.12781789402846427
2027-03-30,SOX,0.049649116063263624
2027-03-30,NDX,0.036060931102324466
2027-03-30,XAU,0.029582651697098568
2027-03-30,COPPER,0.010965260825292504
2027-03-30,WTI,0.13616569324831898
2027-03-30,BTC,-0.19680607476699838
2027-03-30,ETH,-0.0
2027-03-30,US10Y,-0.004215492188753424
2027-03-30,CN10Y,0.029486862232198967
2027-03-31,000300.SH,-0.011751437545478086
2027-03-31,SPX,-0.010497839211786042
2027-03-31,HSI,-0.0
2027-03-31,N225,0.01978205986653104
2027-03-31,SX5E,-0.015805603335210094
2027-03-31,000688.SH,-0.11666128184024444
2027-03-31,SOX,0.08285097538106492
2027-03-31,NDX,0.03206914325717476
2027-03-31,XAU,0.011801481539293517
2027-03-31,COPPER,0.03524499320454758
2027-03-31,WTI,0.08276989595516876
2027-03-31,BTC,-0.12708074234012345
2027-03-31,ETH,-0.0
2027-03-31,US10Y,0.0009234338730903843
2027-03-31,CN10Y,0.01635492119597464
2027-04-01,000300.SH,-0.017106536678572256
2027-04-01,SPX,0.023019220720645685
2027-04-01,HSI,-0.0
2027-04-01,N225,0.005103463714513512
2027-04-01,SX5E,-0.03611300007239484
2027-04-01,000688.SH,-0.13037189246320724
2027-04-01,SOX,0.06722200947335014
2027-04-01,NDX,0.027249621740022444
2027-04-01,XAU,0.02264733544429421
2027-04-01,COPPER,0.018879497078804718
2027-04-01,WTI,0.11790768386416343
2027-04-01,BTC,-0.10998531795750353
2027-04-01,ETH,-0.0
2027-04-01,US10Y,-0.006228383049162059
2027-04-01,CN10Y,0.01777629818505163
2027-04-02,000300.SH,-0.014531406235369498
2027-04-02,SPX,0.01641325387239667
2027-04-02,HSI,-0.0
2027-04-02,N225,0.02155655440858196
2027-04-02,SX5E,-0.009662119390690182
2027-04-02,000688.SH,-0.15173198587925096
2027-04-02,SOX,0.11198349509668876
2027-04-02,NDX,0.012606784734908172
2027-04-02,XAU,0.019928325361176932
2027-04-02,COPPER,0.006142821361107657
2027-04-02,WTI,0.0865849685769843
2027-04-02,BTC,-0.08127121729237777
2027-04-02,ETH,-0.0
2027-04-02,US10Y,-0.035137810628370555
2027-04-02,CN10Y,0.017118336014218114
2027-04-05,000300.SH,-0.005740866359545399
2027-04-05,SPX,-0.012313161445331865
2027-04-05,HSI,-0.0
2027-04-05,N225,-0.014584868872186083
2027-04-05,SX5E,-0.009422101628504258
2027-04-05,000688.SH,-0.12172622943011936
2027-04-05,SOX,0.08124552403797711
2027-04-05,NDX,0.020675228822231433
2027-04-05,XAU,-0.009093985022946251
2027-04-05,COPPER,0.010031785322364376
2027-04-05,WTI,0.19471408421119454
2027-04-05,BTC,-0.15561576336665647
2027-04-05,ETH,-0.0
2027-04-05,US10Y,-0.02795017197285825
2027-04-05,CN10Y,0.04978052570438496
2027-04-06,000300.SH,-0.022409294072396755
2027-04-06,SPX,-0.029404302120807104
2027-04-06,HSI,-0.0
2027-04-06,N225,-0.028235058663500696
2027-04-06,SX5E,0.016130386585658636
2027-04-06,000688.SH,-0.16296791653807932
2027-04-06,SOX,0.098185676328774
2027-04-06,NDX,-0.017345481617155326
2027-04-06,XAU,0.0033353579890900084
2027-04-06,COPPER,0.03608069993053334
2027-04-06,WTI,0.23728528871083618
2027-04-06,BTC,-0.1782297239168949
2027-04-06,ETH,-0.0
2027-04-06,US10Y,0.0041280374412773005
2027-04-06,CN10Y,0.04344632994266946
2027-04-07,000300.SH,-0.013739260962928535
2027-04-07,SPX,-0.04893068119673499
2027-04-07,HSI,-0.0
2027-04-07,N225,-0.0408931994367454
2027-04-07,SX5E,0.029813522522140184
2027-04-07,000688.SH,-0.18502967793138
2027-04-07,SOX,0.11583870583024587
2027-04-07,NDX,-0.03909201321799036
2027-04-07,XAU,0.023166555133241715
2027-04-07,COPPER,0.03913206084930288
2027-04-07,WTI,0.27971475992459927
2027-04-07,BTC,-0.20464965941385949
2027-04-07,ETH,-0.0
2027-04-07,US10Y,-0.021440613921297764
2027-04-07,CN10Y,0.06610950182141187
2027-04-08,000300.SH,-0.020542087819575835
2027-04-08,SPX,-0.04743079641345134
2027-04-08,HSI,-0.0
2027-04-08,N225,-0.03111847370912821
2027-04-08,SX5E,-0.00519060683923284
2027-04-08,000688.SH,-0.1534026406539447
2027-04-08,SOX,0.1590876614612888
2027-04-08,NDX,-0.010744521500983838
2027-04-08,XAU,0.032455150856716374
2027-04-08,COPPER,0.04344282557165366
2027-04-08,WTI,0.2367539361035101
2027-04-08,BTC,-0.19845145256683377
2027-04-08,ETH,-0.0
2027-04-08,US10Y,-0.05504039782521364
2027-04-08,CN10Y,0.05018140333520137
2027-04-09,000300.SH,-0.06553398013389877
2027-04-09,SPX,-0.05259377167845312
2027-04-09,HSI,-0.0
2027-04-09,N225,-0.03784915374597195
2027-04-09,SX5E,-0.02522137514873868
2027-04-09,000688.SH,-0.11983444877398308
2027-04-09,SOX,0.14191720934581983
2027-04-09,NDX,-0.03125390219711367
2027-04-09,XAU,0.038081886194594336
2027-04-09,COPPER,0.04955150379023114
2027-04-09,WTI,0.26196692073237093
2027-04-09,BTC,-0.15508942286850255
2027-04-09,ETH,-0.0
2027-04-09,US10Y,-0.05681709164518769
2027-04-09,CN10Y,0.052675626128838915
2027-04-12,000300.SH,-0.06960781950729138
2027-04-12,SPX,-0.08186080363511931
2027-04-12,HSI,-0.0
2027-04-12,N225,-0.03300045012180457
2027-04-12,SX5E,0.021414227880699837
2027-04-12,000688.SH,-0.08778650828466794
2027-04-12,SOX,0.11359707333266479
2027-04-12,NDX,-0.05368410425251614
2027-04-12,XAU,0.046466906829645375
2027-04-12,COPPER,0.02632695374558039
2027-04-12,WTI,0.24028938338742228
2027-04-12,BTC,-0.09897515637998104
2027-04-12,ETH,-0.0
2027-04-12,US10Y,-0.050675731443408645
2027-04-12,CN10Y,0.027496028448781826
2027-04-13,000300.SH,-0.08710173784600375
2027-04-13,SPX,-0.09447811906572975
2027-04-13,HSI,-0.0
2027-04-13,N225,-0.03760123499986104
2027-04-13,SX5E,0.04555247301916522
2027-04-13,000688.SH,-0.0648266977108345
2027-04-13,SOX,0.14315232182943638
2027-04-13,NDX,-0.029960676873892342
2027-04-13,XAU,0.0159459312827784
2027-04-13,COPPER,0.028906215711672734
2027-04-13,WTI,0.19402335993905884
2027-04-13,BTC,-0.08288488002233081
2027-04-13,ETH,-0.0
2027-04-13,US10Y,-0.06323055386805752
2027-04-13,CN10Y,0.03250359860460328
2027-04-14,000300.SH,-0.08205617013433614
2027-04-14,SPX,-0.09686786826163181
2027-04-14,HSI,-0.0
2027-04-14,N225,-0.014647551412115292
2027-04-14,SX5E,0.0683394988836557
2027-04-14,000688.SH,-0.0669627612789464
2027-04-14,SOX,0.15739375529500765
2027-04-14,NDX,-0.04819125504930248
2027-04-14,XAU,0.0324332625419232
2027-04-14,COPPER,0.04214651148633387
2027-04-14,WTI,0.10116518421097234
2027-04-14,BTC,-0.09591021231642088
2027-04-14,ETH,-0.0
2027-04-14,US10Y,-0.05134516842159065
2027-04-14,CN10Y,0.054502774456455454
2027-04-15,000300.SH,-0.11484330935430638
2027-04-15,SPX,-0.0823811272005764
2027-04-15,HSI,-0.0
2027-04-15,N225,-0.01744860739882887
2027-04-15,SX5E,0.04888288507689459
2027-04-15,000688.SH,-0.040981012708738766
2027-04-15,SOX,0.09167998375312583
2027-04-15,NDX,-0.04003752463360245
2027-04-15,XAU,0.016424329663054467
2027-04-15,COPPER,0.07633906436517962
2027-04-15,WTI,0.1318642719565098
2027-04-15,BTC,-0.05606494191405522
2027-04-15,ETH,-0.0
2027-04-15,US10Y,-0.04894650530143459
2027-04-15,CN10Y,0.03551249369678239
2027-04-16,000300.SH,-0.12092982543034873
2027-04-16,SPX,-0.08894803685050273
2027-04-16,HSI,-0.0
2027-04-16,N225,-0.02365280686788726
2027-04-16,SX5E,0.04893602494625238
2027-04-16,000688.SH,-0.05064977239625306
2027-04-16,SOX,0.15095907359137462
2027-04-16,NDX,-0.04866419717924599
2027-04-16,XAU,0.013608298237194599
2027-04-16,COPPER,0.0914799922560208
2027-04-16,WTI,0.14038823032942638
2027-04-16,BTC,-0.09443711592340674
2027-04-16,ETH,-0.0
2027-04-16,US10Y,-0.03834871129425918
2027-04-16,CN10Y,0.02025884658163818
2027-04-19,000300.SH,-0.15383398028328293
2027-04-19,SPX,-0.08989245498391688
2027-04-19,HSI,-0.0
2027-04-19,N225,-0.05682484037388577
2027-04-19,SX5E,0.05589074411886411
2027-04-19,000688.SH,-0.026407974861593797
2027-04-19,SOX,0.14087592722981668
2027-04-19,NDX,-0.07168146663724843
2027-04-19,XAU,0.014351435776311657
2027-04-19,COPPER,0.07398546969447103
2027-04-19,WTI,0.13223647000136002
2027-04-19,BTC,-0.016042438404247475
2027-04-19,ETH,-0.0
2027-04-19,US10Y,-0.026240119331269088
2027-04-19,CN10Y,0.023583228054621624
2027-04-20,000300.SH,-0.1520033170054233
2027-04-20,SPX,-0.06260331548174825
2027-04-20,HSI,-0.0
2027-04-20,N225,-0.03038044355787197
2027-04-20,SX5E,0.029020356385258513
2027-04-20,000688.SH,-0.023606802319620375
2027-04-20,SOX,0.11307236316494781
2027-04-20,NDX,-0.06396597654023704
2027-04-20,XAU,0.01419357855701633
2027-04-20,COPPER,0.08872759515571413
2027-04-20,WTI,0.12103326218590463
2027-04-20,BTC,-0.03555598675615732
2027-04-20,ETH,-0.0
2027-04-20,US10Y,-0.025300360160764274
2027-04-20,CN10Y,0.02736904637298284
2027-04-21,000300.SH,-0.12122063679001951
2027-04-21,SPX,-0.06392397889255585
2027-04-21,HSI,-0.0
2027-04-21,N225,0.002007466246576571
2027-04-21,SX5E,-0.0027165049278023417
2027-04-21,000688.SH,-0.0385018560582097
2027-04-21,SOX,0.10920377520481563
2027-04-21,NDX,-0.05623761593366616
2027-04-21,XAU,-0.004538867790741814
2027-04-21,COPPER,0.10396222296893962
2027-04-21,WTI,0.08294527974057009
2027-04-21,BTC,-0.038100753924004936
2027-04-21,ETH,-0.0
2027-04-21,US10Y,-0.005941545336387334
2027-04-21,CN10Y,0.03306301549248892
2027-04-22,000300.SH,-0.1277309643043135
2027-04-22,SPX,-0.07006428692756912
2027-04-22,HSI,-0.0
2027-04-22,N225,0.004967512407527198
2027-04-22,SX5E,0.03731658153263162
2027-04-22,000688.SH,-0.0561710207256188
2027-04-22,SOX,0.15764959683668195
2027-04-22,NDX,-0.03674378346106248
2027-04-22,XAU,-0.004911500634039737
2027-04-22,COPPER,0.08783751861745695
2027-04-22,WTI,0.07432589074474913
2027-04-22,BTC,-0.0873012558166344
2027-04-22,ETH,-0.0
2027-04-22,US10Y,-0.005362412059157968
2027-04-22,CN10Y,0.026188123789353625
2027-04-23,000300.SH,-0.12290871247453392
2027-04-23,SPX,-0.08153034637002725
2027-04-23,HSI,-0.0
2027-04-23,N225,0.0011630345991004622
2027-04-23,SX5E,0.0316017726004886
2027-04-23,000688.SH,0.00753501945627337
2027-04-23,SOX,0.1976546345962858
2027-04-23,NDX,-0.023339700454175577
2027-04-23,XAU,-0.01840533619275958
2027-04-23,COPPER,0.04423348110730964
2027-04-23,WTI,0.05773774586513914
2027-04-23,BTC,-0.11263424323730853
2027-04-23,ETH,-0.0
2027-04-23,US10Y,-0.0026729741799576085
2027-04-23,CN10Y,0.021565624684166125
2027-04-26,000300.SH,-0.10724477085249062
2027-04-26,SPX,-0.08869524224987806
2027-04-26,HSI,-0.0
2027-04-26,N225,0.013075320102451167
2027-04-26,SX5E,0.029114614567591256
2027-04-26,000688.SH,0.027991401908785976
2027-04-26,SOX,0.1993969228776124
2027-04-26,NDX,-0.06522334391655887
2027-04-26,XAU,-0.01760846999910938
2027-04-26,COPPER,0.06784622613278406
2027-04-26,WTI,0.06615488485150317
2027-04-26,BTC,-0.1600914351918833
2027-04-26,ETH,-0.0
2027-04-26,US10Y,0.011341724425921278
2027-04-26,CN10Y,0.02394216734327156
2027-04-27,000300.SH,-0.1036019386008724
2027-04-27,SPX,-0.0851901437053898
2027-04-27,HSI,-0.0
2027-04-27,N225,0.042693975328519485
2027-04-27,SX5E,0.038983119132772866
2027-04-27,000688.SH,0.0073083771571616045
2027-04-27,SOX,0.20347198402314426
2027-04-27,NDX,-0.05988487887852983
2027-04-27,XAU,-0.017427784542486308
2027-04-27,COPPER,0.07182372712016105
2027-04-27,WTI,0.005478931092445204
2027-04-27,BTC,-0.15299197093593478
2027-04-27,ETH,-0.0
2027-04-27,US10Y,0.03037063980468336
2027-04-27,CN10Y,0.01896596300432633
2027-04-28,000300.SH,-0.1053869028288169
2027-04-28,SPX,-0.08638657576509837
2027-04-28,HSI,-0.0
2027-04-28,N225,0.043694797297546537
2027-04-28,SX5E,0.043257078817505186
2027-04-28,000688.SH,-0.01697544069872815
2027-04-28,SOX,0.15034610902973647
2027-04-28,NDX,-0.06955616674253122
2027-04-28,XAU,-0.013950216142870373
2027-04-28,COPPER,0.010477871968556898
2027-04-28,WTI,0.13102534184218267
2027-04-28,BTC,-0.1476620414569345
2027-04-28,ETH,-0.0
2027-04-28,US10Y,0.04140601670940977
2027-04-28,CN10Y,0.0197101279700411
2027-04-29,000300.SH,-0.09570594598282166
2027-04-29,SPX,-0.10012302145679686
2027-04-29,HSI,-0.0
2027-04-29,N225,0.03844046373550381
2027-04-29,SX5E,0.0609041016289814
2027-04-29,000688.SH,0.03241005081761057
2027-04-29,SOX,0.18299729444341103
2027-04-29,NDX,-0.0646516065401295
2027-04-29,XAU,0.00794859682354057
2027-04-29,COPPER,0.010203630788186787
2027-04-29,WTI,0.11874666575506856
2027-04-29,BTC,-0.24577382875582937
2027-04-29,ETH,-0.0
2027-04-29,US10Y,0.03318303583710087
2027-04-29,CN10Y,0.02142056290617038
2027-04-30,000300.SH,-0.0641504800984626
2027-04-30,SPX,-0.09659530662088843
2027-04-30,HSI,-0.0
2027-04-30,N225,0.03054126531378474
2027-04-30,SX5E,0.01638675671559116
2027-04-30,000688.SH,0.07222990850788749
2027-04-30,SOX,0.1621645562122597
2027-04-30,NDX,-0.05644095060076756
2027-04-30,XAU,-0.022371091914789816
2027-04-30,COPPER,0.038199450912444775
2027-04-30,WTI,0.1373238026526259
2027-04-30,BTC,-0.30190389404147516
2027-04-30,ETH,-0.0
2027-04-30,US10Y,0.04648832234568527
2027-04-30,CN10Y,0.03812766061610311
2027-05-03,000300.SH,-0.038177794040948246
2027-05-03,SPX,-0.09504406686900307
2027-05-03,HSI,-0.0
2027-05-03,N225,0.05997194793420091
2027-05-03,SX5E,0.025972126522871643
2027-05-03,000688.SH,0.05773570242841482
2027-05-03,SOX,0.19183140391368214
2027-05-03,NDX,-0.07303127381497967
2027-05-03,XAU,-0.026106200751339306
2027-05-03,COPPER,0.010784197859068574
2027-05-03,WTI,0.10896994950986172
2027-05-03,BTC,-0.2950472777037078
2027-05-03,ETH,-0.0
2027-05-03,US10Y,0.06658676313103978
2027-05-03,CN10Y,0.0055545218808349915
2027-05-04,000300.SH,-0.033784835685354835
2027-05-04,SPX,-0.06451221931883906
2027-05-04,HSI,-0.0
2027-05-04,N225,0.06925179778904729
2027-05-04,SX5E,0.005451559116120964
2027-05-04,000688.SH,0.06166674764633669
2027-05-04,SOX,0.14844858041971895
2027-05-04,NDX,-0.04878863356717798
2027-05-04,XAU,-0.04571440955692019
2027-05-04,COPPER,-0.017445116769319445
2027-05-04,WTI,0.11973545739319036
2027-05-04,BTC,-0.20917207313213082
2027-05-04,ETH,-0.0
2027-05-04,US10Y,0.030373461130222826
2027-05-04,CN10Y,-0.015510315464898668
2027-05-05,000300.SH,-0.04594574809690532
2027-05-05,SPX,-0.046336642093897
2027-05-05,HSI,-0.0
2027-05-05,N225,0.06759183900015596
2027-05-05,SX5E,-0.01908354771117802
2027-05-05,000688.SH,0.07191487029999119
2027-05-05,SOX,0.11997457230177079
2027-05-05,NDX,-0.021929287048560914
2027-05-05,XAU,-0.05938179139829497
2027-05-05,COPPER,-0.009102872561823468
2027-05-05,WTI,0.1027003605888728
2027-05-05,BTC,-0.19081961828077765
2027-05-05,ETH,-0.0
2027-05-05,US10Y,0.05521494174573289
2027-05-05,CN10Y,-0.02479707674508902
2027-05-06,000300.SH,-0.04249656455441195
2027-05-06,SPX,-0.03658117453605301
2027-05-06,HSI,-0.0
2027-05-06,N225,0.05197460874523931
2027-05-06,SX5E,-0.013911336940808297
2027-05-06,000688.SH,0.07974182134811789
2027-05-06,SOX,0.08076244571616172
2027-05-06,NDX,-0.03475176465058376
2027-05-06,XAU,-0.03006126277175788
2027-05-06,COPPER,-0.027908991541547044
2027-05-06,WTI,0.07754194517674617
2027-05-06,BTC,-0.1331406879904523
2027-05-06,ETH,-0.0
2027-05-06,US10Y,0.05052967513449846
2027-05-06,CN10Y,-0.02169871313515357
2027-05-07,000300.SH,-0.03927310551911027
2027-05-07,SPX,-0.05707106653827578
2027-05-07,HSI,-0.0
2027-05-07,N225,0.0787940628448752
2027-05-07,SX5E,-0.013104251965710193
2027-05-07,000688.SH,0.06265418122699626
2027-05-07,SOX,0.05514485850154235
2027-05-07,NDX,-0.0041013210239861445
2027-05-07,XAU,-0.05605531443577354
2027-05-07,COPPER,-0.0528830487190181
2027-05-07,WTI,0.11330065300577355
2027-05-07,BTC,-0.12212389388737716
2027-05-07,ETH,-0.0
2027-05-07,US10Y,0.05717722912311152
2027-05-07,CN10Y,-0.022458982613052847
2027-05-10,000300.SH,-0.029865227976914245
2027-05-10,SPX,-0.045951060468018674
2027-05-10,HSI,-0.0
2027-05-10,N225,0.05332569860637287
2027-05-10,SX5E,-0.020552077942396867
2027-05-10,000688.SH,0.08175618271214477
2027-05-10,SOX,0.08854008884584333
2027-05-10,NDX,0.03506924294225562
2027-05-10,XAU,-0.07126688481557424
2027-05-10,COPPER,-0.06873341672657293
2027-05-10,WTI,0.061099673482844695
2027-05-10,BTC,-0.1474821911393661
2027-05-10,ETH,-0.0
2027-05-10,US10Y,0.06339910435205377
2027-05-10,CN10Y,0.0006608681273226232
2027-05-11,000300.SH,-0.032588895469363395
2027-05-11,SPX,-0.010227623250614774
2027-05-11,HSI,-0.0
2027-05-11,N225,0.058706959657347665
2027-05-11,SX5E,-0.018250787537977698
2027-05-11,000688.SH,0.0768327407225796
2027-05-11,SOX,0.040333629724730695
2027-05-11,NDX,0.003273626926375322
2027-05-11,XAU,-0.04888628635578255
2027-05-11,COPPER,-0.06459141066650673
2027-05-11,WTI,0.06293051539652762
2027-05-11,BTC,-0.15359577378945152
2027-05-11,ETH,-0.0
2027-05-11,US10Y,0.07859867032506494
2027-05-11,CN10Y,0.0074646343170658176
2027-05-12,000300.SH,-0.030917492049888872
2027-05-12,SPX,0.01610150847454785
2027-05-12,HSI,-0.0
2027-05-12,N225,0.034100044111413375
2027-05-12,SX5E,-0.0188645545808506
2027-05-12,000688.SH,0.07239999093225165
2027-05-12,SOX,-0.01353739731438025
2027-05-12,NDX,-0.011657554278108866
2027-05-12,XAU,-0.054666981784984824
2027-05-12,COPPER,-0.09470348999232103
2027-05-12,WTI,0.09316395316816106
2027-05-12,BTC,-0.0626621308880914
2027-05-12,ETH,-0.0
2027-05-12,US10Y,0.0746207079755449
2027-05-12,CN10Y,-0.0033766037732966174
2027-05-13,000300.SH,0.0028048808877864165
2027-05-13,SPX,-0.003606309030310704
2027-05-13,HSI,-0.0
2027-05-13,N225,-0.00019077164907293012
2027-05-13,SX5E,-0.026306118430043275
2027-05-13,000688.SH,0.11438528953854435
2027-05-13,SOX,0.00928950306607869
2027-05-13,NDX,-0.009842563454502913
2027-05-13,XAU,-0.035109587160683776
2027-05-13,COPPER,-0.0919616754626185
2027-05-13,WTI,0.021056581558851692
2027-05-13,BTC,-0.0646350797935081
2027-05-13,ETH,-0.0
2027-05-13,US10Y,0.07076892402347376
2027-05-13,CN10Y,0.013346925906002902
2027-05-14,000300.SH,0.001877554511758292
2027-05-14,SPX,-0.013274903315678344
2027-05-14,HSI,-0.0
2027-05-14,N225,0.026023585307202123
2027-05-14,SX5E,-0.011541619504958071
2027-05-14,000688.SH,0.137950126230661
2027-05-14,SOX,0.027799835838422795
2027-05-14,NDX,0.011143222366694197
2027-05-14,XAU,-0.046466147730408344
2027-05-14,COPPER,-0.11142323534591432
2027-05-14,WTI,-0.02041528309781255
2027-05-14,BTC,-0.09065763003349894
2027-05-14,ETH,-0.0
2027-05-14,US10Y,0.06890366434977382
2027-05-14,CN10Y,0.02008083042375766
2027-05-17,000300.SH,0.02736324957723428
2027-05-17,SPX,0.0060379959851439725
2027-05-17,HSI,-0.0
2027-05-17,N225,0.01875171027020683
2027-05-17,SX5E,-0.0055931593029482805
2027-05-17,000688.SH,0.14110277810780245
2027-05-17,SOX,0.007414078723015581
2027-05-17,NDX,0.022226142622233828
2027-05-17,XAU,-0.03562375865634742
2027-05-17,COPPER,-0.10600069570306295
2027-05-17,WTI,-0.028493713561666387
2027-05-17,BTC,-0.10566556339729392
2027-05-17,ETH,-0.0
2027-05-17,US10Y,0.05121050315172374
2027-05-17,CN10Y,0.007270432183958118
2027-05-18,000300.SH,0.04040906886445797
2027-05-18,SPX,-0.007625653062378043
2027-05-18,HSI,-0.0
2027-05-18,N225,0.023954385351108276
2027-05-18,SX5E,0.011961084625830391
2027-05-18,000688.SH,0.10273242154105841
2027-05-18,SOX,0.015811108484326805
2027-05-18,NDX,0.04870752701051305
2027-05-18,XAU,-0.03342603626193362
2027-05-18,COPPER,-0.11473665187469881
2027-05-18,WTI,-0.043120262405061976
2027-05-18,BTC,-0.06906471005453696
2027-05-18,ETH,-0.0
2027-05-18,US10Y,0.04261982139043938
2027-05-18,CN10Y,-0.01822210360912741
2027-05-19,000300.SH,0.04412199772912292
2027-05-19,SPX,-0.01706215549672959
2027-05-19,HSI,-0.0
2027-05-19,N225,-0.01733760570271536
2027-05-19,SX5E,0.01124673209605924
2027-05-19,000688.SH,0.18586555247486636
2027-05-19,SOX,-0.02550001384487903
2027-05-19,NDX,0.052856754489701625
2027-05-19,XAU,-0.00764523943926637
2027-05-19,COPPER,-0.10253885566063421
2027-05-19,WTI,0.006140869688070077
2027-05-19,BTC,-0.11044374847807731
2027-05-19,ETH,-0.0
2027-05-19,US10Y,0.023412507299772782
2027-05-19,CN10Y,-0.0431167951552942
2027-05-20,000300.SH,0.05752618312806472
2027-05-20,SPX,-0.0028219237885972453
2027-05-20,HSI,-0.0
2027-05-20,N225,-0.0004176462320419072
2027-05-20,SX5E,-0.017822886687741128
2027-05-20,000688.SH,0.2092963138254165
2027-05-20,SOX,-0.06317223538895692
2027-05-20,NDX,0.03572878558318464
2027-05-20,XAU,0.0016209012928931335
2027-05-20,COPPER,-0.09193988847117081
2027-05-20,WTI,-0.018777644973785253
2027-05-20,BTC,-0.12308967526709069
2027-05-20,ETH,-0.0
2027-05-20,US10Y,0.029761158099842658
2027-05-20,CN10Y,-0.015891441120023858
2027-05-21,000300.SH,0.034655360489864305
2027-05-21,SPX,-0.0005408843823330057
2027-05-21,HSI,-0.0
2027-05-21,N225,-0.01205303807310874
2027-05-21,SX5E,-0.004195592430754146
2027-05-21,000688.SH,0.17106327965240406
2027-05-21,SOX,-0.07540721518734732
2027-05-21,NDX,0.014682564321145048
2027-05-21,XAU,-0.0002473847895634483
2027-05-21,COPPER,-0.046147385748421706
2027-05-21,WTI,-0.08031547843447939
2027-05-21,BTC,-0.07783528857427882
2027-05-21,ETH,-0.0
2027-05-21,US10Y,0.04557588385835914
2027-05-21,CN10Y,0.030765179298509023
2027-05-24,000300.SH,0.04617879313189613
2027-05-24,SPX,-0.0017031848696676924
2027-05-24,HSI,-0.0
2027-05-24,N225,0.004854669145697177
2027-05-24,SX5E,-0.014121087614110135
2027-05-24,000688.SH,0.17176679791402194
2027-05-24,SOX,-0.07500949750707694
2027-05-24,NDX,0.034923753255034135
2027-05-24,XAU,-0.0029908707140354675
2027-05-24,COPPER,-0.049066585978932056
2027-05-24,WTI,-0.12112319975328008
2027-05-24,BTC,-0.047646319685913104
2027-05-24,ETH,-0.0
2027-05-24,US10Y,0.03139394264357089
2027-05-24,CN10Y,0.02254279003279004
2027-05-25,000300.SH,0.07126323437349286
2027-05-25,SPX,-0.018559708025950375
2027-05-25,HSI,-0.0
2027-05-25,N225,-0.04453432335435773
2027-05-25,SX5E,-0.02475407194636189
2027-05-25,000688.SH,0.1649278806902371
2027-05-25,SOX,-0.110391177488849
2027-05-25,NDX,0.08960020613392583
2027-05-25,XAU,0.019052280053885807
2027-05-25,COPPER,-0.05389245255435947
2027-05-25,WTI,-0.10235284502041624
2027-05-25,BTC,-0.06007085575756516
2027-05-25,ETH,-0.0
2027-05-25,US10Y,0.03575603634900858
2027-05-25,CN10Y,0.033955796547304344
2027-05-26,000300.SH,0.07756619941372182
2027-05-26,SPX,-0.02505107510872865
2027-05-26,HSI,-0.0
2027-05-26,N225,-0.023212222510855827
2027-05-26,SX5E,-0.03407254460625818
2027-05-26,000688.SH,0.1795412078822363
2027-05-26,SOX,-0.10309955780563983
2027-05-26,NDX,0.09686424092480041
2027-05-26,XAU,0.025835693016021084
2027-05-26,COPPER,-0.0627232580050889
2027-05-26,WTI,-0.11896164920375708
2027-05-26,BTC,-0.08062882108738362
2027-05-26,ETH,-0.0
2027-05-26,US10Y,0.04198070955100644
2027-05-26,CN10Y,0.025961077539923577
2027-05-27,000300.SH,0.09437488271016589
2027-05-27,SPX,-0.004773054982055668
2027-05-27,HSI,-0.0
2027-05-27,N225,-0.008628538773141105
2027-05-27,SX5E,-0.029953745221629358
2027-05-27,000688.SH,0.15400213858763745
2027-05-27,SOX,-0.15221903247955962
2027-05-27,NDX,0.095320123720635
2027-05-27,XAU,0.00027355095216171493
2027-05-27,COPPER,-0.03970794571931258
2027-05-27,WTI,-0.16869411605036555
2027-05-27,BTC,0.011221373159791243
2027-05-27,ETH,-0.0
2027-05-27,US10Y,0.03806875467700635
2027-05-27,CN10Y,0.010715609418664795
2027-05-28,000300.SH,0.04924583192825107
2027-05-28,SPX,-0.019625573863527482
2027-05-28,HSI,-0.0
2027-05-28,N225,-0.0014103171816625387
2027-05-28,SX5E,-0.0242521918510489
2027-05-28,000688.SH,0.17211992222754469
2027-05-28,SOX,-0.1515686299141731
2027-05-28,NDX,0.09110255862801249
2027-05-28,XAU,0.03894709488730953
2027-05-28,COPPER,-0.026685467002310483
2027-05-28,WTI,-0.17098634446227534
2027-05-28,BTC,0.027432852244116332
2027-05-28,ETH,-0.0
2027-05-28,US10Y,0.034525781973460776
2027-05-28,CN10Y,-0.018845517613698314
2027-05-31,000300.SH,0.002855589763738283
2027-05-31,SPX,0.0203843782848563
2027-05-31,HSI,-0.0
2027-05-31,N225,-0.03758168200601364
2027-05-31,SX5E,-0.046378853742798834
2027-05-31,000688.SH,0.17097655028111708
2027-05-31,SOX,-0.16328419241545844
2027-05-31,NDX,0.11405838315106677
2027-05-31,XAU,0.048666297444133526
2027-05-31,COPPER,-0.02321176142693853
2027-05-31,WTI,-0.20035315437837944
2027-05-31,BTC,0.11022504177997361
2027-05-31,ETH,-0.0
2027-05-31,US10Y,0.024057466266459285
2027-05-31,CN10Y,-0.020414063001756633
2027-06-01,000300.SH,-0.003115819811217984
2027-06-01,SPX,0.002437263571251909
2027-06-01,HSI,-0.0
2027-06-01,N225,-0.023298601384952013
2027-06-01,SX5E,-0.01132790340948607
2027-06-01,000688.SH,0.18461642802049305
2027-06-01,SOX,-0.12740074770926857
2027-06-01,NDX,0.08453529662460244
2027-06-01,XAU,0.0378159094612044
2027-06-01,COPPER,-0.00432299392460418
2027-06-01,WTI,-0.2271451139509048
2027-06-01,BTC,0.0478687377489312
2027-06-01,ETH,-0.0
2027-06-01,US10Y,0.03529992597560466
2027-06-01,CN10Y,0.004037618788345616
2027-06-02,000300.SH,-0.0041227479854061555
2027-06-02,SPX,0.005891979545719779
2027-06-02,HSI,-0.0
2027-06-02,N225,-0.05124487243946577
2027-06-02,SX5E,-0.01602943131315229
2027-06-02,000688.SH,0.18443612337859785
2027-06-02,SOX,-0.10759041986759725
2027-06-02,NDX,0.09852168215133415
2027-06-02,XAU,0.054265099629301455
2027-06-02,COPPER,-0.00659650522874919
2027-06-02,WTI,-0.23244413716149928
2027-06-02,BTC,0.051330374337497334
2027-06-02,ETH,-0.0
2027-06-02,US10Y,0.007616050160584805
2027-06-02,CN10Y,0.015966804792832995
2027-06-03,000300.SH,0.007640493716432344
2027-06-03,SPX,-0.022289619963736587
2027-06-03,HSI,-0.0
2027-06-03,N225,-0.051890988921188305
2027-06-03,SX5E,-0.006535342300539685
2027-06-03,000688.SH,0.15830465201195168
2027-06-03,SOX,-0.06981797693593213
2027-06-03,NDX,0.08051227055696089
2027-06-03,XAU,0.043997251053605066
2027-06-03,COPPER,-0.010329025429393672
2027-06-03,WTI,-0.20551629040537062
2027-06-03,BTC,0.037147128530558446
2027-06-03,ETH,-0.0
2027-06-03,US10Y,0.021330011219371267
2027-06-03,CN10Y,0.017447436867279818
2027-06-04,000300.SH,0.01699036395888419
2027-06-04,SPX,0.02146239893708275
2027-06-04,HSI,-0.0
2027-06-04,N225,-0.07615494527198526
2027-06-04,SX5E,-0.006469027468476235
2027-06-04,000688.SH,0.1863525781779989
2027-06-04,SOX,-0.07826434864860753
2027-06-04,NDX,0.08732135769106233
2027-06-04,XAU,0.056800442526056684
2027-06-04,COPPER,-0.012765178305062864
2027-06-04,WTI,-0.2112833258653807
2027-06-04,BTC,-0.02118201410035404
2027-06-04,ETH,-0.0
2027-06-04,US10Y,0.013104422120795618
2027-06-04,CN10Y,0.02408727624798583
2027-06-07,000300.SH,-0.0036788307493392427
2027-06-07,SPX,0.03427011140427731
2027-06-07,HSI,-0.0
2027-06-07,N225,-0.06502436610320958
2027-06-07,SX5E,-0.019084083604291934
2027-06-07,000688.SH,0.16514268916012045
2027-06-07,SOX,-0.10818680522459288
2027-06-07,NDX,0.06260480833498235
2027-06-07,XAU,0.057946990366359225
2027-06-07,COPPER,-0.011984700776297591
2027-06-07,WTI,-0.12789687953526613
2027-06-07,BTC,-0.009845669534671898
2027-06-07,ETH,-0.0
2027-06-07,US10Y,0.015278335321734452
2027-06-07,CN10Y,0.010458400940195612
2027-06-08,000300.SH,0.01647833722446253
2027-06-08,SPX,0.012435067733897263
2027-06-08,HSI,-0.0
2027-06-08,N225,-0.050585699111660345
2027-06-08,SX5E,-0.030129415356564528
2027-06-08,000688.SH,0.19442489538435093
2027-06-08,SOX,-0.13776491688490852
2027-06-08,NDX,0.07340738317263067
2027-06-08,XAU,0.04468700841782337
2027-06-08,COPPER,0.011116527067937487
2027-06-08,WTI,-0.15186721544016948
2027-06-08,BTC,0.03523697769121884
2027-06-08,ETH,-0.0
2027-06-08,US10Y,-0.010130461172452218
2027-06-08,CN10Y,-0.007308488726567896
2027-06-09,000300.SH,0.012763418505866327
2027-06-09,SPX,0.02501071230594987
2027-06-09,HSI,-0.0
2027-06-09,N225,-0.03251367020097563
2027-06-09,SX5E,-0.05759567556914932
2027-06-09,000688.SH,0.15658870024089475
2027-06-09,SOX,-0.16435676828770063
2027-06-09,NDX,0.11148716010785731
2027-06-09,XAU,0.05201578696959043
2027-06-09,COPPER,0.04591030753136742
2027-06-09,WTI,-0.1085781706605731
2027-06-09,BTC,-0.01179311612070897
2027-06-09,ETH,-0.0
2027-06-09,US10Y,-0.01596791216191546
2027-06-09,CN10Y,-0.012970772660506877
2027-06-10,000300.SH,0.0005373314890837122
2027-06-10,SPX,0.030818945818054284
2027-06-10,HSI,-0.0
2027-06-10,N225,-0.029655418740918357
2027-06-10,SX5E,-0.01991891886158982
2027-06-10,000688.SH,0.1146464465571271
2027-06-10,SOX,-0.13390784413745632
2027-06-10,NDX,0.1177782350404539
2027-06-10,XAU,0.0389174723879592
2027-06-10,COPPER,0.002527702656273969
2027-06-10,WTI,-0.07816142567119479
2027-06-10,BTC,0.004515657542463001
2027-06-10,ETH,-0.0
2027-06-10,US10Y,-0.015520655614300079
2027-06-10,CN10Y,-0.03257752846595923
2027-06-11,000300.SH,0.014865085139235746
2027-06-11,SPX,0.04453173153074656
2027-06-11,HSI,-0.0
2027-06-11,N225,-0.034533452184265116
2027-06-11,SX5E,-0.040754624781500166
2027-06-11,000688.SH,0.08360386658610135
2027-06-11,SOX,-0.19791663967997988
2027-06-11,NDX,0.09636051971981127
2027-06-11,XAU,0.038635738614427255
2027-06-11,COPPER,0.019620867769728358
2027-06-11,WTI,-0.04043324431785913
2027-06-11,BTC,0.059215152980699556
2027-06-11,ETH,-0.0
2027-06-11,US10Y,-0.015419604111636618
2027-06-11,CN10Y,-0.027775397265513205
2027-06-14,000300.SH,0.021052868664280758
2027-06-14,SPX,0.027351058975974805
2027-06-14,HSI,-0.0
2027-06-14,N225,-0.05606518706135514
2027-06-14,SX5E,-0.024865565456810942
2027-06-14,000688.SH,0.04917907611438738
2027-06-14,SOX,-0.1937960682712158
2027-06-14,NDX,0.09295795506082412
2027-06-14,XAU,0.03288481190626078
2027-06-14,COPPER,0.020831713898250226
2027-06-14,WTI,-0.04525382009573546
2027-06-14,BTC,0.0896768497954655
2027-06-14,ETH,-0.0
2027-06-14,US10Y,0.011892021868121928
2027-06-14,CN10Y,-0.02584571539845181
2027-06-15,000300.SH,0.011812437200451147
2027-06-15,SPX,0.029834958914928027
2027-06-15,HSI,-0.0
2027-06-15,N225,-0.06190742856976278
2027-06-15,SX5E,-0.013793875986282261
2027-06-15,000688.SH,0.025444679772160014
2027-06-15,SOX,-0.194190654977025
2027-06-15,NDX,0.0863027954859486
2027-06-15,XAU,0.04256548754337461
2027-06-15,COPPER,0.013961211473750807
2027-06-15,WTI,-0.03612995361768842
2027-06-15,BTC,0.10257856736499685
2027-06-15,ETH,-0.0
2027-06-15,US10Y,0.026113435421139107
2027-06-15,CN10Y,-0.03259166002599297
2027-06-16,000300.SH,0.01578190878550779
2027-06-16,SPX,0.039632761738792106
2027-06-16,HSI,-0.0
2027-06-16,N225,-0.057186522561236304
2027-06-16,SX5E,-0.017511296452686946
2027-06-16,000688.SH,-0.02359244392993403
2027-06-16,SOX,-0.16753705239624694
2027-06-16,NDX,0.08042071370144399
2027-06-16,XAU,0.03886271992679615
2027-06-16,COPPER,-0.008698510243846125
2027-06-16,WTI,-0.05897912927774558
2027-06-16,BTC,0.15524266084166266
2027-06-16,ETH,-0.0
2027-06-16,US10Y,0.015566404127041427
2027-06-16,CN10Y,-0.01200221425955103
2027-06-17,000300.SH,0.036416798311404465
2027-06-17,SPX,0.04060591872651757
2027-06-17,HSI,-0.0
2027-06-17,N225,-0.07429450619660997
2027-06-17,SX5E,-0.026289448822581357
2027-06-17,000688.SH,-0.03198092218244103
2027-06-17,SOX,-0.1519835186072697
2027-06-17,NDX,0.07507030024366085
2027-06-17,XAU,0.03505702942334507
2027-06-17,COPPER,0.004987537949077199
2027-06-17,WTI,0.01076278054286331
2027-06-17,BTC,0.09640334021633495
2027-06-17,ETH,-0.0
2027-06-17,US10Y,0.0014597917916437495
2027-06-17,CN10Y,-0.016215101395947392
2027-06-18,000300.SH,0.06024725126631957
2027-06-18,SPX,0.052386373607737145
2027-06-18,HSI,-0.0
2027-06-18,N225,-0.06417507947190329
2027-06-18,SX5E,-0.019149740973099377
2027-06-18,000688.SH,-0.04435874370872746
2027-06-18,SOX,-0.15587599889981432
2027-06-18,NDX,0.04211324927044431
2027-06-18,XAU,0.043567854083579424
2027-06-18,COPPER,0.013433153529045751
2027-06-18,WTI,0.025609546309171095
2027-06-18,BTC,0.09438453049358565
2027-06-18,ETH,-0.0
2027-06-18,US10Y,-0.0050927466033516555
2027-06-18,CN10Y,-0.043089648902987825
2027-06-21,000300.SH,0.06067583712440637
2027-06-21,SPX,0.07103430727958299
2027-06-21,HSI,-0.0
2027-06-21,N225,-0.0875346476703305
2027-06-21,SX5E,0.0002502493289381919
2027-06-21,000688.SH,-0.06905255270809235
2027-06-21,SOX,-0.16869885386830882
2027-06-21,NDX,0.03369218499609579
2027-06-21,XAU,0.04794808301722798
2027-06-21,COPPER,-0.003356604820362572
2027-06-21,WTI,0.04690685413504403
2027-06-21,BTC,0.1191347058898539
2027-06-21,ETH,-0.0
2027-06-21,US10Y,-0.016839383054706274
2027-06-21,CN10Y,-0.034160179649347935
2027-06-22,000300.SH,0.02236683375569442
2027-06-22,SPX,0.07107894903824902
2027-06-22,HSI,-0.0
2027-06-22,N225,-0.07185286647397697
2027-06-22,SX5E,-0.006736115038722287
2027-06-22,000688.SH,-0.07270400343405581
2027-06-22,SOX,-0.1612173138199738
2027-06-22,NDX,-0.014190837991367725
2027-06-22,XAU,0.016151710629411904
2027-06-22,COPPER,0.016553849779959887
2027-06-22,WTI,0.11946153906399931
2027-06-22,BTC,0.10697308078639298
2027-06-22,ETH,-0.0
2027-06-22,US10Y,-0.014908502824770683
2027-06-22,CN10Y,-0.01097632347083912
2027-06-23,000300.SH,0.01997225161323807
2027-06-23,SPX,0.09220444276500482
2027-06-23,HSI,-0.0
2027-06-23,N225,-0.07859073032346135
2027-06-23,SX5E,-0.025386600433325225
2027-06-23,000688.SH,-0.075207989143323
2027-06-23,SOX,-0.11555958640867588
2027-06-23,NDX,-0.02349903564047673
2027-06-23,XAU,-0.004456706792936515
2027-06-23,COPPER,0.027263841433462575
2027-06-23,WTI,0.12147562058360493
2027-06-23,BTC,0.06452729303857101
2027-06-23,ETH,-0.0
2027-06-23,US10Y,-0.019417785916290436
2027-06-23,CN10Y,0.016674985224607718
2027-06-24,000300.SH,0.02596451177564952
2027-06-24,SPX,0.0866916599728873
2027-06-24,HSI,-0.0
2027-06-24,N225,-0.08238522840843951
2027-06-24,SX5E,-0.009606539724438734
2027-06-24,000688.SH,-0.1106597461279485
2027-06-24,SOX,-0.0425595097953632
2027-06-24,NDX,-0.049771819280723606
2027-06-24,XAU,-0.0015766623844227171
2027-06-24,COPPER,-0.0018186819195455655
2027-06-24,WTI,0.14324684818651454
2027-06-24,BTC,0.00516667857703508
2027-06-24,ETH,-0.0
2027-06-24,US10Y,-0.003795727364646808
2027-06-24,CN10Y,0.04110421649344219
2027-06-25,000300.SH,0.029658773956194394
2027-06-25,SPX,0.12434565609190561
2027-06-25,HSI,-0.0
2027-06-25,N225,-0.10804278117407702
2027-06-25,SX5E,-0.008155004574120111
2027-06-25,000688.SH,-0.13591985262047146
2027-06-25,SOX,-0.048522920393632374
2027-06-25,NDX,-0.05272275002031381
2027-06-25,XAU,-0.007225733779576983
2027-06-25,COPPER,-0.036074933081122834
2027-06-25,WTI,0.1682506626174737
2027-06-25,BTC,0.00772199761709429
2027-06-25,ETH,-0.0
2027-06-25,US10Y,0.01937820529603909
2027-06-25,CN10Y,0.04730868006460543
2027-06-28,000300.SH,0.05316684436994869
2027-06-28,SPX,0.10244370904441756
2027-06-28,HSI,-0.0
2027-06-28,N225,-0.08668273834318654
2027-06-28,SX5E,-0.012861109105198438
2027-06-28,000688.SH,-0.12555736266202236
2027-06-28,SOX,-0.07526982444557381
2027-06-28,NDX,-0.0363054218543654
2027-06-28,XAU,-0.011569512390126154
2027-06-28,COPPER,-0.02855120009668864
2027-06-28,WTI,0.20875810605101913
2027-06-28,BTC,-0.07715033946526659
2027-06-28,ETH,-0.0
2027-06-28,US10Y,0.009690998997733801
2027-06-28,CN10Y,0.07988784989930733
2027-06-29,000300.SH,0.07963416635090764
2027-06-29,SPX,0.12791852273630142
2027-06-29,HSI,-0.0
2027-06-29,N225,-0.12052521258933242
2027-06-29,SX5E,-0.04155735394754703
2027-06-29,000688.SH,-0.11939203934772577
2027-06-29,SOX,-0.07246274215279698
2027-06-29,NDX,-0.03423385616213122
2027-06-29,XAU,-0.004396499040922389
2027-06-29,COPPER,-0.0006455663138995801
2027-06-29,WTI,0.2070288192556154
2027-06-29,BTC,-0.11266699092277069
2027-06-29,ETH,-0.0
2027-06-29,US10Y,0.015415393084456847
2027-06-29,CN10Y,0.07588335904984293
2027-06-30,000300.SH,0.07460402695638477
2027-06-30,SPX,0.12881433292034994
2027-06-30,HSI,-0.0
2027-06-30,N225,-0.08094305290864204
2027-06-30,SX5E,-0.03150752395753868
2027-06-30,000688.SH,-0.12476516323441442
2027-06-30,SOX,-0.10308026674260133
2027-06-30,NDX,-0.03595371854910994
2027-06-30,XAU,-0.01342123184568169
2027-06-30,COPPER,-0.004981053004434989
2027-06-30,WTI,0.20004616655780466
2027-06-30,BTC,-0.11049645764043314
2027-06-30,ETH,-0.0
2027-06-30,US10Y,0.03777321871875101
2027-06-30,CN10Y,0.06391072272956351
2027-07-01,000300.SH,0.07029822755213887
2027-07-01,SPX,0.1501615611658281
2027-07-01,HSI,-0.0
2027-07-01,N225,-0.07558237707066388
2027-07-01,SX5E,-0.02510118653428116
2027-07-01,000688.SH,-0.14219840909105483
2027-07-01,SOX,-0.11557532961976272
2027-07-01,NDX,-0.01890619330262901
2027-07-01,XAU,-0.020138584460246852
2027-07-01,COPPER,0.013993144651217981
2027-07-01,WTI,0.15513336753658225
2027-07-01,BTC,-0.11165194050652458
2027-07-01,ETH,-0.0
2027-07-01,US10Y,0.04458918536096762
2027-07-01,CN10Y,0.07497853431842677
2027-07-02,000300.SH,0.0832726333331342
2027-07-02,SPX,0.14147703430090394
2027-07-02,HSI,-0.0
2027-07-02,N225,-0.03562661838506717
2027-07-02,SX5E,-0.01160355903804066
2027-07-02,000688.SH,-0.16517736792843515
2027-07-02,SOX,-0.08002920524970249
2027-07-02,NDX,-0.066484286379493
2027-07-02,XAU,-0.030090237726035595
2027-07-02,COPPER,-0.011403877685515484
2027-07-02,WTI,0.1343801884663587
2027-07-02,BTC,-0.052949087565491285
2027-07-02,ETH,-0.0
2027-07-02,US10Y,0.05139343553319978
2027-07-02,CN10Y,0.042840948324181574
2027-07-05,000300.SH,0.10132069305762634
2027-07-05,SPX,0.14015409390672068
2027-07-05,HSI,-0.0
2027-07-05,N225,-0.0055225410965858805
2027-07-05,SX5E,-0.003565474766672013
2027-07-05,000688.SH,-0.14222478942186464
2027-07-05,SOX,-0.11453478088485711
2027-07-05,NDX,-0.022851806035450457
2027-07-05,XAU,-0.01452481474148938
2027-07-05,COPPER,-0.011668053949188802
2027-07-05,WTI,0.04567805362234179
2027-07-05,BTC,-0.03835777521705311
2027-07-05,ETH,-0.0
2027-07-05,US10Y,0.0467216858569646
2027-07-05,CN10Y,0.019375509669504694
2027-07-06,000300.SH,0.0816705358436043
2027-07-06,SPX,0.14034720100767234
2027-07-06,HSI,-0.0
2027-07-06,N225,-0.0387432130345649
2027-07-06,SX5E,0.010974557832402618
2027-07-06,000688.SH,-0.12982444923310454
2027-07-06,SOX,-0.1409622493496504
2027-07-06,NDX,-0.04086868719976418
2027-07-06,XAU,-0.012638887321935272
2027-07-06,COPPER,-0.02672167862752058
2027-07-06,WTI,0.11811062797468547
2027-07-06,BTC,-0.03481423698776541
2027-07-06,ETH,-0.0
2027-07-06,US10Y,0.056455070792160944
2027-07-06,CN10Y,0.017015408303777305
2027-07-07,000300.SH,0.07364961464685775
2027-07-07,SPX,0.13183340447934427
2027-07-07,HSI,-0.0
2027-07-07,N225,-0.045130351712481066
2027-07-07,SX5E,0.02238638528013702
2027-07-07,000688.SH,-0.10324486805951787
2027-07-07,SOX,-0.08922297168897629
2027-07-07,NDX,-0.05798643174589621
2027-07-07,XAU,-0.03194192648465134
2027-07-07,COPPER,-0.03237835940965509
2027-07-07,WTI,0.1281727284965824
2027-07-07,BTC,-0.047352035875592446
2027-07-07,ETH,-0.0
2027-07-07,US10Y,0.04860254659378368
2027-07-07,CN10Y,0.002612265480064711
2027-07-08,000300.SH,0.061373279543104016
2027-07-08,SPX,0.14133265114470686
2027-07-08,HSI,-0.0
2027-07-08,N225,-0.008911188202198807
2027-07-08,SX5E,-0.0052503077125488325
2027-07-08,000688.SH,-0.11422155239415031
2027-07-08,SOX,-0.07996790813208342
2027-07-08,NDX,-0.048560409499804724
2027-07-08,XAU,-0.031487458276975425
2027-07-08,COPPER,-0.0003587275199705628
2027-07-08,WTI,0.14518503721209414
2027-07-08,BTC,-0.09577598767662016
2027-07-08,ETH,-0.0
2027-07-08,US10Y,0.05321967820823305
2027-07-08,CN10Y,-0.01657710669378669
2027-07-09,000300.SH,0.05211002643359659
2027-07-09,SPX,0.12000236830574228
2027-07-09,HSI,-0.0
2027-07-09,N225,0.0056442760250702845
2027-07-09,SX5E,0.0006840780802512274
2027-07-09,000688.SH,-0.08941236466848775
2027-07-09,SOX,-0.013138183070069538
2027-07-09,NDX,-0.05247149210472022
2027-07-09,XAU,-0.03380842844766939
2027-07-09,COPPER,-0.012893420244100886
2027-07-09,WTI,0.10322823126570177
2027-07-09,BTC,-0.07851399946049309
2027-07-09,ETH,-0.0
2027-07-09,US10Y,0.03038185556462749
2027-07-09,CN10Y,-0.031812947679449366
2027-07-12,000300.SH,0.03409661410759385
2027-07-12,SPX,0.12500275503917585
2027-07-12,HSI,-0.0
2027-07-12,N225,0.02912417589722971
2027-07-12,SX5E,-0.006743474563740465
2027-07-12,000688.SH,-0.06629504351013367
2027-07-12,SOX,-0.020011514888112935
2027-07-12,NDX,-0.054082441233187235
2027-07-12,XAU,-0.050549322845163024
2027-07-12,COPPER,-0.01428731657292407
2027-07-12,WTI,0.128642955367232
2027-07-12,BTC,-0.11454419080973974
2027-07-12,ETH,-0.0
2027-07-12,US10Y,0.019215225845179033
2027-07-12,CN10Y,-0.009568421833410005
2027-07-13,000300.SH,0.038670235597469245
2027-07-13,SPX,0.15923692392513875
2027-07-13,HSI,-0.0
2027-07-13,N225,0.00866636821749438
2027-07-13,SX5E,-0.021047185588872398
2027-07-13,000688.SH,-0.0032181006807833652
2027-07-13,SOX,-0.005188191877566516
2027-07-13,NDX,-0.05677512533690833
2027-07-13,XAU,-0.06294687102486214
2027-07-13,COPPER,-0.029134931410673557
2027-07-13,WTI,0.11935484552785611
2027-07-13,BTC,-0.18032394992513456
2027-07-13,ETH,-0.0
2027-07-13,US10Y,0.02514300510305611
2027-07-13,CN10Y,0.007562977473786984
2027-07-14,000300.SH,0.010553413969076962
2027-07-14,SPX,0.1726648521814439
2027-07-14,HSI,-0.0
2027-07-14,N225,-0.0017221110618753479
2027-07-14,SX5E,0.0066407993885141
2027-07-14,000688.SH,0.0025544906437820975
2027-07-14,SOX,0.006787976162949658
2027-07-14,NDX,-0.09017075562254845
2027-07-14,XAU,-0.042941972229887035
2027-07-14,COPPER,0.009802838406205189
2027-07-14,WTI,0.13966261335772953
2027-07-14,BTC,-0.2222340925355312
2027-07-14,ETH,-0.0
2027-07-14,US10Y,0.006927592093717329
2027-07-14,CN10Y,0.0014743552464241754
2027-07-15,000300.SH,-0.024925647488454744
2027-07-15,SPX,0.16411233157433783
2027-07-15,HSI,-0.0
2027-07-15,N225,-0.011107131015443297
2027-07-15,SX5E,0.02334623970361966
2027-07-15,000688.SH,-0.014564161381242485
2027-07-15,SOX,0.022102280873844412
2027-07-15,NDX,-0.07529531179294575
2027-07-15,XAU,-0.034434743200298094
2027-07-15,COPPER,-0.009795428307331797
2027-07-15,WTI,0.03598250188272781
2027-07-15,BTC,-0.07036899757092485
2027-07-15,ETH,-0.0
2027-07-15,US10Y,0.007640934458857206
2027-07-15,CN10Y,-0.012692867736745191
2027-07-16,000300.SH,-0.019796796496108826
2027-07-16,SPX,0.17226589178062082
2027-07-16,HSI,-0.0
2027-07-16,N225,0.0005032677846355717
2027-07-16,SX5E,0.012691720789788342
2027-07-16,000688.SH,-0.02748213437126434
2027-07-16,SOX,-0.0051526143139331015
2027-07-16,NDX,-0.048077150334145745
2027-07-16,XAU,-0.053546824706996
2027-07-16,COPPER,0.01471810006359393
2027-07-16,WTI,0.05677436902373817
2027-07-16,BTC,-0.07887602118508702
2027-07-16,ETH,-0.0
2027-07-16,US10Y,0.0014484397836589068
2027-07-16,CN10Y,-0.025470247818499624
2027-07-19,000300.SH,-0.054621469268252475
2027-07-19,SPX,0.14616761110366347
2027-07-19,HSI,-0.0
2027-07-19,N225,0.01622688584420596
2027-07-19,SX5E,0.04005293608333102
2027-07-19,000688.SH,-0.04638888436356764
2027-07-19,SOX,0.012921973626204515
2027-07-19,NDX,-0.048181326620118946
2027-07-19,XAU,-0.08534282099326435
2027-07-19,COPPER,0.04082593379579054
2027-07-19,WTI,0.12815009849997938
2027-07-19,BTC,-0.12145598689768222
2027-07-19,ETH,-0.0
2027-07-19,US10Y,0.004280142614878307
2027-07-19,CN10Y,-0.03263509342516664
2027-07-20,000300.SH,-0.05329348872657297
2027-07-20,SPX,0.13838575125611244
2027-07-20,HSI,-0.0
2027-07-20,N225,0.001747725054258499
2027-07-20,SX5E,0.0545026718188918
2027-07-20,000688.SH,0.0039344606123552645
2027-07-20,SOX,0.06460922161968358
2027-07-20,NDX,-0.08800979891779116
2027-07-20,XAU,-0.05942521561147214
2027-07-20,COPPER,0.024789670108965316
2027-07-20,WTI,0.0701698626284724
2027-07-20,BTC,-0.07399058894374169
2027-07-20,ETH,-0.0
2027-07-20,US10Y,-0.009462166251223904
2027-07-20,CN10Y,-0.07395810464793844
2027-07-21,000300.SH,-0.04709434776450909
2027-07-21,SPX,0.13783211684179222
2027-07-21,HSI,-0.0
2027-07-21,N225,-0.004732791590372105
2027-07-21,SX5E,0.061115929136277274
2027-07-21,000688.SH,0.00551226590086927
2027-07-21,SOX,0.08822523185128109
2027-07-21,NDX,-0.08370769455234386
2027-07-21,XAU,-0.054452341946283865
2027-07-21,COPPER,0.054935558313830256
2027-07-21,WTI,0.00116678460949253
2027-07-21,BTC,-0.05957485519525773
2027-07-21,ETH,-0.0
2027-07-21,US10Y,-0.019960806769630517
2027-07-21,CN10Y,-0.07926504883514601
2027-07-22,000300.SH,-0.08359763098606321
2027-07-22,SPX,0.1315253057517598
2027-07-22,HSI,-0.0
2027-07-22,N225,-0.018399859459668794
2027-07-22,SX5E,0.06572493727114292
2027-07-22,000688.SH,0.07416939244850508
2027-07-22,SOX,0.036925216495000905
2027-07-22,NDX,-0.07001959302445297
2027-07-22,XAU,-0.034035064790514546
2027-07-22,COPPER,0.03285097952877474
2027-07-22,WTI,0.011462431790817323
2027-07-22,BTC,-0.026523275735427308
2027-07-22,ETH,-0.0
2027-07-22,US10Y,-0.03240088186808389
2027-07-22,CN10Y,-0.08768195742178987
2027-07-23,000300.SH,-0.06438820261667448
2027-07-23,SPX,0.1118562151321487
2027-07-23,HSI,-0.0
2027-07-23,N225,-0.013032591204338898
2027-07-23,SX5E,0.06108447255756717
2027-07-23,000688.SH,0.07185350169618705
2027-07-23,SOX,0.021746623109035114
2027-07-23,NDX,-0.07982673592074327
2027-07-23,XAU,-0.036422361064333726
2027-07-23,COPPER,0.03087984411156798
2027-07-23,WTI,0.002771143959524434
2027-07-23,BTC,0.028193260250868674
2027-07-23,ETH,-0.0
2027-07-23,US10Y,-0.05743635478471677
2027-07-23,CN10Y,-0.07727881522609012
2027-07-26,000300.SH,-0.07141534894431205
2027-07-26,SPX,0.10827454297091499
2027-07-26,HSI,-0.0
2027-07-26,N225,0.014631859453130835
2027-07-26,SX5E,0.08754148485998742
2027-07-26,000688.SH,0.057441418974851007
2027-07-26,SOX,0.0028434965455811714
2027-07-26,NDX,-0.10277957031284665
2027-07-26,XAU,-0.030481783205637714
2027-07-26,COPPER,0.02047630393516628
2027-07-26,WTI,0.02261240109790725
2027-07-26,BTC,0.04465383658595578
2027-07-26,ETH,-0.0
2027-07-26,US10Y,-0.0644212431561234
2027-07-26,CN10Y,-0.08937739880457363
2027-07-27,000300.SH,-0.06802118853298049
2027-07-27,SPX,0.10288167449169242
2027-07-27,HSI,-0.0
2027-07-27,N225,0.05996933935953174
2027-07-27,SX5E,0.07499296557140493
2027-07-27,000688.SH,0.05012489289841651
2027-07-27,SOX,-0.0038606653422531634
2027-07-27,NDX,-0.07917324602796764
2027-07-27,XAU,-0.029932180217681247
2027-07-27,COPPER,-0.021240047888543296
2027-07-27,WTI,0.009563395831876773
2027-07-27,BTC,0.05428045638572855
2027-07-27,ETH,-0.0
2027-07-27,US10Y,-0.07554160880651828
2027-07-27,CN10Y,-0.07404378772270592
2027-07-28,000300.SH,-0.045951762084892656
2027-07-28,SPX,0.09051012835038519
2027-07-28,HSI,-0.0
2027-07-28,N225,0.02851270976776942
2027-07-28,SX5E,0.07322839082369113
2027-07-28,000688.SH,0.07810478372262374
2027-07-28,SOX,0.014673787583880982
2027-07-28,NDX,-0.08260377662550637
2027-07-28,XAU,-0.03291787699393375
2027-07-28,COPPER,-0.0042923406612803364
2027-07-28,WTI,0.026077315798379165
2027-07-28,BTC,0.017963580289680647
2027-07-28,ETH,-0.0
2027-07-28,US10Y,-0.0804437125792362
2027-07-28,CN10Y,-0.0828612273915603
2027-07-29,000300.SH,-0.0521554411735492
2027-07-29,SPX,0.08623004951003022
2027-07-29,HSI,-0.0
2027-07-29,N225,0.022275094335533152
2027-07-29,SX5E,0.04553762887748427
2027-07-29,000688.SH,0.1096627052627922
2027-07-29,SOX,-0.002947147045088921
2027-07-29,NDX,-0.09796637947825247
2027-07-29,XAU,-0.002306446780131581
2027-07-29,COPPER,-0.00931139910022841
2027-07-29,WTI,0.06038882887043462
2027-07-29,BTC,-0.0076017571978463545
2027-07-29,ETH,-0.0
2027-07-29,US10Y,-0.06021875967542198
2027-07-29,CN10Y,-0.09158697640575465
2027-07-30,000300.SH,-0.04415669703711156
2027-07-30,SPX,0.055910776570520695
2027-07-30,HSI,-0.0
2027-07-30,N225,-0.030981686311173665
2027-07-30,SX5E,0.011035459129772517
2027-07-30,000688.SH,0.09242591605344534
2027-07-30,SOX,0.010037350053931983
2027-07-30,NDX,-0.048172092118849034
2027-07-30,XAU,0.008420104223779524
2027-07-30,COPPER,0.041885465019004434
2027-07-30,WTI,0.039370547013690374
2027-07-30,BTC,0.024371145118236022
2027-07-30,ETH,-0.0
2027-07-30,US10Y,-0.07889091727260933
2027-07-30,CN10Y,-0.08125537044263431
2027-08-02,000300.SH,-0.04030070655306492
2027-08-02,SPX,0.03317235464382104
2027-08-02,HSI,-0.0
2027-08-02,N225,-0.05781915170385727
2027-08-02,SX5E,-0.012968339514963973
2027-08-02,000688.SH,0.053861628137325604
2027-08-02,SOX,0.05024054063880416
2027-08-02,NDX,-0.07199431909929646
2027-08-02,XAU,0.002535563689464407
2027-08-02,COPPER,0.06867715610678227
2027-08-02,WTI,0.06703730693923587
2027-08-02,BTC,0.0253268273117047
2027-08-02,ETH,-0.0
2027-08-02,US10Y,-0.07133635402560212
2027-08-02,CN10Y,-0.046432506570350085
2027-08-03,000300.SH,-0.030454787645278536
2027-08-03,SPX,0.02874852428448713
2027-08-03,HSI,-0.0
2027-08-03,N225,-0.05775723441161133
2027-08-03,SX5E,-0.0025598640052133838
2027-08-03,000688.SH,-0.014295745878139372
2027-08-03,SOX,0.12914388746688243
2027-08-03,NDX,-0.05926076607123186
2027-08-03,XAU,-0.008156981437425295
2027-08-03,COPPER,0.05554909241070222
2027-08-03,WTI,0.050529810230336036
2027-08-03,BTC,-0.007187385508805062
2027-08-03,ETH,-0.0
2027-08-03,US10Y,-0.0725878770587988
2027-08-03,CN10Y,-0.011710672375900687
2027-08-04,000300.SH,-0.02374995193707744
2027-08-04,SPX,0.027229434701721872
2027-08-04,HSI,-0.0
2027-08-04,N225,-0.05346392688955166
2027-08-04,SX5E,-0.005853362191289891
2027-08-04,000688.SH,0.025765707448630257
2027-08-04,SOX,0.19201058103143362
2027-08-04,NDX,-0.07636220933645764
2027-08-04,XAU,-0.02117306727891296
2027-08-04,COPPER,0.07082803249358618
2027-08-04,WTI,-0.053026027192353005
2027-08-04,BTC,-0.015354574767723029
2027-08-04,ETH,-0.0
2027-08-04,US10Y,-0.06064705819033785
2027-08-04,CN10Y,-0.006203577891664274
2027-08-05,000300.SH,-0.020678392224110824
2027-08-05,SPX,0.030431498468552247
2027-08-05,HSI,-0.0
2027-08-05,N225,-0.08591551450891205
2027-08-05,SX5E,-0.008260229211885357
2027-08-05,000688.SH,0.05565090051361251
2027-08-05,SOX,0.1336866836127355
2027-08-05,NDX,-0.0727281330523536
2027-08-05,XAU,-0.004323503583544525
2027-08-05,COPPER,0.05636992247845779
2027-08-05,WTI,-0.05895178574591229
2027-08-05,BTC,0.026286665519975848
2027-08-05,ETH,-0.0
2027-08-05,US10Y,-0.07400671243209134
2027-08-05,CN10Y,0.022438600165481822
2027-08-06,000300.SH,-0.04820375385925174
2027-08-06,SPX,0.03548077674188696
2027-08-06,HSI,-0.0
2027-08-06,N225,-0.13457842962620803
2027-08-06,SX5E,0.01032864844618037
2027-08-06,000688.SH,0.05300804222289101
2027-08-06,SOX,0.10773263556168952
2027-08-06,NDX,-0.06572834706339464
2027-08-06,XAU,0.011754543218840025
2027-08-06,COPPER,0.05424302924640238
2027-08-06,WTI,-0.016738725525185547
2027-08-06,BTC,-0.0024003864781377126
2027-08-06,ETH,-0.0
2027-08-06,US10Y,-0.04731356623419354
2027-08-06,CN10Y,0.04241553334848747
2027-08-09,000300.SH,-0.06577567158481884
2027-08-09,SPX,0.01948273967467416
2027-08-09,HSI,-0.0
2027-08-09,N225,-0.14127512006243576
2027-08-09,SX5E,0.02524125838877246
2027-08-09,000688.SH,0.06256789385047176
2027-08-09,SOX,0.11934689542404822
2027-08-09,NDX,-0.06340048390759806
2027-08-09,XAU,0.03114504176026159
2027-08-09,COPPER,0.03895313248336095
2027-08-09,WTI,-0.025033912423323257
2027-08-09,BTC,0.03050355384523276
2027-08-09,ETH,-0.0
2027-08-09,US10Y,-0.0525096854720295
2027-08-09,CN10Y,0.020754358023389534
2027-08-10,000300.SH,-0.07815078129125592
2027-08-10,SPX,0.02827095441267299
2027-08-10,HSI,-0.0
2027-08-10,N225,-0.14059008807857606
2027-08-10,SX5E,0.016357739977446262
2027-08-10,000688.SH,0.042848094562473515
2027-08-10,SOX,0.11936951338598897
2027-08-10,NDX,-0.06428789395844099
2027-08-10,XAU,0.03404660439470642
2027-08-10,COPPER,0.07658145838754477
2027-08-10,WTI,-0.046188507954714096
2027-08-10,BTC,0.041299177987608515
2027-08-10,ETH,-0.0
2027-08-10,US10Y,-0.07582273700795655
2027-08-10,CN10Y,0.046266465182504796
2027-08-11,000300.SH,-0.049975139070212865
2027-08-11,SPX,-0.00144807643837681
2027-08-11,HSI,-0.0
2027-08-11,N225,-0.15779516485503176
2027-08-11,SX5E,0.016613229763823366
2027-08-11,000688.SH,0.020616112523520313
2027-08-11,SOX,0.15726131416767108
2027-08-11,NDX,-0.02303306986548123
2027-08-11,XAU,0.01854759650638846
2027-08-11,COPPER,0.041939464796720546
2027-08-11,WTI,-0.0702371432863856
2027-08-11,BTC,0.06950477628075577
2027-08-11,ETH,-0.0
2027-08-11,US10Y,-0.06045841566238442
2027-08-11,CN10Y,0.03846451513899262
2027-08-12,000300.SH,-0.04663784128468561
2027-08-12,SPX,-0.014635412745099122
2027-08-12,HSI,-0.0
2027-08-12,N225,-0.14235553804143272
2027-08-12,SX5E,0.01031345049099765
2027-08-12,000688.SH,0.003442364024165586
2027-08-12,SOX,0.12651627845224636
2027-08-12,NDX,-0.026809521393843697
2027-08-12,XAU,0.027756879072550596
2027-08-12,COPPER,0.04838814023789921
2027-08-12,WTI,0.02020594154292122
2027-08-12,BTC,0.0027854688398652114
2027-08-12,ETH,-0.0
2027-08-12,US10Y,-0.05490049575988096
2027-08-12,CN10Y,0.045930286564296034
2027-08-13,000300.SH,-0.05768208253881723
2027-08-13,SPX,-0.01775146944022281
2027-08-13,HSI,-0.0
2027-08-13,N225,-0.12822189970568346
2027-08-13,SX5E,0.008311030715784573
2027-08-13,000688.SH,0.01591496546121627
2027-08-13,SOX,0.14634532469668252
2027-08-13,NDX,-0.056630978300939105
2027-08-13,XAU,0.03661739388612145
2027-08-13,COPPER,0.002910520003368008
2027-08-13,WTI,0.0418386011081232
2027-08-13,BTC,0.005907529995555093
2027-08-13,ETH,-0.0
2027-08-13,US10Y,-0.05731347413219365
2027-08-13,CN10Y,0.059754538251004866
2027-08-16,000300.SH,-0.04149280835358428
2027-08-16,SPX,-0.003165110754795683
2027-08-16,HSI,-0.0
2027-08-16,N225,-0.12120082082980718
2027-08-16,SX5E,-0.03215929956763985
2027-08-16,000688.SH,0.01857014295916031
2027-08-16,SOX,0.12365318900366247
2027-08-16,NDX,-0.0344536815289721
2027-08-16,XAU,0.06437367428714476
2027-08-16,COPPER,-0.015353218348831717
2027-08-16,WTI,-0.03141788923763321
2027-08-16,BTC,0.061494255837573085
2027-08-16,ETH,-0.0
2027-08-16,US10Y,-0.05867410224744378
2027-08-16,CN10Y,0.06982566878116658
2027-08-17,000300.SH,-0.024929495537234756
2027-08-17,SPX,0.04079039317936676
2027-08-17,HSI,-0.0
2027-08-17,N225,-0.08198183961324051
2027-08-17,SX5E,-0.007976540793510085
2027-08-17,000688.SH,-0.001066025286294632
2027-08-17,SOX,0.1069787936026646
2027-08-17,NDX,-0.010346790957305087
2027-08-17,XAU,0.05312854550349545
2027-08-17,COPPER,-0.01180543058646174
2027-08-17,WTI,-0.0769565820187519
2027-08-17,BTC,-0.003973595827795294
2027-08-17,ETH,-0.0
2027-08-17,US10Y,-0.046144120427881
2027-08-17,CN10Y,0.06428268876294953
2027-08-18,000300.SH,-0.02488019029207224
2027-08-18,SPX,0.031307472581617465
2027-08-18,HSI,-0.0
2027-08-18,N225,-0.09956910220365468
2027-08-18,SX5E,0.01559370047309008
2027-08-18,000688.SH,0.008917826460275871
2027-08-18,SOX,0.04341991534619004
2027-08-18,NDX,-0.019129388866240143
2027-08-18,XAU,0.05012088755607698
2027-08-18,COPPER,-0.0428241880294023
2027-08-18,WTI,-0.052662137964417904
2027-08-18,BTC,0.04956938842293158
2027-08-18,ETH,-0.0
2027-08-18,US10Y,-0.0342979325989138
2027-08-18,CN10Y,0.07443374911451855
2027-08-19,000300.SH,-0.015624058858772938
2027-08-19,SPX,0.02365874639748346
2027-08-19,HSI,-0.0
2027-08-19,N225,-0.08453145975222712
2027-08-19,SX5E,0.0033294848206087144
2027-08-19,000688.SH,-0.04009246608554685
2027-08-19,SOX,0.04659784544462197
2027-08-19,NDX,-0.006463830225570244
2027-08-19,XAU,0.051929498940081566
2027-08-19,COPPER,-0.017874661486266475
2027-08-19,WTI,-0.04766790227088501
2027-08-19,BTC,0.028957665123385944
2027-08-19,ETH,-0.0
2027-08-19,US10Y,-0.0249120584813497
2027-08-19,CN10Y,0.08269319643443465
2027-08-20,000300.SH,-0.03208474581402445
2027-08-20,SPX,0.003802216115073472
2027-08-20,HSI,-0.0
2027-08-20,N225,-0.053505562203734446
2027-08-20,SX5E,0.008122270757841867
2027-08-20,000688.SH,-0.049826002323455985
2027-08-20,SOX,0.05704318886131304
2027-08-20,NDX,0.00029818457680648057
2027-08-20,XAU,0.04922004497311409
2027-08-20,COPPER,0.02388431719783759
2027-08-20,WTI,-0.09226985895537235
2027-08-20,BTC,0.032111043136824155
2027-08-20,ETH,-0.0
2027-08-20,US10Y,0.0009089095414048128
2027-08-20,CN10Y,0.05229599413637158
2027-08-23,000300.SH,-0.040323321631297135
2027-08-23,SPX,0.0109344292521687
2027-08-23,HSI,-0.0
2027-08-23,N225,-0.05827076557577936
2027-08-23,SX5E,0.0019913603379349684
2027-08-23,000688.SH,-0.009344970700098952
2027-08-23,SOX,0.08383508624130159
2027-08-23,NDX,-0.01651875815719064
2027-08-23,XAU,0.03469403080475646
2027-08-23,COPPER,-0.0016985511844518353
2027-08-23,WTI,-0.12605539806030766
2027-08-23,BTC,0.05636150310527198
2027-08-23,ETH,-0.0
2027-08-23,US10Y,0.013755950715173217
2027-08-23,CN10Y,0.05063940485251906
2027-08-24,000300.SH,-0.0354680877476818
2027-08-24,SPX,-0.013116186952761892
2027-08-24,HSI,-0.0
2027-08-24,N225,-0.08131118554756928
2027-08-24,SX5E,0.014252910950687554
2027-08-24,000688.SH,-0.0016086474729197064
2027-08-24,SOX,0.0877224264501075
2027-08-24,NDX,-0.0033787948101625317
2027-08-24,XAU,0.057208141354172806
2027-08-24,COPPER,0.013991977713870866
2027-08-24,WTI,-0.12358421087840837
2027-08-24,BTC,0.04054563472473681
2027-08-24,ETH,-0.0
2027-08-24,US10Y,0.015432771308349346
2027-08-24,CN10Y,0.0293132509075805
2027-08-25,000300.SH,-0.03603569060133125
2027-08-25,SPX,-0.03347486641715979
2027-08-25,HSI,-0.0
2027-08-25,N225,-0.0809760622824104
2027-08-25,SX5E,0.029891782736666348
2027-08-25,000688.SH,0.029935764925310478
2027-08-25,SOX,0.07957411922760352
2027-08-25,NDX,0.004838663125988704
2027-08-25,XAU,0.04973619507020216
2027-08-25,COPPER,0.014349196067688273
2027-08-25,WTI,-0.17806077485404642
2027-08-25,BTC,0.04889766696327599
2027-08-25,ETH,-0.0
2027-08-25,US10Y,0.025604308168543217
2027-08-25,CN10Y,0.04571969786967049
2027-08-26,000300.SH,-0.03320789516855913
2027-08-26,SPX,-0.05332692587744599
2027-08-26,HSI,-0.0
2027-08-26,N225,-0.07570399969885327
2027-08-26,SX5E,0.06774034355939937
2027-08-26,000688.SH,0.01649649987167745
2027-08-26,SOX,0.0644293886825199
2027-08-26,NDX,0.02349177740688277
2027-08-26,XAU,0.021858938878725594
2027-08-26,COPPER,0.016933297022596848
2027-08-26,WTI,-0.16480821847451405
2027-08-26,BTC,0.08627542575563604
2027-08-26,ETH,-0.0
2027-08-26,US10Y,-0.006893546472652759
2027-08-26,CN10Y,0.03671491451458838
2027-08-27,000300.SH,-0.08033192855122044
2027-08-27,SPX,-0.05380473652299965
2027-08-27,HSI,-0.0
2027-08-27,N225,-0.0452605566368177
2027-08-27,SX5E,0.10797561950386925
2027-08-27,000688.SH,0.07669695495458143
2027-08-27,SOX,0.03970612115696605
2027-08-27,NDX,-0.0016609283475926663
2027-08-27,XAU,0.010467158665641971
2027-08-27,COPPER,0.025778372890634043
2027-08-27,WTI,-0.10353753527484667
2027-08-27,BTC,-0.016289433630013485
2027-08-27,ETH,-0.0
2027-08-27,US10Y,-0.0017150685610413888
2027-08-27,CN10Y,0.04197596035284068
2027-08-30,000300.SH,-0.09083043937226083
2027-08-30,SPX,-0.04131382734551392
2027-08-30,HSI,-0.0
2027-08-30,N225,-0.05510549325806404
2027-08-30,SX5E,0.12577179639083044
2027-08-30,000688.SH,0.0799245170585176
2027-08-30,SOX,0.049971455944122806
2027-08-30,NDX,-6.818773492237896e-05
2027-08-30,XAU,-0.002122969804343391
2027-08-30,COPPER,0.018989525789089134
2027-08-30,WTI,-0.08028787623845843
2027-08-30,BTC,-0.027515731196698177
2027-08-30,ETH,-0.0
2027-08-30,US10Y,-0.00969436911624681
2027-08-30,CN10Y,0.03228159888394845
2027-08-31,000300.SH,-0.1070851598963163
2027-08-31,SPX,-0.01580860851079069
2027-08-31,HSI,-0.0
2027-08-31,N225,-0.05011777859995507
2027-08-31,SX5E,0.12520397932078997
2027-08-31,000688.SH,0.14166985499318127
2027-08-31,SOX,0.03633044745054558
2027-08-31,NDX,0.007248159992757602
2027-08-31,XAU,0.0011134833162083908
2027-08-31,COPPER,0.009163278269640758
2027-08-31,WTI,-0.10713549808558043
2027-08-31,BTC,-0.05451828678495277
2027-08-31,ETH,-0.0
2027-08-31,US10Y,0.0008691482529363422
2027-08-31,CN10Y,0.01306698028153634
2027-09-01,000300.SH,-0.08101148206932304
2027-09-01,SPX,-0.03691630915089866
2027-09-01,HSI,-0.0
2027-09-01,N225,-0.06273382479372958
2027-09-01,SX5E,0.13503107450530966
2027-09-01,000688.SH,0.08474318583622073
2027-09-01,SOX,-0.047966449595840274
2027-09-01,NDX,0.018857969071482288
2027-09-01,XAU,0.028026680612630882
2027-09-01,COPPER,0.01583877555679947
2027-09-01,WTI,-0.04541119566076844
2027-09-01,BTC,-0.032811508796400775
2027-09-01,ETH,-0.0
2027-09-01,US10Y,8.529080916183651e-06
2027-09-01,CN10Y,0.024344555403600306
2027-09-02,000300.SH,-0.07679458520897305
2027-09-02,SPX,-0.04091574973332617
2027-09-02,HSI,-0.0
2027-09-02,N225,-0.042249201565490696
2027-09-02,SX5E,0.1648644946793015
2027-09-02,000688.SH,0.05945876746933567
2027-09-02,SOX,-0.019978406975078605
2027-09-02,NDX,0.03181762936881315
2027-09-02,XAU,0.02796740584702558
2027-09-02,COPPER,0.005063469981000535
2027-09-02,WTI,-0.10507033630901302
2027-09-02,BTC,-0.04714028788033645
2027-09-02,ETH,-0.0
2027-09-02,US10Y,0.007112252170309259
2027-09-02,CN10Y,0.03586454815643024
2027-09-03,000300.SH,-0.04733189645051015
2027-09-03,SPX,-0.03883230462639384
2027-09-03,HSI,-0.0
2027-09-03,N225,-0.007262843432447379
2027-09-03,SX5E,0.15201915326724114
2027-09-03,000688.SH,0.07429889784469766
2027-09-03,SOX,-0.04323883860091143
2027-09-03,NDX,0.031494442949960684
2027-09-03,XAU,-0.0028084608348154932
2027-09-03,COPPER,0.01122813250049369
2027-09-03,WTI,-0.10877341585712312
2027-09-03,BTC,-0.06882570355458266
2027-09-03,ETH,-0.0
2027-09-03,US10Y,0.010500720154742491
2027-09-03,CN10Y,0.037532116639645174
2027-09-06,000300.SH,-0.011564930025936181
2027-09-06,SPX,-0.04744518407295836
2027-09-06,HSI,-0.0
2027-09-06,N225,-0.01065157784266696
2027-09-06,SX5E,0.10895527943166947
2027-09-06,000688.SH,0.05661114665301719
2027-09-06,SOX,-0.024064813337045767
2027-09-06,NDX,0.03909433545869744
2027-09-06,XAU,0.0007459448950718943
2027-09-06,COPPER,0.0503538406370065
2027-09-06,WTI,-0.12277344538408218
2027-09-06,BTC,-0.08459498588551595
2027-09-06,ETH,-0.0
2027-09-06,US10Y,0.006152757030381572
2027-09-06,CN10Y,0.03918163244235834
2027-09-07,000300.SH,-0.0017926014893804277
2027-09-07,SPX,-0.10832762622732442
2027-09-07,HSI,-0.0
2027-09-07,N225,0.006686772455691554
2027-09-07,SX5E,0.11576789839535201
2027-09-07,000688.SH,0.07969894492883457
2027-09-07,SOX,-0.06296266086268207
2027-09-07,NDX,0.017483072884524074
2027-09-07,XAU,-0.01346425551849086
2027-09-07,COPPER,0.030802378871604492
2027-09-07,WTI,-0.06322757996764097
2027-09-07,BTC,-0.0602274387002298
2027-09-07,ETH,-0.0
2027-09-07,US10Y,0.027876882424511588
2027-09-07,CN10Y,0.03168621280522895
2027-09-08,000300.SH,0.006225179993940231
2027-09-08,SPX,-0.06823489373488908
2027-09-08,HSI,-0.0
2027-09-08,N225,0.03538706036474193
2027-09-08,SX5E,0.0847944881837274
2027-09-08,000688.SH,0.06849463962285547
2027-09-08,SOX,-0.12470872068783609
2027-09-08,NDX,0.00908677184585267
2027-09-08,XAU,-0.016701984545810088
2027-09-08,COPPER,0.04403531547813125
2027-09-08,WTI,-0.04726388502522878
2027-09-08,BTC,-0.08584772972748231
2027-09-08,ETH,-0.0
2027-09-08,US10Y,0.03222457631287906
2027-09-08,CN10Y,0.06250918191911897
2027-09-09,000300.SH,0.010411490244407271
2027-09-09,SPX,-0.06343968118457549
2027-09-09,HSI,-0.0
2027-09-09,N225,0.03153180969792988
2027-09-09,SX5E,0.09148560791535618
2027-09-09,000688.SH,0.0824539001775429
2027-09-09,SOX,-0.11672100187402802
2027-09-09,NDX,-0.001815188532511479
2027-09-09,XAU,-0.05173744579107603
2027-09-09,COPPER,0.04546170292071945
2027-09-09,WTI,-0.04499381431530925
2027-09-09,BTC,-0.05902601026743044
2027-09-09,ETH,-0.0
2027-09-09,US10Y,0.029698089130123357
2027-09-09,CN10Y,0.04669054187885227
2027-09-10,000300.SH,0.012619896209403354
2027-09-10,SPX,-0.09192045867732473
2027-09-10,HSI,-0.0
2027-09-10,N225,0.01026692827356293
2027-09-10,SX5E,0.09634204987202913
2027-09-10,000688.SH,0.1114590499362629
2027-09-10,SOX,-0.14629412203708664
2027-09-10,NDX,0.038816634654473624
2027-09-10,XAU,-0.03419010170050377
2027-09-10,COPPER,0.04954383633974301
2027-09-10,WTI,-0.09197179899473285
2027-09-10,BTC,-0.05128478082950283
2027-09-10,ETH,-0.0
2027-09-10,US10Y,0.03140886814255214
2027-09-10,CN10Y,0.06520399881112322
2027-09-13,000300.SH,0.021702448789386524
2027-09-13,SPX,-0.0842422112071175
2027-09-13,HSI,-0.0
2027-09-13,N225,-0.002077008709091132
2027-09-13,SX5E,0.10682557218831226
2027-09-13,000688.SH,0.11225044777437998
2027-09-13,SOX,-0.12632843679202915
2027-09-13,NDX,0.04919772515337441
2027-09-13,XAU,-0.020328488846718944
2027-09-13,COPPER,0.056875993466549604
2027-09-13,WTI,-0.10927835547732448
2027-09-13,BTC,-0.10188751406947365
2027-09-13,ETH,-0.0
2027-09-13,US10Y,0.03665295299790229
2027-09-13,CN10Y,0.06063687473184959
2027-09-14,000300.SH,0.03981914319051835
2027-09-14,SPX,-0.1139673189736383
2027-09-14,HSI,-0.0
2027-09-14,N225,-0.0209891513361257
2027-09-14,SX5E,0.06281576107751052
2027-09-14,000688.SH,0.09924632325845642
2027-09-14,SOX,-0.10584468860772245
2027-09-14,NDX,0.050027985465953675
2027-09-14,XAU,-0.016209489183158413
2027-09-14,COPPER,0.04813611855860162
2027-09-14,WTI,-0.0673547086769924
2027-09-14,BTC,-0.04694276690227014
2027-09-14,ETH,-0.0
2027-09-14,US10Y,0.014261914989810682
2027-09-14,CN10Y,0.05700087713905705
2027-09-15,000300.SH,0.039239054012856135
2027-09-15,SPX,-0.08756620621737021
2027-09-15,HSI,-0.0
2027-09-15,N225,0.03464702684996013
2027-09-15,SX5E,0.06776499249637204
2027-09-15,000688.SH,0.0854460377454799
2027-09-15,SOX,-0.06802835879259223
2027-09-15,NDX,0.05289462487771631
2027-09-15,XAU,-0.020046158116017003
2027-09-15,COPPER,0.056623786013912866
2027-09-15,WTI,-0.0767537547765969
2027-09-15,BTC,-0.13441175559833873
2027-09-15,ETH,-0.0
2027-09-15,US10Y,0.019718484233834987
2027-09-15,CN10Y,0.030472227270784528
2027-09-16,000300.SH,0.06438014930077568
2027-09-16,SPX,-0.10248610493042318
2027-09-16,HSI,-0.0
2027-09-16,N225,0.063339787110276
2027-09-16,SX5E,0.05193361733661561
2027-09-16,000688.SH,0.06841031270258839
2027-09-16,SOX,-0.0721155423358483
2027-09-16,NDX,0.05487989047678947
2027-09-16,XAU,-0.04197157235339932
2027-09-16,COPPER,0.057207998322349504
2027-09-16,WTI,-0.08157898389218567
2027-09-16,BTC,-0.09202105628163752
2027-09-16,ETH,-0.0
2027-09-16,US10Y,0.017141244800804128
2027-09-16,CN10Y,0.012880259743297888
2027-09-17,000300.SH,0.04376728812739403
2027-09-17,SPX,-0.09165215098116786
2027-09-17,HSI,-0.0
2027-09-17,N225,0.02435083718686195
2027-09-17,SX5E,0.0721753794029668
2027-09-17,000688.SH,0.07577483826763812
2027-09-17,SOX,-0.028642590284509342
2027-09-17,NDX,0.08627541580428444
2027-09-17,XAU,-0.03874788361898179
2027-09-17,COPPER,0.004071105013141139
2027-09-17,WTI,-0.059021938857000036
2027-09-17,BTC,-0.12990695047985945
2027-09-17,ETH,-0.0
2027-09-17,US10Y,-0.0006498199570285496
2027-09-17,CN10Y,0.04220647037626134
2027-09-20,000300.SH,0.05752218438295155
2027-09-20,SPX,-0.09801201299021711
2027-09-20,HSI,-0.0
2027-09-20,N225,0.015501313494175526
2027-09-20,SX5E,0.0595062550581201
2027-09-20,000688.SH,0.04334484406850529
2027-09-20,SOX,-0.02600227097426433
2027-09-20,NDX,0.08768414885908467
2027-09-20,XAU,-0.036728387520189525
2027-09-20,COPPER,0.051655400135339216
2027-09-20,WTI,-0.040728217265040494
2027-09-20,BTC,-0.13596864658953248
2027-09-20,ETH,-0.0
2027-09-20,US10Y,-0.008118690224162235
2027-09-20,CN10Y,0.030344079565228735
2027-09-21,000300.SH,0.028650467166182164
2027-09-21,SPX,-0.11647652980125617
2027-09-21,HSI,-0.0
2027-09-21,N225,0.023308736562393732
2027-09-21,SX5E,0.0373189479772883
2027-09-21,000688.SH,0.01821587585005813
2027-09-21,SOX,-0.030992165563953174
2027-09-21,NDX,0.04865242287415161
2027-09-21,XAU,-0.05392754739050204
2027-09-21,COPPER,0.06902916122349659
2027-09-21,WTI,-0.006177358942579061
2027-09-21,BTC,-0.07999915734388574
2027-09-21,ETH,-0.0
2027-09-21,US10Y,-0.009119081076052903
2027-09-21,CN10Y,0.07151622846465569
2027-09-22,000300.SH,0.011909153949192643
2027-09-22,SPX,-0.08576874216275412
2027-09-22,HSI,-0.0
2027-09-22,N225,0.041632771209495496
2027-09-22,SX5E,0.011190422998703473
2027-09-22,000688.SH,-0.046454274144980726
2027-09-22,SOX,0.020621631489481602
2027-09-22,NDX,0.033879354800088676
2027-09-22,XAU,-0.05426743921729344
2027-09-22,COPPER,0.037744535274694666
2027-09-22,WTI,0.04099878012576507
2027-09-22,BTC,-0.04907176814411059
2027-09-22,ETH,-0.0
2027-09-22,US10Y,-0.03266245377540215
2027-09-22,CN10Y,0.07024802759711848
2027-09-23,000300.SH,0.01857715183634032
2027-09-23,SPX,-0.052216487301196976
2027-09-23,HSI,-0.0
2027-09-23,N225,0.02467687323645537
2027-09-23,SX5E,-0.028461026652829024
2027-09-23,000688.SH,-0.0389346700587119
2027-09-23,SOX,0.06971370427497181
2027-09-23,NDX,0.02367958388698761
2027-09-23,XAU,-0.05514161185574183
2027-09-23,COPPER,0.03659472794447595
2027-09-23,WTI,0.013180239347377047
2027-09-23,BTC,-0.0655471301518397
2027-09-23,ETH,-0.0
2027-09-23,US10Y,-0.028621551873677403
2027-09-23,CN10Y,0.08250019736738715
2027-09-24,000300.SH,0.06600227677943561
2027-09-24,SPX,-0.001960278866664937
2027-09-24,HSI,-0.0
2027-09-24,N225,0.01835798572571056
2027-09-24,SX5E,-0.034705200829737985
2027-09-24,000688.SH,-0.07142286493795044
2027-09-24,SOX,0.04764520766804922
2027-09-24,NDX,-0.008435213595410381
2027-09-24,XAU,-0.03524987681128502
2027-09-24,COPPER,0.009169705095595854
2027-09-24,WTI,-0.07390976710742099
2027-09-24,BTC,0.004484413960819847
2027-09-24,ETH,-0.0
2027-09-24,US10Y,-0.02316761242962679
2027-09-24,CN10Y,0.10319122534848425
2027-09-27,000300.SH,0.06925816673726164
2027-09-27,SPX,-0.002188141197360624
2027-09-27,HSI,-0.0
2027-09-27,N225,0.04031123912082126
2027-09-27,SX5E,-0.02621636791641467
2027-09-27,000688.SH,-0.05361409080374386
2027-09-27,SOX,0.01683178393999107
2027-09-27,NDX,-0.018023940835222983
2027-09-27,XAU,-0.028633082892572465
2027-09-27,COPPER,0.025347946881893485
2027-09-27,WTI,-0.06840994653145517
2027-09-27,BTC,-0.0356553918324176
2027-09-27,ETH,-0.0
2027-09-27,US10Y,-0.004215543672127349
2027-09-27,CN10Y,0.08520736900134762
2027-09-28,000300.SH,0.09230126261217622
2027-09-28,SPX,-0.016754691545000713
2027-09-28,HSI,-0.0
2027-09-28,N225,0.04271393624430249
2027-09-28,SX5E,-0.04928788392441166
2027-09-28,000688.SH,-0.13509586766626044
2027-09-28,SOX,0.0033731108993448854
2027-09-28,NDX,-0.007733447301466241
2027-09-28,XAU,-0.036483238676810706
2027-09-28,COPPER,0.034452907766278386
2027-09-28,WTI,-0.05499221755581149
2027-09-28,BTC,0.019669327939092936
2027-09-28,ETH,-0.0
2027-09-28,US10Y,0.004558331903689553
2027-09-28,CN10Y,0.10327846930487716
2027-09-29,000300.SH,0.07662171551828115
2027-09-29,SPX,-0.003937730335818719
2027-09-29,HSI,-0.0
2027-09-29,N225,0.04320645564851673
2027-09-29,SX5E,-0.049622852118242786
2027-09-29,000688.SH,-0.11198829381553385
2027-09-29,SOX,0.05461056492135993
2027-09-29,NDX,-0.0026377778612890774
2027-09-29,XAU,-0.026376167682840006
2027-09-29,COPPER,0.022930685593075695
2027-09-29,WTI,-0.05433850515437489
2027-09-29,BTC,-0.02112740034473712
2027-09-29,ETH,-0.0
2027-09-29,US10Y,-0.026221028479908384
2027-09-29,CN10Y,0.09888033411151212
2027-09-30,000300.SH,0.08665864627074074
2027-09-30,SPX,-0.004110329347808866
2027-09-30,HSI,-0.0
2027-09-30,N225,0.04360603860523715
2027-09-30,SX5E,-0.09292578939788584
2027-09-30,000688.SH,-0.12670447813572647
2027-09-30,SOX,0.05596592494438657
2027-09-30,NDX,-0.032988515016591106
2027-09-30,XAU,-0.04827994594538178
2027-09-30,COPPER,0.04744314580564642
2027-09-30,WTI,-0.006095333022579721
2027-09-30,BTC,0.01369813401553861
2027-09-30,ETH,-0.0
2027-09-30,US10Y,-0.03708762042643792
2027-09-30,CN10Y,0.10082012165086242
2027-10-01,000300.SH,0.11675854899758238
2027-10-01,SPX,-0.03140190178250023
2027-10-01,HSI,-0.0
2027-10-01,N225,0.05398110581325604
2027-10-01,SX5E,-0.09479457787734502
2027-10-01,000688.SH,-0.13072042679862514
2027-10-01,SOX,0.08716535546962184
2027-10-01,NDX,-0.038523288118143886
2027-10-01,XAU,-0.048040463510872156
2027-10-01,COPPER,0.037413349869637416
2027-10-01,WTI,-0.028128687135320282
2027-10-01,BTC,0.04106121730799547
2027-10-01,ETH,-0.0
2027-10-01,US10Y,-0.043807237752483026
2027-10-01,CN10Y,0.07903700551719658
2027-10-04,000300.SH,0.12675474902424672
2027-10-04,SPX,-0.025878350859795833
2027-10-04,HSI,-0.0
2027-10-04,N225,0.05377266074178198
2027-10-04,SX5E,-0.054639306330070934
2027-10-04,000688.SH,-0.1712262664404824
2027-10-04,SOX,0.09531283756163764
2027-10-04,NDX,-0.040420087677527146
2027-10-04,XAU,-0.056647754049040114
2027-10-04,COPPER,0.04548365361368327
2027-10-04,WTI,-0.0018848027092592083
2027-10-04,BTC,-0.030085518231500966
2027-10-04,ETH,-0.0
2027-10-04,US10Y,-0.03256590384787236
2027-10-04,CN10Y,0.09202408920419983
2027-10-05,000300.SH,0.11733294169906275
2027-10-05,SPX,4.7575714216312615e-05
2027-10-05,HSI,-0.0
2027-10-05,N225,0.06630509072500976
2027-10-05,SX5E,-0.06207663290963039
2027-10-05,000688.SH,-0.18964326883628396
2027-10-05,SOX,0.14191438422195074
2027-10-05,NDX,-0.04427371124005536
2027-10-05,XAU,-0.04550641711697858
2027-10-05,COPPER,0.05413957210682628
2027-10-05,WTI,-0.07023364086644905
2027-10-05,BTC,-0.014442240564219107
2027-10-05,ETH,-0.0
2027-10-05,US10Y,-0.04768482879954243
2027-10-05,CN10Y,0.09412117586609366
2027-10-06,000300.SH,0.077301392923338
2027-10-06,SPX,-0.03912159151710649
2027-10-06,HSI,-0.0
2027-10-06,N225,0.07622185951194561
2027-10-06,SX5E,-0.055630048073855284
2027-10-06,000688.SH,-0.16916739134029785
2027-10-06,SOX,0.18895136419943492
2027-10-06,NDX,-0.02924093724414082
2027-10-06,XAU,-0.04479503652199495
2027-10-06,COPPER,0.050780745306227976
2027-10-06,WTI,-0.06184279660180636
2027-10-06,BTC,-0.0012682270196361992
2027-10-06,ETH,-0.0
2027-10-06,US10Y,-0.06357537928391857
2027-10-06,CN10Y,0.07138604566181321
2027-10-07,000300.SH,0.09482073258075291
2027-10-07,SPX,-0.024684617344589224
2027-10-07,HSI,-0.0
2027-10-07,N225,0.0726576775694914
2027-10-07,SX5E,-0.06590710558565506
2027-10-07,000688.SH,-0.17396507840463676
2027-10-07,SOX,0.1575700323114573
2027-10-07,NDX,-0.034692331667454834
2027-10-07,XAU,-0.03708109653862539
2027-10-07,COPPER,0.06138295396947052
2027-10-07,WTI,-0.10008103838982366
2027-10-07,BTC,0.015633210906074675
2027-10-07,ETH,-0.0
2027-10-07,US10Y,-0.06709738687616044
2027-10-07,CN10Y,0.10144404746970312
2027-10-08,000300.SH,0.09751136151767395
2027-10-08,SPX,0.002363502262551307
2027-10-08,HSI,-0.0
2027-10-08,N225,0.07605356784667346
2027-10-08,SX5E,-0.08674092494261669
2027-10-08,000688.SH,-0.208106279856625
2027-10-08,SOX,0.24252846979741877
2027-10-08,NDX,-0.04460276132997224
2027-10-08,XAU,-0.047700271640066835
2027-10-08,COPPER,0.08990150320994333
2027-10-08,WTI,-0.13795174842974173
2027-10-08,BTC,0.0006309027740656128
2027-10-08,ETH,-0.0
2027-10-08,US10Y,-0.05618664119118486
2027-10-08,CN10Y,0.07229931998188444
2027-10-11,000300.SH,0.06756599779011736
2027-10-11,SPX,-0.016678627172204863
2027-10-11,HSI,-0.0
2027-10-11,N225,0.04551818110715302
2027-10-11,SX5E,-0.05088769886554332
2027-10-11,000688.SH,-0.1756669046065594
2027-10-11,SOX,0.25592026895401926
2027-10-11,NDX,-0.0571841032271551
2027-10-11,XAU,-0.0739206797005238
2027-10-11,COPPER,0.06474250596813722
2027-10-11,WTI,-0.1101541745588748
2027-10-11,BTC,0.043017885673047276
2027-10-11,ETH,-0.0
2027-10-11,US10Y,-0.052837597963768225
2027-10-11,CN10Y,0.06056494660215858
2027-10-12,000300.SH,0.029502288392464042
2027-10-12,SPX,-0.016777685308197017
2027-10-12,HSI,-0.0
2027-10-12,N225,0.07057695432439234
2027-10-12,SX5E,-0.018345773263903853
2027-10-12,000688.SH,-0.17315367448251473
2027-10-12,SOX,0.2189507984639035
2027-10-12,NDX,-0.030351158851617613
2027-10-12,XAU,-0.08776425249656163
2027-10-12,COPPER,0.08204805703428454
2027-10-12,WTI,-0.10535050918485178
2027-10-12,BTC,-0.029475195696256
2027-10-12,ETH,-0.0
2027-10-12,US10Y,-0.026373645175843258
2027-10-12,CN10Y,0.08651379624470396
2027-10-13,000300.SH,0.05509466721238211
2027-10-13,SPX,-0.03418675727714025
2027-10-13,HSI,-0.0
2027-10-13,N225,0.014342848708220696
2027-10-13,SX5E,-0.06046809725458856
2027-10-13,000688.SH,-0.1632587715159404
2027-10-13,SOX,0.18363154449036004
2027-10-13,NDX,-0.01434757895439533
2027-10-13,XAU,-0.08347100378802717
2027-10-13,COPPER,0.10332160847313647
2027-10-13,WTI,-0.05377669091371549
2027-10-13,BTC,0.005388367341248038
2027-10-13,ETH,-0.0
2027-10-13,US10Y,-0.030040218760824862
2027-10-13,CN10Y,0.07777008223928854
2027-10-14,000300.SH,0.04681626891637487
2027-10-14,SPX,-0.03356129831557314
2027-10-14,HSI,-0.0
2027-10-14,N225,0.0008506969052787597
2027-10-14,SX5E,-0.05744195054441674
2027-10-14,000688.SH,-0.13895722445412917
2027-10-14,SOX,0.1870577927617299
2027-10-14,NDX,-0.010106822855514315
2027-10-14,XAU,-0.09301949691738852
2027-10-14,COPPER,0.09801416423057376
2027-10-14,WTI,-0.018717291549634366
2027-10-14,BTC,-0.02201701822568606
2027-10-14,ETH,-0.0
2027-10-14,US10Y,-0.04015390439941045
2027-10-14,CN10Y,0.08123608444779888
2027-10-15,000300.SH,0.05709451696448588
2027-10-15,SPX,-0.0020579378440531114
2027-10-15,HSI,-0.0
2027-10-15,N225,0.01967901350128152
2027-10-15,SX5E,-0.07800169947273873
2027-10-15,000688.SH,-0.176205477987635
2027-10-15,SOX,0.12280295715762078
2027-10-15,NDX,-0.01469938679760114
2027-10-15,XAU,-0.09748208746279777
2027-10-15,COPPER,0.13606395292161186
2027-10-15,WTI,-0.012647406851671662
2027-10-15,BTC,0.009267936442402334
2027-10-15,ETH,-0.0
2027-10-15,US10Y,-0.03830918759853371
2027-10-15,CN10Y,0.07449480702763119
2027-10-18,000300.SH,0.02566283608030958
2027-10-18,SPX,0.022391866848643183
2027-10-18,HSI,-0.0
2027-10-18,N225,0.03230597111612532
2027-10-18,SX5E,-0.09782910239147033
2027-10-18,000688.SH,-0.17460469741984044
2027-10-18,SOX,0.1080609419529925
2027-10-18,NDX,0.015083480025876134
2027-10-18,XAU,-0.07904055065242405
2027-10-18,COPPER,0.13205564476759338
2027-10-18,WTI,-0.03617103799562116
2027-10-18,BTC,-0.009396011835619182
2027-10-18,ETH,-0.0
2027-10-18,US10Y,-0.013414476363468049
2027-10-18,CN10Y,0.07489513586690588
2027-10-19,000300.SH,0.03823370402538257
2027-10-19,SPX,0.04091562526526979
2027-10-19,HSI,-0.0
2027-10-19,N225,0.01751924837505131
2027-10-19,SX5E,-0.08632285218799642
2027-10-19,000688.SH,-0.18721407083078373
2027-10-19,SOX,0.12653388874891297
2027-10-19,NDX,0.01993778388672636
2027-10-19,XAU,-0.05201186538806746
2027-10-19,COPPER,0.10737577563584544
2027-10-19,WTI,-0.05568795118764959
2027-10-19,BTC,-0.019036355873698688
2027-10-19,ETH,-0.0
2027-10-19,US10Y,0.003269471874947503
2027-10-19,CN10Y,0.046487597656064625
2027-10-20,000300.SH,0.04374205637895158
2027-10-20,SPX,0.03001232544678279
2027-10-20,HSI,-0.0
2027-10-20,N225,0.009438872891693017
2027-10-20,SX5E,-0.0785242492685242
2027-10-20,000688.SH,-0.17342483364563444
2027-10-20,SOX,0.06716027755851564
2027-10-20,NDX,0.04564933519233045
2027-10-20,XAU,-0.06278229564461248
2027-10-20,COPPER,0.1390744754463985
2027-10-20,WTI,-0.05095238849280095
2027-10-20,BTC,-0.011795339403941452
2027-10-20,ETH,-0.0
2027-10-20,US10Y,-2.507379457605298e-05
2027-10-20,CN10Y,0.042426837335422095
2027-10-21,000300.SH,0.03161105977472073
2027-10-21,SPX,0.018537572955467443
2027-10-21,HSI,-0.0
2027-10-21,N225,0.03671062277469676
2027-10-21,SX5E,-0.047070256775677284
2027-10-21,000688.SH,-0.1900463694702531
2027-10-21,SOX,0.017176410887814155
2027-10-21,NDX,0.07080630433361103
2027-10-21,XAU,-0.0644540443842324
2027-10-21,COPPER,0.11923517331449231
2027-10-21,WTI,0.013555346775353048
2027-10-21,BTC,-0.019195712429326522
2027-10-21,ETH,-0.0
2027-10-21,US10Y,-0.0024825625795929646
2027-10-21,CN10Y,0.015616454822931596
2027-10-22,000300.SH,0.023665560515998323
2027-10-22,SPX,0.008321448733520531
2027-10-22,HSI,-0.0
2027-10-22,N225,0.05586960751358494
2027-10-22,SX5E,-0.07747152895551312
2027-10-22,000688.SH,-0.18255810035749528
2027-10-22,SOX,0.05600045254259047
2027-10-22,NDX,0.10903953504027174
2027-10-22,XAU,-0.08909380175690233
2027-10-22,COPPER,0.10945364879770503
2027-10-22,WTI,0.02104464316890073
2027-10-22,BTC,-0.050770797710829485
2027-10-22,ETH,-0.0
2027-10-22,US10Y,0.0208908454846683
2027-10-22,CN10Y,-0.004391513016496639
2027-10-25,000300.SH,0.014608342445649904
2027-10-25,SPX,0.026458899810379438
2027-10-25,HSI,-0.0
2027-10-25,N225,0.04729500126422953
2027-10-25,SX5E,-0.07594802608787643
2027-10-25,000688.SH,-0.1746491650441503
2027-10-25,SOX,0.08836279857332438
2027-10-25,NDX,0.08712374965406207
2027-10-25,XAU,-0.08340451824396734
2027-10-25,COPPER,0.09256326787149972
2027-10-25,WTI,-0.007019706004867657
2027-10-25,BTC,-0.013682424469462686
2027-10-25,ETH,-0.0
2027-10-25,US10Y,-0.025385719088857672
2027-10-25,CN10Y,0.02367749932003896
2027-10-26,000300.SH,0.0008233432547047064
2027-10-26,SPX,0.017740313089449185
2027-10-26,HSI,-0.0
2027-10-26,N225,0.04852136302292485
2027-10-26,SX5E,-0.0612494585517416
2027-10-26,000688.SH,-0.09975561122740417
2027-10-26,SOX,0.08724276659592514
2027-10-26,NDX,0.08678895287353826
2027-10-26,XAU,-0.07296361688183992
2027-10-26,COPPER,0.09420156669561897
2027-10-26,WTI,0.03394077375922181
2027-10-26,BTC,-0.08889956755371098
2027-10-26,ETH,-0.0
2027-10-26,US10Y,-0.054953340249431035
2027-10-26,CN10Y,0.008562515172745432
2027-10-27,000300.SH,-0.025604468340491248
2027-10-27,SPX,0.02643489356215698
2027-10-27,HSI,-0.0
2027-10-27,N225,0.047071065710697906
2027-10-27,SX5E,-0.06649654083484859
2027-10-27,000688.SH,-0.09786942378258633
2027-10-27,SOX,0.07617396843674767
2027-10-27,NDX,0.07875426755904102
2027-10-27,XAU,-0.09357516426213469
2027-10-27,COPPER,0.09628277003945543
2027-10-27,WTI,0.028245397008068107
2027-10-27,BTC,-0.055206233332265764
2027-10-27,ETH,-0.0
2027-10-27,US10Y,-0.036753223031241955
2027-10-27,CN10Y,0.02254269126740182
2027-10-28,000300.SH,-0.026650430897290276
2027-10-28,SPX,0.01823152848069598
2027-10-28,HSI,-0.0
2027-10-28,N225,0.05481348689172077
2027-10-28,SX5E,-0.029214846644752327
2027-10-28,000688.SH,-0.10804503465787571
2027-10-28,SOX,0.07976669631934653
2027-10-28,NDX,0.06884903919956177
2027-10-28,XAU,-0.07768752668685566
2027-10-28,COPPER,0.09895887316893928
2027-10-28,WTI,0.06353648460395189
2027-10-28,BTC,-0.11306795304668217
2027-10-28,ETH,-0.0
2027-10-28,US10Y,-0.029256446967907267
2027-10-28,CN10Y,-0.00023386976285126333
2027-10-29,000300.SH,-0.045504162678796416
2027-10-29,SPX,0.033805507586657735
2027-10-29,HSI,-0.0
2027-10-29,N225,0.030885857920162997
2027-10-29,SX5E,-0.04354622434062598
2027-10-29,000688.SH,-0.1356569005255675
2027-10-29,SOX,0.06839945555066415
2027-10-29,NDX,0.09218252728167937
2027-10-29,XAU,-0.061707141074823856
2027-10-29,COPPER,0.10146775111388796
2027-10-29,WTI,0.1289809828848711
2027-10-29,BTC,-0.13906190994294707
2027-10-29,ETH,-0.0
2027-10-29,US10Y,-0.03929746028536809
2027-10-29,CN10Y,0.009051716510208233
2027-11-01,000300.SH,-0.07286433583023992
2027-11-01,SPX,0.05277961240921893
2027-11-01,HSI,-0.0
2027-11-01,N225,0.05346890162069659
2027-11-01,SX5E,-0.08020659002767055
2027-11-01,000688.SH,-0.0897724853318982
2027-11-01,SOX,0.06360960338894411
2027-11-01,NDX,0.10473264263880129
2027-11-01,XAU,-0.06040632890046983
2027-11-01,COPPER,0.08686375850276618
2027-11-01,WTI,0.09742819949425202
2027-11-01,BTC,-0.1113683060671255
2027-11-01,ETH,-0.0
2027-11-01,US10Y,-0.048533756834545916
2027-11-01,CN10Y,0.004269084937273879
2027-11-02,000300.SH,-0.06820877302061827
2027-11-02,SPX,0.04835075487191796
2027-11-02,HSI,-0.0
2027-11-02,N225,0.016290911795909743
2027-11-02,SX5E,-0.08835915225257694
2027-11-02,000688.SH,-0.058761507461732705
2027-11-02,SOX,0.0729647967017716
2027-11-02,NDX,0.12071763473831858
2027-11-02,XAU,-0.0391713303765929
2027-11-02,COPPER,0.060739932189092787
2027-11-02,WTI,0.1315814202328297
2027-11-02,BTC,-0.10805649744498085
2027-11-02,ETH,-0.0
2027-11-02,US10Y,-0.04762548855813329
2027-11-02,CN10Y,-0.04046270141520021
2027-11-03,000300.SH,-0.04136004567749499
2027-11-03,SPX,0.05093572250141019
2027-11-03,HSI,-0.0
2027-11-03,N225,-0.0071754045948218634
2027-11-03,SX5E,-0.0844948418346278
2027-11-03,000688.SH,-0.058317247165844216
2027-11-03,SOX,0.05928098713022632
2027-11-03,NDX,0.11679202275943057
2027-11-03,XAU,-0.01763943295707936
2027-11-03,COPPER,0.04537952854050986
2027-11-03,WTI,0.14035994280925687
2027-11-03,BTC,-0.13211475390653576
2027-11-03,ETH,-0.0
2027-11-03,US10Y,-0.023179807407020393
2027-11-03,CN10Y,-0.04846667019740608
2027-11-04,000300.SH,-0.055145973624807956
2027-11-04,SPX,0.034458808081046885
2027-11-04,HSI,-0.0
2027-11-04,N225,0.005176728473237229
2027-11-04,SX5E,-0.08336122159658804
2027-11-04,000688.SH,-0.038003833218649315
2027-11-04,SOX,0.10803686078369058
2027-11-04,NDX,0.1249534932320899
2027-11-04,XAU,-0.014806734881742716
2027-11-04,COPPER,0.025566033115866606
2027-11-04,WTI,0.17480541144935202
2027-11-04,BTC,-0.1783121203486162
2027-11-04,ETH,-0.0
2027-11-04,US10Y,-0.03233033407503763
2027-11-04,CN10Y,-0.07103711738983987
2027-11-05,000300.SH,-0.06777863588418188
2027-11-05,SPX,0.017029678327350303
2027-11-05,HSI,-0.0
2027-11-05,N225,0.006934883270444123
2027-11-05,SX5E,-0.07482322972846471
2027-11-05,000688.SH,-0.009057540907394225
2027-11-05,SOX,0.06909681286669159
2027-11-05,NDX,0.1169163193919662
2027-11-05,XAU,-0.018883221553919485
2027-11-05,COPPER,-0.026152947454521028
2027-11-05,WTI,0.2799330051144803
2027-11-05,BTC,-0.17526402765629787
2027-11-05,ETH,-0.0
2027-11-05,US10Y,-0.024447001237844344
2027-11-05,CN10Y,-0.09350409454830734
2027-11-08,000300.SH,-0.06747670983622753
2027-11-08,SPX,0.010375425626071744
2027-11-08,HSI,-0.0
2027-11-08,N225,0.04539426770072025
2027-11-08,SX5E,-0.11205349983764254
2027-11-08,000688.SH,-0.032708796309928775
2027-11-08,SOX,0.04992529813917319
2027-11-08,NDX,0.06547195066522452
2027-11-08,XAU,0.017090179283434554
2027-11-08,COPPER,0.0023165632244285684
2027-11-08,WTI,0.24938236581200196
2027-11-08,BTC,-0.11332728166602675
2027-11-08,ETH,-0.0
2027-11-08,US10Y,-0.02708177348240589
2027-11-08,CN10Y,-0.08730798931882296
2027-11-09,000300.SH,-0.053459680828173727
2027-11-09,SPX,0.03281580696533205
2027-11-09,HSI,-0.0
2027-11-09,N225,0.03052116959741917
2027-11-09,SX5E,-0.136589105808891
2027-11-09,000688.SH,-0.10190252735394434
2027-11-09,SOX,0.05119620573767335
2027-11-09,NDX,0.050067154768724725
2027-11-09,XAU,0.04383381083060713
2027-11-09,COPPER,0.010080971629239155
2027-11-09,WTI,0.2724244941216855
2027-11-09,BTC,-0.07678514650910657
2027-11-09,ETH,-0.0
2027-11-09,US10Y,-0.04996883451766545
2027-11-09,CN10Y,-0.0722343186328992
2027-11-10,000300.SH,-0.08311531911121867
2027-11-10,SPX,0.045700978096701636
2027-11-10,HSI,-0.0
2027-11-10,N225,0.03721827144066474
2027-11-10,SX5E,-0.12935552158511757
2027-11-10,000688.SH,-0.08129288591923457
2027-11-10,SOX,0.061292376343459014
2027-11-10,NDX,0.04978504264361165
2027-11-10,XAU,0.05163413865328394
2027-11-10,COPPER,-0.002533409106116831
2027-11-10,WTI,0.25444870358722615
2027-11-10,BTC,-0.08289880620738879
2027-11-10,ETH,-0.0
2027-11-10,US10Y,-0.06200941511834619
2027-11-10,CN10Y,-0.058874153717526606
2027-11-11,000300.SH,-0.07530116042337677
2027-11-11,SPX,0.06295294177267585
2027-11-11,HSI,-0.0
2027-11-11,N225,0.020095879384144654
2027-11-11,SX5E,-0.11084334433671851
2027-11-11,000688.SH,-0.08468035832947302
2027-11-11,SOX,0.036317901638264406
2027-11-11,NDX,0.043327125489556834
2027-11-11,XAU,0.056261226922886945
2027-11-11,COPPER,0.008238135606709074
2027-11-11,WTI,0.23083907566299586
2027-11-11,BTC,-0.08137650577935074
2027-11-11,ETH,-0.0
2027-11-11,US10Y,-0.06686409168352189
2027-11-11,CN10Y,-0.038966825924793044
2027-11-12,000300.SH,-0.05644182345393889
2027-11-12,SPX,0.03472005138348817
2027-11-12,HSI,-0.0
2027-11-12,N225,0.01438857660715104
2027-11-12,SX5E,-0.09467831862035025
2027-11-12,000688.SH,-0.07745017693572173
2027-11-12,SOX,0.07258917507968737
2027-11-12,NDX,0.015045272711965119
2027-11-12,XAU,0.06697526879042509
2027-11-12,COPPER,-0.027435776641239376
2027-11-12,WTI,0.22580288797301826
2027-11-12,BTC,-0.08159110193408445
2027-11-12,ETH,-0.0
2027-11-12,US10Y,-0.05790503902335383
2027-11-12,CN10Y,-0.03401899593704545
2027-11-15,000300.SH,-0.03956297480931433
2027-11-15,SPX,0.007066468654345761
2027-11-15,HSI,-0.0
2027-11-15,N225,0.011458530315302345
2027-11-15,SX5E,-0.060294657885862114
2027-11-15,000688.SH,-0.08484032169058925
2027-11-15,SOX,0.11834652473949468
2027-11-15,NDX,-0.013911410796632499
2027-11-15,XAU,0.0575046291106972
2027-11-15,COPPER,-0.046137825587774114
2027-11-15,WTI,0.2610260316570301
2027-11-15,BTC,-0.07594702539498392
2027-11-15,ETH,-0.0
2027-11-15,US10Y,-0.09934250633156244
2027-11-15,CN10Y,-0.03536546198015143
2027-11-16,000300.SH,-0.019197695770076715
2027-11-16,SPX,-0.0006302361272587115
2027-11-16,HSI,-0.0
2027-11-16,N225,-0.004802770362675795
2027-11-16,SX5E,-0.06395371237294546
2027-11-16,000688.SH,-0.06633806708482995
2027-11-16,SOX,0.11865216935762458
2027-11-16,NDX,0.009290109601251718
2027-11-16,XAU,0.022329004855290914
2027-11-16,COPPER,-0.06766870182255863
2027-11-16,WTI,0.2448114111583406
2027-11-16,BTC,-0.05007795251928729
2027-11-16,ETH,-0.0
2027-11-16,US10Y,-0.09818882631444983
2027-11-16,CN10Y,-0.02422473259842737
2027-11-17,000300.SH,-0.027459611475632053
2027-11-17,SPX,-0.006844600875995612
2027-11-17,HSI,-0.0
2027-11-17,N225,-0.010084244182920463
2027-11-17,SX5E,-0.07270858080534966
2027-11-17,000688.SH,-0.060443058291583175
2027-11-17,SOX,0.14026900004421153
2027-11-17,NDX,-0.019813417803044665
2027-11-17,XAU,0.04733806482939397
2027-11-17,COPPER,-0.07744749565905173
2027-11-17,WTI,0.253908521061128
2027-11-17,BTC,-0.04495874008360656
2027-11-17,ETH,-0.0
2027-11-17,US10Y,-0.09016595886706738
2027-11-17,CN10Y,-0.03158987789048419
2027-11-18,000300.SH,-0.02270692438878309
2027-11-18,SPX,0.010004321226150905
2027-11-18,HSI,-0.0
2027-11-18,N225,-0.04171880747111117
2027-11-18,SX5E,-0.058738946153029055
2027-11-18,000688.SH,-0.03604960179582284
2027-11-18,SOX,0.15238498022339073
2027-11-18,NDX,-0.03154269815157404
2027-11-18,XAU,0.049607306594754375
2027-11-18,COPPER,-0.05537999538063707
2027-11-18,WTI,0.20552093237383345
2027-11-18,BTC,-0.07597824930887175
2027-11-18,ETH,-0.0
2027-11-18,US10Y,-0.07227684680541217
2027-11-18,CN10Y,-0.0231254709628913
2027-11-19,000300.SH,-0.02422128929614975
2027-11-19,SPX,0.008117425241668254
2027-11-19,HSI,-0.0
2027-11-19,N225,-0.09556515450888563
2027-11-19,SX5E,-0.026738692771607005
2027-11-19,000688.SH,-0.03976711325393207
2027-11-19,SOX,0.12405313250962874
2027-11-19,NDX,-0.04335364358337121
2027-11-19,XAU,0.05700093765787427
2027-11-19,COPPER,-0.03432857101131275
2027-11-19,WTI,0.1945063111912152
2027-11-19,BTC,-0.012107388376820488
2027-11-19,ETH,-0.0
2027-11-19,US10Y,-0.08483175896554251
2027-11-19,CN10Y,-0.022764194832768446
2027-11-22,000300.SH,-0.028112489515441312
2027-11-22,SPX,-0.010320087048714816
2027-11-22,HSI,-0.0
2027-11-22,N225,-0.09611487889185232
2027-11-22,SX5E,-0.022318701934921952
2027-11-22,000688.SH,-0.04343144235511687
2027-11-22,SOX,0.09121795696336854
2027-11-22,NDX,-0.03238095616591793
2027-11-22,XAU,0.05277413533400297
2027-11-22,COPPER,-0.03101187365767315
2027-11-22,WTI,0.20240052702108816
2027-11-22,BTC,0.01690038199817312
2027-11-22,ETH,-0.0
2027-11-22,US10Y,-0.07096066840888786
2027-11-22,CN10Y,-0.02864190333811135
2027-11-23,000300.SH,-0.019675668065316718
2027-11-23,SPX,-0.006984373065977055
2027-11-23,HSI,-0.0
2027-11-23,N225,-0.08671173140296976
2027-11-23,SX5E,-0.03403122366659529
2027-11-23,000688.SH,-0.06180406249782826
2027-11-23,SOX,0.08135379448407823
2027-11-23,NDX,-0.009206980213970414
2027-11-23,XAU,0.057834012753739686
2027-11-23,COPPER,-0.0353522624659891
2027-11-23,WTI,0.12792467506383956
2027-11-23,BTC,0.07531382594815914
2027-11-23,ETH,-0.0
2027-11-23,US10Y,-0.060107432732264765
2027-11-23,CN10Y,-0.028552574138910006
2027-11-24,000300.SH,-0.017049377557451496
2027-11-24,SPX,-0.025414662881000354
2027-11-24,HSI,-0.0
2027-11-24,N225,-0.06772120237844627
2027-11-24,SX5E,-0.03949493680110819
2027-11-24,000688.SH,-0.04043397492976028
2027-11-24,SOX,0.10487321447968846
2027-11-24,NDX,-0.00410027365299236
2027-11-24,XAU,0.0564384369805743
2027-11-24,COPPER,-0.07173037673470124
2027-11-24,WTI,0.13316589499663098
2027-11-24,BTC,0.07449313907946438
2027-11-24,ETH,-0.0
2027-11-24,US10Y,-0.05642404980067831
2027-11-24,CN10Y,-0.0466018308002238
2027-11-25,000300.SH,-0.03280982614556509
2027-11-25,SPX,0.004442536343567106
2027-11-25,HSI,-0.0
2027-11-25,N225,-0.07721081418986551
2027-11-25,SX5E,-0.05148556812395717
2027-11-25,000688.SH,-0.008676323396565431
2027-11-25,SOX,0.12737652800245028
2027-11-25,NDX,0.005896161018906054
2027-11-25,XAU,0.06146119860558958
2027-11-25,COPPER,-0.09271030977178724
2027-11-25,WTI,0.059055226263967114
2027-11-25,BTC,0.09180297921570685
2027-11-25,ETH,-0.0
2027-11-25,US10Y,-0.057522093629112314
2027-11-25,CN10Y,-0.029619694193341296
2027-11-26,000300.SH,-0.006806491629999932
2027-11-26,SPX,0.010059068597789954
2027-11-26,HSI,-0.0
2027-11-26,N225,-0.059294624615855086
2027-11-26,SX5E,-0.04464417218364213
2027-11-26,000688.SH,-0.04230631442584407
2027-11-26,SOX,0.12579423095876463
2027-11-26,NDX,-0.011134655278175101
2027-11-26,XAU,0.06897815602083478
2027-11-26,COPPER,-0.06964426196392681
2027-11-26,WTI,0.023976882738830092
2027-11-26,BTC,0.11227794745421504
2027-11-26,ETH,-0.0
2027-11-26,US10Y,-0.05177079231287901
2027-11-26,CN10Y,-0.055484973360121086
2027-11-29,000300.SH,-0.012812403087696619
2027-11-29,SPX,-0.003806016948597394
2027-11-29,HSI,-0.0
2027-11-29,N225,-0.06517112395845255
2027-11-29,SX5E,-0.02608142155100587
2027-11-29,000688.SH,-0.07766079604188379
2027-11-29,SOX,0.06250789874268631
2027-11-29,NDX,0.001210661535976515
2027-11-29,XAU,0.07902524661569788
2027-11-29,COPPER,-0.07792530562901506
2027-11-29,WTI,0.049544507636491354
2027-11-29,BTC,0.14796930468142624
2027-11-29,ETH,-0.0
2027-11-29,US10Y,-0.0283906650449569
2027-11-29,CN10Y,-0.04840988695067801
2027-11-30,000300.SH,-0.014962203640338519
2027-11-30,SPX,0.01847086172118622
2027-11-30,HSI,-0.0
2027-11-30,N225,-0.03211074118334393
2027-11-30,SX5E,-0.026692168398434787
2027-11-30,000688.SH,-0.10984241756924727
2027-11-30,SOX,0.04855403453348706
2027-11-30,NDX,0.015057767755634652
2027-11-30,XAU,0.05101055494615213
2027-11-30,COPPER,-0.05943969284977935
2027-11-30,WTI,0.026535584537164647
2027-11-30,BTC,0.12084178405079503
2027-11-30,ETH,-0.0
2027-11-30,US10Y,-0.013804558684126677
2027-11-30,CN10Y,-0.023618805219159947
2027-12-01,000300.SH,-0.024883292979958428
2027-12-01,SPX,0.013639792919366516
2027-12-01,HSI,-0.0
2027-12-01,N225,-0.019484844345607412
2027-12-01,SX5E,-0.03199590192608889
2027-12-01,000688.SH,-0.09969550869170755
2027-12-01,SOX,0.04304383963329772
2027-12-01,NDX,0.0034406291944295087
2027-12-01,XAU,0.018688543508639403
2027-12-01,COPPER,-0.043196787766994704
2027-12-01,WTI,-0.017515477317520838
2027-12-01,BTC,0.20516939866786693
2027-12-01,ETH,-0.0
2027-12-01,US10Y,-0.0312766220242669
2027-12-01,CN10Y,-0.015933768871466296
2027-12-02,000300.SH,-0.004605517127196234
2027-12-02,SPX,0.005757564108033721
2027-12-02,HSI,-0.0
2027-12-02,N225,-0.03202098479548419
2027-12-02,SX5E,-0.015832490418977836
2027-12-02,000688.SH,-0.08455844401012319
2027-12-02,SOX,0.015758494126680244
2027-12-02,NDX,-0.002987671518927301
2027-12-02,XAU,0.03348698706725055
2027-12-02,COPPER,-0.05509008601564723
2027-12-02,WTI,-0.07784646466338672
2027-12-02,BTC,0.2630955740220882
2027-12-02,ETH,-0.0
2027-12-02,US10Y,-0.029233169720744627
2027-12-02,CN10Y,-0.015923791053576913
2027-12-03,000300.SH,-0.003239829697571998
2027-12-03,SPX,0.0019307185372136396
2027-12-03,HSI,-0.0
2027-12-03,N225,-0.05084813850460761
2027-12-03,SX5E,-0.006978784429374313
2027-12-03,000688.SH,-0.07678272034733458
2027-12-03,SOX,-0.004519315882287388
2027-12-03,NDX,0.02469430587559178
2027-12-03,XAU,0.05190761541937305
2027-12-03,COPPER,-0.051437382900264284
2027-12-03,WTI,-0.08849647158643173
2027-12-03,BTC,0.21650870019682714
2027-12-03,ETH,-0.0
2027-12-03,US10Y,-0.03598624723176675
2027-12-03,CN10Y,0.023247550550622817
2027-12-06,000300.SH,0.012766660397747275
2027-12-06,SPX,0.01718607977316303
2027-12-06,HSI,-0.0
2027-12-06,N225,-0.06412006597328264
2027-12-06,SX5E,0.017026187979590893
2027-12-06,000688.SH,-0.09216041770261077
2027-12-06,SOX,-0.03153101778678157
2027-12-06,NDX,0.07151104381367658
2027-12-06,XAU,0.01732068750243236
2027-12-06,COPPER,-0.07932366168136282
2027-12-06,WTI,-0.03220717254012528
2027-12-06,BTC,0.17642446574525716
2027-12-06,ETH,-0.0
2027-12-06,US10Y,-0.038284818483284855
2027-12-06,CN10Y,0.025392028955570807
2027-12-07,000300.SH,0.0296379298038242
2027-12-07,SPX,-0.024313312432677366
2027-12-07,HSI,-0.0
2027-12-07,N225,-0.07820326217038694
2027-12-07,SX5E,0.027799592817842625
2027-12-07,000688.SH,-0.02987103610371593
2027-12-07,SOX,-0.007018301827810575
2027-12-07,NDX,0.04742977851058848
2027-12-07,XAU,0.005546611246961287
2027-12-07,COPPER,-0.10342496094700591
2027-12-07,WTI,-0.024783629249746322
2027-12-07,BTC,0.2060139969787282
2027-12-07,ETH,-0.0
2027-12-07,US10Y,-0.01974844614550882
2027-12-07,CN10Y,-0.029064960481102933
2027-12-08,000300.SH,0.014328534382732714
2027-12-08,SPX,-0.04702252534697959
2027-12-08,HSI,-0.0
2027-12-08,N225,-0.055038433813419205
2027-12-08,SX5E,0.03329963138071134
2027-12-08,000688.SH,-0.04649740336501662
2027-12-08,SOX,-0.021859084449441527
2027-12-08,NDX,0.03161494667002722
2027-12-08,XAU,0.003320096192792472
2027-12-08,COPPER,-0.08714538347368164
2027-12-08,WTI,-0.04386862665991283
2027-12-08,BTC,0.2582502321578898
2027-12-08,ETH,-0.0
2027-12-08,US10Y,-0.005696439830927052
2027-12-08,CN10Y,-0.03368554384478281
2027-12-09,000300.SH,0.021750325055054073
2027-12-09,SPX,-0.03794197034089352
2027-12-09,HSI,-0.0
2027-12-09,N225,-0.04561612845888421
2027-12-09,SX5E,0.029472781546915794
2027-12-09,000688.SH,-0.02288094981955543
2027-12-09,SOX,0.030013142349164877
2027-12-09,NDX,0.020834219479204268
2027-12-09,XAU,0.007814714293226405
2027-12-09,COPPER,-0.10014243664490312
2027-12-09,WTI,-0.1313085645784201
2027-12-09,BTC,0.2570910611154933
2027-12-09,ETH,-0.0
2027-12-09,US10Y,0.008735821988131743
2027-12-09,CN10Y,-0.03782201598454484
2027-12-10,000300.SH,-0.004878891183862874
2027-12-10,SPX,-0.043280521318591905
2027-12-10,HSI,-0.0
2027-12-10,N225,-0.025344923839253106
2027-12-10,SX5E,0.027629893292957265
2027-12-10,000688.SH,-0.025285859058630986
2027-12-10,SOX,0.043768521695003205
2027-12-10,NDX,0.00867185559043567
2027-12-10,XAU,-0.01234032038484974
2027-12-10,COPPER,-0.06307032862455736
2027-12-10,WTI,-0.12760307396790022
2027-12-10,BTC,0.2578958088899751
2027-12-10,ETH,-0.0
2027-12-10,US10Y,-0.00848474253023417
2027-12-10,CN10Y,-0.027677418560500953
2027-12-13,000300.SH,0.014359974981728703
2027-12-13,SPX,-0.045213964779138964
2027-12-13,HSI,-0.0
2027-12-13,N225,-0.018663548229611093
2027-12-13,SX5E,0.03281685766655126
2027-12-13,000688.SH,-0.009336688860667752
2027-12-13,SOX,-0.0033535380036868925
2027-12-13,NDX,0.022037940342988463
2027-12-13,XAU,-0.022859637967648748
2027-12-13,COPPER,-0.07587963003277118
2027-12-13,WTI,-0.1794598234090765
2027-12-13,BTC,0.30292377885774424
2027-12-13,ETH,-0.0
2027-12-13,US10Y,0.009768986448823794
2027-12-13,CN10Y,-0.027140707015243203
2027-12-14,000300.SH,0.015103151528463733
2027-12-14,SPX,-0.012376750712103722
2027-12-14,HSI,-0.0
2027-12-14,N225,-0.003937750232505123
2027-12-14,SX5E,0.0431926214610141
2027-12-14,000688.SH,-0.027121851072054233
2027-12-14,SOX,-0.019338694224056607
2027-12-14,NDX,0.008654781245706924
2027-12-14,XAU,-0.013501444940980113
2027-12-14,COPPER,-0.07046239480420613
2027-12-14,WTI,-0.1606360019631789
2027-12-14,BTC,0.25092672964150653
2027-12-14,ETH,-0.0
2027-12-14,US10Y,0.009284700693808498
2027-12-14,CN10Y,-0.019787096621423424
2027-12-15,000300.SH,0.027984549756398382
2027-12-15,SPX,-0.011499515481311218
2027-12-15,HSI,-0.0
2027-12-15,N225,0.009823109328444978
2027-12-15,SX5E,0.06263405160272054
2027-12-15,000688.SH,-0.06322439539148392
2027-12-15,SOX,7.587622363723623e-05
2027-12-15,NDX,0.01875315820802345
2027-12-15,XAU,-0.03005765064977984
2027-12-15,COPPER,-0.0654753762169393
2027-12-15,WTI,-0.18238717231104706
2027-12-15,BTC,0.22305712152199508
2027-12-15,ETH,-0.0
2027-12-15,US10Y,0.01726170878023066
2027-12-15,CN10Y,-0.006945465370898557
2027-12-16,000300.SH,0.030182044363819514
2027-12-16,SPX,-0.03908641319969828
2027-12-16,HSI,-0.0
2027-12-16,N225,0.035475063177225964
2027-12-16,SX5E,0.013211858923864336
2027-12-16,000688.SH,-0.018863342241369957
2027-12-16,SOX,0.03996617439937632
2027-12-16,NDX,-0.019506441484439446
2027-12-16,XAU,-0.02526819791118289
2027-12-16,COPPER,-0.086426525641971
2027-12-16,WTI,-0.17713399548438508
2027-12-16,BTC,0.24306636856633398
2027-12-16,ETH,-0.0
2027-12-16,US10Y,-0.002274727670198297
2027-12-16,CN10Y,0.006658134202616297
2027-12-17,000300.SH,0.029667595655776903
2027-12-17,SPX,-0.09032383142460168
2027-12-17,HSI,-0.0
2027-12-17,N225,0.07164799993366705
2027-12-17,SX5E,0.0022878163891808458
2027-12-17,000688.SH,-0.028959220017211657
2027-12-17,SOX,0.05207622147291327
2027-12-17,NDX,-0.0026989776852922188
2027-12-17,XAU,-0.02989948575346343
2027-12-17,COPPER,-0.08454787816894697
2027-12-17,WTI,-0.1421605075027083
2027-12-17,BTC,0.18364745172194522
2027-12-17,ETH,-0.0
2027-12-17,US10Y,0.0019716575154324354
2027-12-17,CN10Y,0.03729115786329939
2027-12-20,000300.SH,0.04476560909552157
2027-12-20,SPX,-0.09216212983639699
2027-12-20,HSI,-0.0
2027-12-20,N225,0.05289356277532222
2027-12-20,SX5E,-0.0033559715629728217
2027-12-20,000688.SH,-0.03970203498848151
2027-12-20,SOX,0.08506237611228326
2027-12-20,NDX,-0.005369099668295487
2027-12-20,XAU,-0.036954402576448206
2027-12-20,COPPER,-0.08964922582523403
2027-12-20,WTI,-0.13677713209584633
2027-12-20,BTC,0.18935519315499152
2027-12-20,ETH,-0.0
2027-12-20,US10Y,0.003976784378330602
2027-12-20,CN10Y,0.027916471037220024
2027-12-21,000300.SH,0.031176725703172682
2027-12-21,SPX,-0.10525065294480637
2027-12-21,HSI,-0.0
2027-12-21,N225,0.03976961275227416
2027-12-21,SX5E,0.020983478676626397
2027-12-21,000688.SH,-0.0605992789486392
2027-12-21,SOX,0.14491966679841836
2027-12-21,NDX,-0.03764734366669899
2027-12-21,XAU,-0.05526038071322384
2027-12-21,COPPER,-0.07767644962718645
2027-12-21,WTI,-0.07303984047257694
2027-12-21,BTC,0.14906605123111696
2027-12-21,ETH,-0.0
2027-12-21,US10Y,0.018339535894992962
2027-12-21,CN10Y,0.005218875316524801
2027-12-22,000300.SH,0.06346192343182824
2027-12-22,SPX,-0.09577065709655241
2027-12-22,HSI,-0.0
2027-12-22,N225,0.009088070328728107
2027-12-22,SX5E,0.026207745094234215
2027-12-22,000688.SH,-0.07999469503100161
2027-12-22,SOX,0.0959065923279027
2027-12-22,NDX,-0.05855798649570607
2027-12-22,XAU,-0.03673336889308552
2027-12-22,COPPER,-0.013007102993262618
2027-12-22,WTI,-0.09460968225690616
2027-12-22,BTC,0.14613051527766843
2027-12-22,ETH,-0.0
2027-12-22,US10Y,0.023801435809004703
2027-12-22,CN10Y,0.014077210497142941
2027-12-23,000300.SH,0.08675496994995363
2027-12-23,SPX,-0.12881834455948885
2027-12-23,HSI,-0.0
2027-12-23,N225,0.008977630385934268
2027-12-23,SX5E,0.027804405273249313
2027-12-23,000688.SH,-0.09093800309514437
2027-12-23,SOX,0.08561846062893957
2027-12-23,NDX,-0.045223851607445555
2027-12-23,XAU,-0.04987930768327834
2027-12-23,COPPER,0.004647667031404098
2027-12-23,WTI,-0.039171784028687484
2027-12-23,BTC,0.11356260163826615
2027-12-23,ETH,-0.0
2027-12-23,US10Y,0.02575543219752839
2027-12-23,CN10Y,0.0009101238687657456
2027-12-24,000300.SH,0.06168758866599036
2027-12-24,SPX,-0.13367034707568703
2027-12-24,HSI,-0.0
2027-12-24,N225,0.00010659514416139736
2027-12-24,SX5E,0.03547139138798891
2027-12-24,000688.SH,-0.010606995294336938
2027-12-24,SOX,0.0962450797161215
2027-12-24,NDX,-0.02561230534228242
2027-12-24,XAU,-0.04578986851353842
2027-12-24,COPPER,-0.034611958481069474
2027-12-24,WTI,-0.07607952465146817
2027-12-24,BTC,0.09473939709691016
2027-12-24,ETH,-0.0
2027-12-24,US10Y,0.024772392362537306
2027-12-24,CN10Y,0.013348554984670793
2027-12-27,000300.SH,0.07695802341804583
2027-12-27,SPX,-0.12519560095464888
2027-12-27,HSI,-0.0
2027-12-27,N225,0.018373948794488254
2027-12-27,SX5E,0.015167403548575265
2027-12-27,000688.SH,0.018955638335230472
2027-12-27,SOX,0.15063935587781144
2027-12-27,NDX,-0.05617794642865863
2027-12-27,XAU,-0.0672360442291964
2027-12-27,COPPER,-0.04675416040905382
2027-12-27,WTI,-0.0802488861124547
2027-12-27,BTC,0.06779005324526317
2027-12-27,ETH,-0.0
2027-12-27,US10Y,0.020048936036413025
2027-12-27,CN10Y,0.007679278878180947
2027-12-28,000300.SH,0.09906558367836799
2027-12-28,SPX,-0.11676454879446604
2027-12-28,HSI,-0.0
2027-12-28,N225,0.03954501542957999
2027-12-28,SX5E,0.03327369451156969
2027-12-28,000688.SH,0.04348459813702778
2027-12-28,SOX,0.12338154039787481
2027-12-28,NDX,-0.07724495254852091
2027-12-28,XAU,-0.053521799466182865
2027-12-28,COPPER,-0.09524339330576315
2027-12-28,WTI,-0.07964100086925906
2027-12-28,BTC,0.08073618410218826
2027-12-28,ETH,-0.0
2027-12-28,US10Y,-0.0002084264738397481
2027-12-28,CN10Y,0.0031375052014211303
2027-12-29,000300.SH,0.09615160962547527
2027-12-29,SPX,-0.11499433863077899
2027-12-29,HSI,-0.0
2027-12-29,N225,0.034608621999208146
2027-12-29,SX5E,0.05322776445831125
2027-12-29,000688.SH,0.049529428040685705
2027-12-29,SOX,0.11989212610115321
2027-12-29,NDX,-0.053740013284207154
2027-12-29,XAU,-0.04005774052423458
2027-12-29,COPPER,-0.12245727887289143
2027-12-29,WTI,-0.10280168682645406
2027-12-29,BTC,0.04270907497949846
2027-12-29,ETH,-0.0
2027-12-29,US10Y,0.023891384297824444
2027-12-29,CN10Y,0.014041048636407812
2027-12-30,000300.SH,0.08086560257310911
2027-12-30,SPX,-0.11265936439476515
2027-12-30,HSI,-0.0
2027-12-30,N225,0.0293860507244688
2027-12-30,SX5E,0.034870111566512825
2027-12-30,000688.SH,0.04757051958269583
2027-12-30,SOX,0.14586666383248845
2027-12-30,NDX,-0.04768788795242625
2027-12-30,XAU,-0.05898841051861227
2027-12-30,COPPER,-0.08864573924580073
2027-12-30,WTI,-0.0740218599833812
2027-12-30,BTC,-0.010229675845739174
2027-12-30,ETH,-0.0
2027-12-30,US10Y,0.03439998347627075
2027-12-30,CN10Y,0.019274006185177217
2027-12-31,000300.SH,0.09045083065472534
2027-12-31,SPX,-0.08272532495950838
2027-12-31,HSI,-0.0
2027-12-31,N225,0.07186385235238907
2027-12-31,SX5E,0.020772543593069865
2027-12-31,000688.SH,0.03280393607682237
2027-12-31,SOX,0.11340854941555126
2027-12-31,NDX,-0.06619056983711002
2027-12-31,XAU,-0.07565271422377493
2027-12-31,COPPER,-0.06129790074296682
2027-12-31,WTI,-0.10146884888323604
2027-12-31,BTC,0.035305544183177516
2027-12-31,ETH,-0.0
2027-12-31,US10Y,0.006794020689084294
2027-12-31,CN10Y,0.01593608168177465
2028-01-03,000300.SH,0.07197604159738757
2028-01-03,SPX,-0.11679145762818142
2028-01-03,HSI,-0.0
2028-01-03,N225,0.06502239484212728
2028-01-03,SX5E,0.00017414276719249222
2028-01-03,000688.SH,0.05043135829171834
2028-01-03,SOX,0.14240213411080754
2028-01-03,NDX,-0.06492973250564275
2028-01-03,XAU,-0.05617093032940623
2028-01-03,COPPER,-0.04755490156376323
2028-01-03,WTI,-0.11481444098574067
2028-01-03,BTC,0.050949358913660585
2028-01-03,ETH,-0.0
2028-01-03,US10Y,0.006810895634717749
2028-01-03,CN10Y,0.012495136855120152
2028-01-04,000300.SH,0.05933893603138381
2028-01-04,SPX,-0.09436751806178931
2028-01-04,HSI,-0.0
2028-01-04,N225,0.07490101674877742
2028-01-04,SX5E,-0.003937133840836583
2028-01-04,000688.SH,0.07581974009067252
2028-01-04,SOX,0.1428882862654025
2028-01-04,NDX,-0.04000156889868817
2028-01-04,XAU,-0.05478298741639647
2028-01-04,COPPER,-0.06806273821542783
2028-01-04,WTI,-0.1835493871772167
2028-01-04,BTC,0.03626155447656014
2028-01-04,ETH,-0.0
2028-01-04,US10Y,-0.006531840969307685
2028-01-04,CN10Y,0.0620236409668629
2028-01-05,000300.SH,0.07419352045834154
2028-01-05,SPX,-0.08097419554323489
2028-01-05,HSI,-0.0
2028-01-05,N225,0.06455326508163206
2028-01-05,SX5E,-0.007348182055612712
2028-01-05,000688.SH,0.08033022527019576
2028-01-05,SOX,0.1950925240764872
2028-01-05,NDX,-0.03325144113590436
2028-01-05,XAU,-0.06278638079553156
2028-01-05,COPPER,-0.11039689421491451
2028-01-05,WTI,-0.14086900372230457
2028-01-05,BTC,-0.020918053876686087
2028-01-05,ETH,-0.0
2028-01-05,US10Y,-0.017289004152314984
2028-01-05,CN10Y,0.059663620609843794
2028-01-06,000300.SH,0.05303182445149228
2028-01-06,SPX,-0.05529415432302873
2028-01-06,HSI,-0.0
2028-01-06,N225,0.05711063386313845
2028-01-06,SX5E,-0.018744478093485093
2028-01-06,000688.SH,0.045845658331546114
2028-01-06,SOX,0.15540130294174526
2028-01-06,NDX,-0.026815277307283412
2028-01-06,XAU,-0.05250108685102631
2028-01-06,COPPER,-0.1338721482889745
2028-01-06,WTI,-0.03356411275406098
2028-01-06,BTC,-0.02112103888280531
2028-01-06,ETH,-0.0
2028-01-06,US10Y,-0.009846961926168643
2028-01-06,CN10Y,0.04036983883890892
2028-01-07,000300.SH,0.07291811804423458
2028-01-07,SPX,-0.051439415089744554
2028-01-07,HSI,-0.0
2028-01-07,N225,0.037443787047898185
2028-01-07,SX5E,-0.0066840399589415955
2028-01-07,000688.SH,0.06232744402751041
2028-01-07,SOX,0.1253950428985616
2028-01-07,NDX,-0.01369482460761371
2028-01-07,XAU,-0.041670741947539745
2028-01-07,COPPER,-0.1379173057555751
2028-01-07,WTI,-0.0076748013627754505
2028-01-07,BTC,-0.06309699610243824
2028-01-07,ETH,-0.0
2028-01-07,US10Y,-0.008307593007637485
2028-01-07,CN10Y,0.03240132581405738
2028-01-10,000300.SH,0.06229114029774394
2028-01-10,SPX,-0.03784052682341491
2028-01-10,HSI,-0.0
2028-01-10,N225,0.033017861794736966
2028-01-10,SX5E,-0.03368777428620517
2028-01-10,000688.SH,0.0698416946616434
2028-01-10,SOX,0.14064544388050654
2028-01-10,NDX,-0.025072892787381527
2028-01-10,XAU,-0.03040236986285657
2028-01-10,COPPER,-0.1434084368807686
2028-01-10,WTI,0.027135405719957744
2028-01-10,BTC,-0.13226639498697554
2028-01-10,ETH,-0.0
2028-01-10,US10Y,0.018783590238542525
2028-01-10,CN10Y,0.050963259034468605
2028-01-11,000300.SH,0.04404012545435157
2028-01-11,SPX,-0.04660299256621021
2028-01-11,HSI,-0.0
2028-01-11,N225,0.03550624635110172
2028-01-11,SX5E,-0.0331523722956143
2028-01-11,000688.SH,0.0937821931230061
2028-01-11,SOX,0.15186987602217403
2028-01-11,NDX,-0.04023925668655165
2028-01-11,XAU,-0.031306081967882204
2028-01-11,COPPER,-0.13613271286573012
2028-01-11,WTI,-0.02144722028116629
2028-01-11,BTC,-0.06527387503538651
2028-01-11,ETH,-0.0
2028-01-11,US10Y,0.011638715495136636
2028-01-11,CN10Y,0.0373173552527703
2028-01-12,000300.SH,0.037700146347315285
2028-01-12,SPX,-0.029726933180641943
2028-01-12,HSI,-0.0
2028-01-12,N225,0.012519377495500732
2028-01-12,SX5E,-0.02978492421953565
2028-01-12,000688.SH,0.13950762941440745
2028-01-12,SOX,0.1250534804278096
2028-01-12,NDX,-0.023523421896103756
2028-01-12,XAU,-0.03000679788989306
2028-01-12,COPPER,-0.14689957160019565
2028-01-12,WTI,-0.03505376058123427
2028-01-12,BTC,-0.037825932914583284
2028-01-12,ETH,-0.0
2028-01-12,US10Y,0.005009735280083321
2028-01-12,CN10Y,0.013030973317071686
2028-01-13,000300.SH,0.04265407410567669
2028-01-13,SPX,-0.026836680853873522
2028-01-13,HSI,-0.0
2028-01-13,N225,0.013557515547739148
2028-01-13,SX5E,-0.003355248026095613
2028-01-13,000688.SH,0.0762329678140208
2028-01-13,SOX,0.11535320763446469
2028-01-13,NDX,-0.0077021020914078975
2028-01-13,XAU,-0.030105136313095478
2028-01-13,COPPER,-0.11967791978906295
2028-01-13,WTI,-0.01238502881545879
2028-01-13,BTC,-0.07495678139910808
2028-01-13,ETH,-0.0
2028-01-13,US10Y,0.027211734033384304
2028-01-13,CN10Y,9.398152815962013e-06
2028-01-14,000300.SH,0.03612896642274197
2028-01-14,SPX,-0.0025594668647187712
2028-01-14,HSI,-0.0
2028-01-14,N225,0.035380285968084554
2028-01-14,SX5E,-0.018234345501480467
2028-01-14,000688.SH,0.10136282990214078
2028-01-14,SOX,0.124167072192581
2028-01-14,NDX,-0.03388296418785239
2028-01-14,XAU,-0.04201445355197244
2028-01-14,COPPER,-0.1255643724161336
2028-01-14,WTI,0.02277790024471765
2028-01-14,BTC,-0.08038059639483178
2028-01-14,ETH,-0.0
2028-01-14,US10Y,0.013639328125967388
2028-01-14,CN10Y,-0.030820183939244197
2028-01-17,000300.SH,0.032088136837303445
2028-01-17,SPX,0.01411393981882923
2028-01-17,HSI,-0.0
2028-01-17,N225,0.05386076529939529
2028-01-17,SX5E,-0.014232659774593134
2028-01-17,000688.SH,0.11811855288955705
2028-01-17,SOX,0.07942293446104459
2028-01-17,NDX,-0.018476818414633944
2028-01-17,XAU,-0.06073801021841525
2028-01-17,COPPER,-0.1341482234838921
2028-01-17,WTI,0.03833800919602201
2028-01-17,BTC,-0.11321389160299662
2028-01-17,ETH,-0.0
2028-01-17,US10Y,0.03583697694559128
2028-01-17,CN10Y,-0.030969711953213783
2028-01-18,000300.SH,0.03873547513614658
2028-01-18,SPX,0.021343952658399237
2028-01-18,HSI,-0.0
2028-01-18,N225,0.07197518091821449
2028-01-18,SX5E,-0.03768332520766733
2028-01-18,000688.SH,0.11887520200892494
2028-01-18,SOX,0.017013072083580248
2028-01-18,NDX,-0.015917719246134904
2028-01-18,XAU,-0.047084549566734295
2028-01-18,COPPER,-0.10633807878706927
2028-01-18,WTI,-0.003338245489217897
2028-01-18,BTC,-0.061069287406191344
2028-01-18,ETH,-0.0
2028-01-18,US10Y,0.03986646730349012
2028-01-18,CN10Y,-0.0363781444057426
2028-01-19,000300.SH,0.02247687566970275
2028-01-19,SPX,0.030246424384292748
2028-01-19,HSI,-0.0
2028-01-19,N225,0.09529983713530808
2028-01-19,SX5E,-0.02879862547493582
2028-01-19,000688.SH,0.09865345120896578
2028-01-19,SOX,0.03350256817188711
2028-01-19,NDX,-0.008062615790295782
2028-01-19,XAU,-0.07890818656824387
2028-01-19,COPPER,-0.14530089080239497
2028-01-19,WTI,0.0599618316910233
2028-01-19,BTC,-0.0427341738043404
2028-01-19,ETH,-0.0
2028-01-19,US10Y,0.019761341097442504
2028-01-19,CN10Y,-0.056097836918413926
2028-01-20,000300.SH,0.009953735637288852
2028-01-20,SPX,0.03308928902266202
2028-01-20,HSI,-0.0
2028-01-20,N225,0.08104915711767452
2028-01-20,SX5E,-0.03445425800720497
2028-01-20,000688.SH,0.10573910840831778
2028-01-20,SOX,0.013770121114421293
2028-01-20,NDX,-0.0009159504358757457
2028-01-20,XAU,-0.08707389265958129
2028-01-20,COPPER,-0.1527197379593918
2028-01-20,WTI,-0.01029333461950243
2028-01-20,BTC,0.05077769362771
2028-01-20,ETH,-0.0
2028-01-20,US10Y,0.028920247182476835
2028-01-20,CN10Y,-0.03784217842899831
2028-01-21,000300.SH,0.0012788634331956888
2028-01-21,SPX,0.044599494569048936
2028-01-21,HSI,-0.0
2028-01-21,N225,0.09251379659295153
2028-01-21,SX5E,-0.05532358423789789
2028-01-21,000688.SH,0.09309248047647106
2028-01-21,SOX,0.009454200723754098
2028-01-21,NDX,-0.026182461127212092
2028-01-21,XAU,-0.09216029798214875
2028-01-21,COPPER,-0.15030391896502043
2028-01-21,WTI,0.05078603832343891
2028-01-21,BTC,0.029431057759617272
2028-01-21,ETH,-0.0
2028-01-21,US10Y,0.027097857289052115
2028-01-21,CN10Y,-0.024283526855253836
2028-01-24,000300.SH,-0.00836923595937611
2028-01-24,SPX,0.038983493929584674
2028-01-24,HSI,-0.0
2028-01-24,N225,0.044062107727324856
2028-01-24,SX5E,-0.035265767326087084
2028-01-24,000688.SH,0.12260230888790928
2028-01-24,SOX,-0.027521629970073423
2028-01-24,NDX,-0.03244243932706283
2028-01-24,XAU,-0.06586962216197732
2028-01-24,COPPER,-0.1477954448923427
2028-01-24,WTI,0.05963772316593384
2028-01-24,BTC,0.021974513413688765
2028-01-24,ETH,-0.0
2028-01-24,US10Y,0.0285141932137689
2028-01-24,CN10Y,0.0014897992987080166
2028-01-25,000300.SH,-0.02434084385922366
2028-01-25,SPX,0.011897738306372564
2028-01-25,HSI,-0.0
2028-01-25,N225,0.04603652312175566
2028-01-25,SX5E,-0.03554586549620622
2028-01-25,000688.SH,0.09197356275438362
2028-01-25,SOX,-0.053824496744507705
2028-01-25,NDX,-0.020973603865140446
2028-01-25,XAU,-0.07883832769215846
2028-01-25,COPPER,-0.10723985688887337
2028-01-25,WTI,0.058780530712579965
2028-01-25,BTC,0.051495000908874135
2028-01-25,ETH,-0.0
2028-01-25,US10Y,0.028950526400046656
2028-01-25,CN10Y,0.03162911234209483
2028-01-26,000300.SH,-0.019199182869918213
2028-01-26,SPX,0.04712263231542653
2028-01-26,HSI,-0.0
2028-01-26,N225,0.05117043922109944
2028-01-26,SX5E,-0.027997165095613147
2028-01-26,000688.SH,0.08468085023624995
2028-01-26,SOX,-0.09746895472442635
2028-01-26,NDX,-0.029266886521363528
2028-01-26,XAU,-0.08397321197856075
2028-01-26,COPPER,-0.07897517239888609
2028-01-26,WTI,0.07814807165796216
2028-01-26,BTC,0.03996763609180594
2028-01-26,ETH,-0.0
2028-01-26,US10Y,0.01870197666171531
2028-01-26,CN10Y,0.01708896740450696
2028-01-27,000300.SH,-0.017650645352328242
2028-01-27,SPX,0.04842243998981567
2028-01-27,HSI,-0.0
2028-01-27,N225,0.05258707141401164
2028-01-27,SX5E,-0.02351726120759283
2028-01-27,000688.SH,0.037558163931989734
2028-01-27,SOX,-0.1369778128307825
2028-01-27,NDX,-0.009011552148948625
2028-01-27,XAU,-0.0721651155334202
2028-01-27,COPPER,-0.08334884614364862
2028-01-27,WTI,0.07518982082817897
2028-01-27,BTC,0.07826705864822057
2028-01-27,ETH,-0.0
2028-01-27,US10Y,0.02768637098187124
2028-01-27,CN10Y,0.022960307422632532
2028-01-28,000300.SH,-0.020291145856627682
2028-01-28,SPX,0.030395515824250097
2028-01-28,HSI,-0.0
2028-01-28,N225,0.004794874655054876
2028-01-28,SX5E,-0.022347941097772973
2028-01-28,000688.SH,-0.01765354863263377
2028-01-28,SOX,-0.0531625383090773
2028-01-28,NDX,-0.009003890306659856
2028-01-28,XAU,-0.05308932444565474
2028-01-28,COPPER,-0.09946464592191291
2028-01-28,WTI,0.06052491545263752
2028-01-28,BTC,0.1154233166050633
2028-01-28,ETH,-0.0
2028-01-28,US10Y,0.05503179402717839
2028-01-28,CN10Y,0.008842618006155415
2028-01-31,000300.SH,-0.0007714124451813828
2028-01-31,SPX,0.06274051422033271
2028-01-31,HSI,-0.0
2028-01-31,N225,-0.027045419760429196
2028-01-31,SX5E,-0.028978572712522216
2028-01-31,000688.SH,0.007341430871366801
2028-01-31,SOX,-0.024525484759454673
2028-01-31,NDX,-0.003768540512194392
2028-01-31,XAU,-0.0450599895308313
2028-01-31,COPPER,-0.10923212457751068
2028-01-31,WTI,0.029684976245274164
2028-01-31,BTC,0.0977094719081877
2028-01-31,ETH,-0.0
2028-01-31,US10Y,0.062176766232624844
2028-01-31,CN10Y,-0.020271615179660606
2028-02-01,000300.SH,-0.002370059450955927
2028-02-01,SPX,0.06782374424619261
2028-02-01,HSI,-0.0
2028-02-01,N225,-0.021954118055313103
2028-02-01,SX5E,-0.03253485973397838
2028-02-01,000688.SH,-0.002703464912495559
2028-02-01,SOX,-0.05975353125486572
2028-02-01,NDX,0.010021615457334
2028-02-01,XAU,-0.04791614253132449
2028-02-01,COPPER,-0.07051381412632256
2028-02-01,WTI,0.06898207662867446
2028-02-01,BTC,0.09080529477155387
2028-02-01,ETH,-0.0
2028-02-01,US10Y,0.03723366695217194
2028-02-01,CN10Y,-0.03712040799066912
2028-02-02,000300.SH,-0.0017032206594663293
2028-02-02,SPX,0.03883742789305938
2028-02-02,HSI,-0.0
2028-02-02,N225,-0.03259317618598001
2028-02-02,SX5E,-0.0035972710145133063
2028-02-02,000688.SH,-0.016461446511735776
2028-02-02,SOX,-0.09482752633657603
2028-02-02,NDX,0.01834908792556246
2028-02-02,XAU,-0.042882917027071164
2028-02-02,COPPER,-0.032548550677529806
2028-02-02,WTI,-0.017323198080142092
2028-02-02,BTC,0.18389575946663234
2028-02-02,ETH,-0.0
2028-02-02,US10Y,0.05076114422760892
2028-02-02,CN10Y,-0.04990611301984643
2028-02-03,000300.SH,-0.0019971089351427454
2028-02-03,SPX,0.0001329754641693215
2028-02-03,HSI,-0.0
2028-02-03,N225,-0.03016084180959789
2028-02-03,SX5E,-0.0044352185960349145
2028-02-03,000688.SH,-0.0010455580606835609
2028-02-03,SOX,-0.060519727427969884
2028-02-03,NDX,0.015473475383003619
2028-02-03,XAU,-0.04536139308347078
2028-02-03,COPPER,0.015455702995444253
2028-02-03,WTI,-0.02791756155805019
2028-02-03,BTC,0.15427112525081305
2028-02-03,ETH,-0.0
2028-02-03,US10Y,0.029621235150196157
2028-02-03,CN10Y,-0.0435171047726736
2028-02-04,000300.SH,-0.002911289632469136
2028-02-04,SPX,0.01456204629161901
2028-02-04,HSI,-0.0
2028-02-04,N225,-0.01262085073587691
2028-02-04,SX5E,-0.02495992798026552
2028-02-04,000688.SH,0.03209846423346946
2028-02-04,SOX,-0.021016434019871334
2028-02-04,NDX,0.0054986276663692695
2028-02-04,XAU,-0.05298663955699082
2028-02-04,COPPER,-0.0002036526173850666
2028-02-04,WTI,-0.028322870910959003
2028-02-04,BTC,0.10753842007076042
2028-02-04,ETH,-0.0
2028-02-04,US10Y,0.03678956306394894
2028-02-04,CN10Y,-0.053465455872346204
2028-02-07,000300.SH,-0.00031018978720309426
2028-02-07,SPX,0.006461109033652875
2028-02-07,HSI,-0.0
2028-02-07,N225,-0.00943105361237653
2028-02-07,SX5E,-0.02382990705498968
2028-02-07,000688.SH,0.019290504630244683
2028-02-07,SOX,0.004467560264117265
2028-02-07,NDX,0.004654474549356913
2028-02-07,XAU,-0.05995658463047063
2028-02-07,COPPER,0.014814753660507671
2028-02-07,WTI,-0.028829984771970355
2028-02-07,BTC,0.13234632305392752
2028-02-07,ETH,-0.0
2028-02-07,US10Y,0.004800847532300051
2028-02-07,CN10Y,-0.06447785286709584
2028-02-08,000300.SH,-0.0007265920698496667
2028-02-08,SPX,0.006917322894550918
2028-02-08,HSI,-0.0
2028-02-08,N225,-0.01369726303487083
2028-02-08,SX5E,-0.03611081004313246
2028-02-08,000688.SH,0.05571109895662058
2028-02-08,SOX,-0.020069964962096173
2028-02-08,NDX,0.03008315352846849
2028-02-08,XAU,-0.0584067653682943
2028-02-08,COPPER,0.01854563255793091
2028-02-08,WTI,0.003927459500927771
2028-02-08,BTC,0.09639464100538983
2028-02-08,ETH,-0.0
2028-02-08,US10Y,0.00018615472362952003
2028-02-08,CN10Y,-0.08275406768927421
2028-02-09,000300.SH,0.0016741574660519213
2028-02-09,SPX,-0.012227112731366258
2028-02-09,HSI,-0.0
2028-02-09,N225,-0.010499882712801329
2028-02-09,SX5E,-0.05867638659877956
2028-02-09,000688.SH,0.04449410864630558
2028-02-09,SOX,0.007279012589434218
2028-02-09,NDX,0.008829123223162882
2028-02-09,XAU,-0.04463948247781409
2028-02-09,COPPER,0.04593717246102376
2028-02-09,WTI,0.03889170112849852
2028-02-09,BTC,0.07415283917552294
2028-02-09,ETH,-0.0
2028-02-09,US10Y,-0.008621206134017845
2028-02-09,CN10Y,-0.08659404403522215
2028-02-10,000300.SH,-0.000770983847225739
2028-02-10,SPX,-0.01758599797386829
2028-02-10,HSI,-0.0
2028-02-10,N225,-0.011610594616974862
2028-02-10,SX5E,-0.032487307712813523
2028-02-10,000688.SH,0.10255202256752263
2028-02-10,SOX,-0.0328149891592102
2028-02-10,NDX,0.06572470207115849
2028-02-10,XAU,-0.06673624775725441
2028-02-10,COPPER,0.00985718090870238
2028-02-10,WTI,-0.0009569148003752007
2028-02-10,BTC,0.10531043609935478
2028-02-10,ETH,-0.0
2028-02-10,US10Y,-0.036507982733497576
2028-02-10,CN10Y,-0.08397332304551895
2028-02-11,000300.SH,-0.00181780520734074
2028-02-11,SPX,-0.010184699634561218
2028-02-11,HSI,-0.0
2028-02-11,N225,-0.04718006860783551
2028-02-11,SX5E,-0.026409794863917115
2028-02-11,000688.SH,0.0769612204995617
2028-02-11,SOX,-0.0530790288480574
2028-02-11,NDX,0.05114313613956098
2028-02-11,XAU,-0.04786660747373865
2028-02-11,COPPER,0.028240425758726203
2028-02-11,WTI,0.03204689161724002
2028-02-11,BTC,0.08547859709224115
2028-02-11,ETH,-0.0
2028-02-11,US10Y,-0.016268755161676023
2028-02-11,CN10Y,-0.07106351131020525
2028-02-14,000300.SH,-0.0031795698042095992
2028-02-14,SPX,-0.03859885316097854
2028-02-14,HSI,-0.0
2028-02-14,N225,-0.03813381829255454
2028-02-14,SX5E,-0.0031744053715557045
2028-02-14,000688.SH,0.09320238737795111
2028-02-14,SOX,-0.032831027849685876
2028-02-14,NDX,0.06306316978171284
2028-02-14,XAU,-0.047515242962896984
2028-02-14,COPPER,0.03629782996011604
2028-02-14,WTI,0.02032260656783736
2028-02-14,BTC,0.03944307983636206
2028-02-14,ETH,-0.0
2028-02-14,US10Y,-0.012257382700722911
2028-02-14,CN10Y,-0.07663877338137652
2028-02-15,000300.SH,-0.003935253897464305
2028-02-15,SPX,-0.010977344904712624
2028-02-15,HSI,-0.0
2028-02-15,N225,-0.034547907463161276
2028-02-15,SX5E,-0.002728606765978506
2028-02-15,000688.SH,0.09398815153575771
2028-02-15,SOX,-0.011620412013990812
2028-02-15,NDX,0.05910112551320854
2028-02-15,XAU,-0.07045272612030011
2028-02-15,COPPER,0.021626406882436118
2028-02-15,WTI,0.06666378491628233
2028-02-15,BTC,-0.016584601641722527
2028-02-15,ETH,-0.0
2028-02-15,US10Y,-0.03432132060973914
2028-02-15,CN10Y,-0.05621129543061734
2028-02-16,000300.SH,-0.00477820642536779
2028-02-16,SPX,-0.03158451987748596
2028-02-16,HSI,-0.0
2028-02-16,N225,-0.041002592748692474
2028-02-16,SX5E,0.0014093157011993152
2028-02-16,000688.SH,0.126516141103884
2028-02-16,SOX,-0.009353940471585533
2028-02-16,NDX,0.10109533207230273
2028-02-16,XAU,-0.055849520494420275
2028-02-16,COPPER,0.0013335851943650848
2028-02-16,WTI,0.02709110467754243
2028-02-16,BTC,-0.047592838913941324
2028-02-16,ETH,-0.0
2028-02-16,US10Y,-0.023575761719521804
2028-02-16,CN10Y,-0.043708098098281856
2028-02-17,000300.SH,-0.004017639396162993
2028-02-17,SPX,-0.011023922400188289
2028-02-17,HSI,-0.0
2028-02-17,N225,-0.025171661357341422
2028-02-17,SX5E,0.008050730019371222
2028-02-17,000688.SH,0.12131157088900449
2028-02-17,SOX,-0.011265603330402992
2028-02-17,NDX,0.10136050189745126
2028-02-17,XAU,-0.060531488541080536
2028-02-17,COPPER,0.024519959442895367
2028-02-17,WTI,0.03949297378364508
2028-02-17,BTC,-0.08440967891677621
2028-02-17,ETH,-0.0
2028-02-17,US10Y,-0.012677307816229274
2028-02-17,CN10Y,-0.08563843427418771
2028-02-18,000300.SH,-0.0034150069094183587
2028-02-18,SPX,-0.02853121543767688
2028-02-18,HSI,-0.0
2028-02-18,N225,-0.03375781242643767
2028-02-18,SX5E,0.014317299416931526
2028-02-18,000688.SH,0.13664585944981433
2028-02-18,SOX,-0.008589240219125011
2028-02-18,NDX,0.12615937498008797
2028-02-18,XAU,-0.05071593492335444
2028-02-18,COPPER,0.004413438007259227
2028-02-18,WTI,0.02517432843485317
2028-02-18,BTC,-0.06198210217814483
2028-02-18,ETH,-0.0
2028-02-18,US10Y,-0.02473826594242192
2028-02-18,CN10Y,-0.09498072225236946
2028-02-21,000300.SH,-0.0009972756194966711
2028-02-21,SPX,-0.05412326408516782
2028-02-21,HSI,-0.0
2028-02-21,N225,-0.024653065076682315
2028-02-21,SX5E,0.010924462629419856
2028-02-21,000688.SH,0.1408883250468603
2028-02-21,SOX,0.0040232931674032
2028-02-21,NDX,0.13505108160992355
2028-02-21,XAU,-0.04237407700393152
2028-02-21,COPPER,-0.010876318238286543
2028-02-21,WTI,0.050173184688019845
2028-02-21,BTC,-0.08425519562907396
2028-02-21,ETH,-0.0
2028-02-21,US10Y,-0.015073285033841088
2028-02-21,CN10Y,-0.10870786645514977
2028-02-22,000300.SH,-0.0019128908879997198
2028-02-22,SPX,-0.04481650622258979
2028-02-22,HSI,-0.0
2028-02-22,N225,-0.056155823213732206
2028-02-22,SX5E,0.010279097092201726
2028-02-22,000688.SH,0.1363978712377428
2028-02-22,SOX,0.05883144487754902
2028-02-22,NDX,0.11926337120444853
2028-02-22,XAU,-0.028884649421042567
2028-02-22,COPPER,-0.011736922563217433
2028-02-22,WTI,0.04330632833568755
2028-02-22,BTC,-0.060736754071618895
2028-02-22,ETH,-0.0
2028-02-22,US10Y,-0.037099831819439336
2028-02-22,CN10Y,-0.12673473454799064
2028-02-23,000300.SH,-0.0016152365166956372
2028-02-23,SPX,-0.09057620410268168
2028-02-23,HSI,-0.0
2028-02-23,N225,-0.06170434936830889
2028-02-23,SX5E,0.014554500976558164
2028-02-23,000688.SH,0.16841960107358184
2028-02-23,SOX,0.09739714833786642
2028-02-23,NDX,0.09653800653884397
2028-02-23,XAU,-0.015297765182473229
2028-02-23,COPPER,-0.01315918746787384
2028-02-23,WTI,0.05414625438127639
2028-02-23,BTC,-0.07583578717589541
2028-02-23,ETH,-0.0
2028-02-23,US10Y,-0.036732028899791574
2028-02-23,CN10Y,-0.13613495259440983
2028-02-24,000300.SH,-0.0012079100193780814
2028-02-24,SPX,-0.07095964020097714
2028-02-24,HSI,-0.0
2028-02-24,N225,-0.018514815428552184
2028-02-24,SX5E,0.007903886680593684
2028-02-24,000688.SH,0.18913488319755062
2028-02-24,SOX,0.08141521786016709
2028-02-24,NDX,0.07032688775987547
2028-02-24,XAU,-0.030408619489860636
2028-02-24,COPPER,-0.003945997081919783
2028-02-24,WTI,0.06774045429376822
2028-02-24,BTC,-0.10806519551619961
2028-02-24,ETH,-0.0
2028-02-24,US10Y,-0.02920152502329804
2028-02-24,CN10Y,-0.15421762703177216
2028-02-25,000300.SH,-5.182973316497451e-05
2028-02-25,SPX,-0.0635019813565441
2028-02-25,HSI,-0.0
2028-02-25,N225,0.004786018870784729
2028-02-25,SX5E,-0.009718478554130973
2028-02-25,000688.SH,0.27357549353012267
2028-02-25,SOX,0.004612538275750727
2028-02-25,NDX,0.07085038307218007
2028-02-25,XAU,-0.04434357395474982
2028-02-25,COPPER,-0.0037601662224790522
2028-02-25,WTI,0.044071961211454284
2028-02-25,BTC,-0.09520586483899239
2028-02-25,ETH,-0.0
2028-02-25,US10Y,-0.04551081186517282
2028-02-25,CN10Y,-0.13580368843506355
2028-02-28,000300.SH,-0.0001044637986060014
2028-02-28,SPX,-0.0641617025410371
2028-02-28,HSI,-0.0
2028-02-28,N225,0.04999978355521071
2028-02-28,SX5E,0.009834260707210387
2028-02-28,000688.SH,0.2624503267765603
2028-02-28,SOX,-0.0354654567614691
2028-02-28,NDX,0.06259948864965827
2028-02-28,XAU,-0.06841107753320001
2028-02-28,COPPER,-0.007376625154119774
2028-02-28,WTI,0.04329144429224678
2028-02-28,BTC,-0.12449189243247333
2028-02-28,ETH,-0.0
2028-02-28,US10Y,-0.02673438493387044
2028-02-28,CN10Y,-0.10142970082611637
2028-02-29,000300.SH,-0.0005797826485554674
2028-02-29,SPX,-0.08376147907862763
2028-02-29,HSI,-0.0
2028-02-29,N225,0.04849234998407918
2028-02-29,SX5E,0.03388393764475293
2028-02-29,000688.SH,0.20252049491231958
2028-02-29,SOX,-0.03046916391514748
2028-02-29,NDX,0.05713048459178272
2028-02-29,XAU,-0.06614458174410623
2028-02-29,COPPER,-0.010081916938909707
2028-02-29,WTI,0.010877221218715878
2028-02-29,BTC,-0.07758490550395904
2028-02-29,ETH,-0.0
2028-02-29,US10Y,0.01119225454848255
2028-02-29,CN10Y,-0.09547491307083297
2028-03-01,000300.SH,4.4246286841051545e-05
2028-03-01,SPX,-0.05684380485405771
2028-03-01,HSI,-0.0
2028-03-01,N225,0.06279616753228882
2028-03-01,SX5E,0.007608366270482487
2028-03-01,000688.SH,0.2401078350875544
2028-03-01,SOX,-0.013159035600011373
2028-03-01,NDX,0.017641045725523878
2028-03-01,XAU,-0.0357167958759293
2028-03-01,COPPER,0.010859644731098747
2028-03-01,WTI,0.11309000876456576
2028-03-01,BTC,-0.23533389916681421
2028-03-01,ETH,-0.0
2028-03-01,US10Y,-0.03396467844043295
2028-03-01,CN10Y,-0.07712910046111646
2028-03-02,000300.SH,0.0010840698487835664
2028-03-02,SPX,-0.04048944959227621
2028-03-02,HSI,-0.0
2028-03-02,N225,0.07271263031129561
2028-03-02,SX5E,0.04391972195135142
2028-03-02,000688.SH,0.2551557149814022
2028-03-02,SOX,-0.007462294742896718
2028-03-02,NDX,0.008144597347364679
2028-03-02,XAU,-0.03610332140656253
2028-03-02,COPPER,-0.011483070556819294
2028-03-02,WTI,0.09647146106054479
2028-03-02,BTC,-0.27761506056938284
2028-03-02,ETH,-0.0
2028-03-02,US10Y,-0.02504777827824941
2028-03-02,CN10Y,-0.07928722035456484
2028-03-03,000300.SH,-6.713610385267275e-06
2028-03-03,SPX,-0.049873004586138414
2028-03-03,HSI,-0.0
2028-03-03,N225,0.09336160896140278
2028-03-03,SX5E,0.024966454836826305
2028-03-03,000688.SH,0.23155015298182882
2028-03-03,SOX,-0.05663557657903173
2028-03-03,NDX,0.028341860740792375
2028-03-03,XAU,-0.03236652406181011
2028-03-03,COPPER,0.006232261463573505
2028-03-03,WTI,0.08450375169921917
2028-03-03,BTC,-0.21489398266295937
2028-03-03,ETH,-0.0
2028-03-03,US10Y,-0.044849740901732424
2028-03-03,CN10Y,-0.0703305482815938
2028-03-06,000300.SH,-8.563769513163499e-05
2028-03-06,SPX,-0.05574700862810089
2028-03-06,HSI,-0.0
2028-03-06,N225,0.09543827463521037
2028-03-06,SX5E,0.006240218043918118
2028-03-06,000688.SH,0.2456113133622248
2028-03-06,SOX,-0.11726139114743389
2028-03-06,NDX,0.022889265353717297
2028-03-06,XAU,-0.0013938998394040988
2028-03-06,COPPER,-0.012920426707448564
2028-03-06,WTI,0.07150904326497987
2028-03-06,BTC,-0.16525826828238416
2028-03-06,ETH,-0.0
2028-03-06,US10Y,-0.034145845247685734
2028-03-06,CN10Y,-0.05487563711246847
2028-03-07,000300.SH,-0.0010022397726794214
2028-03-07,SPX,-0.06770006264855306
2028-03-07,HSI,-0.0
2028-03-07,N225,0.11359422402244347
2028-03-07,SX5E,0.01985782181245742
2028-03-07,000688.SH,0.22034209603275617
2028-03-07,SOX,-0.08210310794736957
2028-03-07,NDX,-0.0033363961964320444
2028-03-07,XAU,0.017850020671099826
2028-03-07,COPPER,-0.010457078357718357
2028-03-07,WTI,0.12708602259015273
2028-03-07,BTC,-0.23323417461634338
2028-03-07,ETH,-0.0
2028-03-07,US10Y,-0.03404360615050836
2028-03-07,CN10Y,-0.06685351943931107
2028-03-08,000300.SH,-0.003415147093422083
2028-03-08,SPX,-0.053091067005062755
2028-03-08,HSI,-0.0
2028-03-08,N225,0.1486649147985115
2028-03-08,SX5E,0.03585613153837581
2028-03-08,000688.SH,0.22445977650525883
2028-03-08,SOX,-0.1333137591756326
2028-03-08,NDX,-0.0200674000381803
2028-03-08,XAU,0.01168244456442227
2028-03-08,COPPER,-0.017345750499743587
2028-03-08,WTI,0.0920550003714982
2028-03-08,BTC,-0.225278347299204
2028-03-08,ETH,-0.0
2028-03-08,US10Y,-0.013144975356753786
2028-03-08,CN10Y,-0.0470618213100707
2028-03-09,000300.SH,-0.003811907595987772
2028-03-09,SPX,-0.02799965028224218
2028-03-09,HSI,-0.0
2028-03-09,N225,0.13960362080915306
2028-03-09,SX5E,0.0112044643360718
2028-03-09,000688.SH,0.18652131792784393
2028-03-09,SOX,-0.0989583819898467
2028-03-09,NDX,-0.07681548169052889
2028-03-09,XAU,0.017035918545341998
2028-03-09,COPPER,0.004105624900891655
2028-03-09,WTI,0.13570094185149698
2028-03-09,BTC,-0.23705935837589967
2028-03-09,ETH,-0.0
2028-03-09,US10Y,0.004426636934055397
2028-03-09,CN10Y,-0.05395374537035232
2028-03-10,000300.SH,-0.0038449806825867107
2028-03-10,SPX,-0.02081944695220237
2028-03-10,HSI,-0.0
2028-03-10,N225,0.13697306766906905
2028-03-10,SX5E,0.01889732069125028
2028-03-10,000688.SH,0.16484141744166347
2028-03-10,SOX,-0.0919790005014438
2028-03-10,NDX,-0.06736457370176444
2028-03-10,XAU,0.024405505015384167
2028-03-10,COPPER,-0.01759136967300366
2028-03-10,WTI,0.07680157333673761
2028-03-10,BTC,-0.16991703649820264
2028-03-10,ETH,-0.0
2028-03-10,US10Y,-5.486093083741442e-05
2028-03-10,CN10Y,-0.05034761521406448
2028-03-13,000300.SH,-0.0029776083984344682
2028-03-13,SPX,0.0022568741630296252
2028-03-13,HSI,-0.0
2028-03-13,N225,0.1122746708757786
2028-03-13,SX5E,0.007991337647247321
2028-03-13,000688.SH,0.13092079670970366
2028-03-13,SOX,-0.11075066903097965
2028-03-13,NDX,-0.10108311444071524
2028-03-13,XAU,0.03697307678371175
2028-03-13,COPPER,-0.005863486809505209
2028-03-13,WTI,0.11807922947920063
2028-03-13,BTC,-0.12297555893662519
2028-03-13,ETH,-0.0
2028-03-13,US10Y,-0.031516727217448005
2028-03-13,CN10Y,-0.03332882082496531
2028-03-14,000300.SH,-0.0009381582468369163
2028-03-14,SPX,-0.02078106780363643
2028-03-14,HSI,-0.0
2028-03-14,N225,0.07218258902864913
2028-03-14,SX5E,-0.0018003296318406924
2028-03-14,000688.SH,0.12908621244114163
2028-03-14,SOX,-0.03719218062469486
2028-03-14,NDX,-0.08749809045712426
2028-03-14,XAU,0.04921158093764394
2028-03-14,COPPER,-0.023941482649482065
2028-03-14,WTI,0.07567632475204927
2028-03-14,BTC,-0.08163166559581878
2028-03-14,ETH,-0.0
2028-03-14,US10Y,-0.01750786596095286
2028-03-14,CN10Y,-0.05486586618909907
2028-03-15,000300.SH,-0.001773311604432364
2028-03-15,SPX,-0.008176406067696998
2028-03-15,HSI,-0.0
2028-03-15,N225,0.08154300955780036
2028-03-15,SX5E,-0.028082452281025364
2028-03-15,000688.SH,0.10932635387471269
2028-03-15,SOX,-0.06148003416200927
2028-03-15,NDX,-0.09678932056396082
2028-03-15,XAU,0.039898653895968104
2028-03-15,COPPER,0.016594734055525584
2028-03-15,WTI,0.09035893420375578
2028-03-15,BTC,-0.09555117282030576
2028-03-15,ETH,-0.0
2028-03-15,US10Y,-0.0016606835263562603
2028-03-15,CN10Y,-0.04420830456197483
2028-03-16,000300.SH,-0.0028332065967209994
2028-03-16,SPX,-0.023686137997011608
2028-03-16,HSI,-0.0
2028-03-16,N225,0.08659978800799951
2028-03-16,SX5E,-0.03894595502805104
2028-03-16,000688.SH,0.10721591330063907
2028-03-16,SOX,-0.04512953295199461
2028-03-16,NDX,-0.0888506431510079
2028-03-16,XAU,0.05882825922865378
2028-03-16,COPPER,0.017028346935642095
2028-03-16,WTI,0.13104450621753166
2028-03-16,BTC,-0.15484429815338863
2028-03-16,ETH,-0.0
2028-03-16,US10Y,-0.021582653908492924
2028-03-16,CN10Y,-0.02484438590379865
2028-03-17,000300.SH,-0.0039754003759728835
2028-03-17,SPX,0.011058724720955159
2028-03-17,HSI,-0.0
2028-03-17,N225,0.07318811319289484
2028-03-17,SX5E,-0.025220017775880878
2028-03-17,000688.SH,0.061996183311947194
2028-03-17,SOX,-0.03736388027096403
2028-03-17,NDX,-0.12533935917128655
2028-03-17,XAU,0.03396871875055799
2028-03-17,COPPER,-0.0008708637820078746
2028-03-17,WTI,0.13711325077303946
2028-03-17,BTC,-0.10784832326783438
2028-03-17,ETH,-0.0
2028-03-17,US10Y,-0.01777781433420106
2028-03-17,CN10Y,0.0010706682287540542
2028-03-20,000300.SH,-0.004686721851871628
2028-03-20,SPX,0.045946870777726245
2028-03-20,HSI,-0.0
2028-03-20,N225,0.08877533156834957
2028-03-20,SX5E,-0.006901051046279489
2028-03-20,000688.SH,0.023257329278448
2028-03-20,SOX,-0.05855078082593389
2028-03-20,NDX,-0.09386165690651815
2028-03-20,XAU,0.010296438533224855
2028-03-20,COPPER,0.011274023840929312
2028-03-20,WTI,0.13270727609251698
2028-03-20,BTC,-0.10309063151127063
2028-03-20,ETH,-0.0
2028-03-20,US10Y,-0.024955331063585127
2028-03-20,CN10Y,-0.020211096885735264
2028-03-21,000300.SH,-0.006098219287756777
2028-03-21,SPX,0.03257832529011022
2028-03-21,HSI,-0.0
2028-03-21,N225,0.09963810484797705
2028-03-21,SX5E,-0.02923816928987058
2028-03-21,000688.SH,0.05229219149501633
2028-03-21,SOX,-0.0763738878173646
2028-03-21,NDX,-0.062175333957726224
2028-03-21,XAU,0.005759222660332261
2028-03-21,COPPER,0.028349064087098967
2028-03-21,WTI,0.1263813833254333
2028-03-21,BTC,-0.17139381216269992
2028-03-21,ETH,-0.0
2028-03-21,US10Y,-0.002286310988846827
2028-03-21,CN10Y,0.0025674417982979904
2028-03-22,000300.SH,-0.005361392666271714
2028-03-22,SPX,0.06793376107271587
2028-03-22,HSI,-0.0
2028-03-22,N225,0.1069269067622554
2028-03-22,SX5E,-0.03630226113740704
2028-03-22,000688.SH,0.0029056079538823283
2028-03-22,SOX,-0.07491926538631771
2028-03-22,NDX,-0.06662305724988492
2028-03-22,XAU,0.006070857185714241
2028-03-22,COPPER,0.03873140354186842
2028-03-22,WTI,0.10911887389854316
2028-03-22,BTC,-0.15881748605260243
2028-03-22,ETH,-0.0
2028-03-22,US10Y,-0.0009802457855825212
2028-03-22,CN10Y,0.011316297863089587
2028-03-23,000300.SH,-0.005041257229384585
2028-03-23,SPX,0.024486260386900882
2028-03-23,HSI,-0.0
2028-03-23,N225,0.07583832298427395
2028-03-23,SX5E,-0.027190426134651488
2028-03-23,000688.SH,0.013036917123094578
2028-03-23,SOX,-0.0555997500076596
2028-03-23,NDX,-0.047689531767750246
2028-03-23,XAU,0.015937945148454917
2028-03-23,COPPER,0.015535301073052326
2028-03-23,WTI,0.13554198626666267
2028-03-23,BTC,-0.13472709575407293
2028-03-23,ETH,-0.0
2028-03-23,US10Y,-0.014803932754427342
2028-03-23,CN10Y,0.004675260665507844
2028-03-24,000300.SH,-0.003019897805089804
2028-03-24,SPX,0.03301823436760187
2028-03-24,HSI,-0.0
2028-03-24,N225,0.0683086541074715
2028-03-24,SX5E,0.014399684436744343
2028-03-24,000688.SH,-0.032361828341328655
2028-03-24,SOX,-0.0659278562132398
2028-03-24,NDX,-0.03575041502410928
2028-03-24,XAU,0.009676005472715906
2028-03-24,COPPER,0.034502611656256885
2028-03-24,WTI,0.1944048791920782
2028-03-24,BTC,-0.2109737301590711
2028-03-24,ETH,-0.0
2028-03-24,US10Y,-0.011864752905201396
2028-03-24,CN10Y,0.005588411215170785
2028-03-27,000300.SH,-0.002960228264753753
2028-03-27,SPX,0.0573333038917576
2028-03-27,HSI,-0.0
2028-03-27,N225,0.04386540162692928
2028-03-27,SX5E,0.0029530656517429994
2028-03-27,000688.SH,-0.05654999740629854
2028-03-27,SOX,-0.040928746987820674
2028-03-27,NDX,-0.05416211712674471
2028-03-27,XAU,0.023825248340672234
2028-03-27,COPPER,0.029298428815601907
2028-03-27,WTI,0.20069436917029387
2028-03-27,BTC,-0.1917741065423357
2028-03-27,ETH,-0.0
2028-03-27,US10Y,-0.02308953082581915
2028-03-27,CN10Y,0.011494909656775373
2028-03-28,000300.SH,-0.002862519978516131
2028-03-28,SPX,0.06161625518556725
2028-03-28,HSI,-0.0
2028-03-28,N225,0.025346314064272103
2028-03-28,SX5E,-0.006216987852888529
2028-03-28,000688.SH,-0.0017213265334160201
2028-03-28,SOX,-0.05602918363512163
2028-03-28,NDX,-0.056577288387498356
2028-03-28,XAU,0.06254813953990786
2028-03-28,COPPER,0.02623294896728912
2028-03-28,WTI,0.18705479389371668
2028-03-28,BTC,-0.22190356868276973
2028-03-28,ETH,-0.0
2028-03-28,US10Y,-0.02449833995554379
2028-03-28,CN10Y,0.007010763375002672
2028-03-29,000300.SH,-0.0028332921558463565
2028-03-29,SPX,0.05733833685425442
2028-03-29,HSI,-0.0
2028-03-29,N225,0.012928335382728577
2028-03-29,SX5E,0.0037851639856953546
2028-03-29,000688.SH,-0.023611548204468258
2028-03-29,SOX,-0.025764626986394687
2028-03-29,NDX,-0.05573136869499358
2028-03-29,XAU,0.03522478471990156
2028-03-29,COPPER,0.013907771987216419
2028-03-29,WTI,0.142176360236487
2028-03-29,BTC,-0.13687039358472647
2028-03-29,ETH,-0.0
2028-03-29,US10Y,-0.0132994291129956
2028-03-29,CN10Y,-0.007250094426855952
2028-03-30,000300.SH,-0.0035291565162930906
2028-03-30,SPX,0.042451199215643436
2028-03-30,HSI,-0.0
2028-03-30,N225,0.0028992488521410132
2028-03-30,SX5E,-0.023037387217239105
2028-03-30,000688.SH,-0.04374505050891302
2028-03-30,SOX,-0.08413933525700162
2028-03-30,NDX,-0.05932935782335509
2028-03-30,XAU,0.04484255222181835
2028-03-30,COPPER,0.03508061861201578
2028-03-30,WTI,0.12663116380447048
2028-03-30,BTC,-0.03387949402208988
2028-03-30,ETH,-0.0
2028-03-30,US10Y,-0.0023891327676607167
2028-03-30,CN10Y,-0.00185586859353378
2028-03-31,000300.SH,-0.0024890855332072377
2028-03-31,SPX,0.06339411389194483
2028-03-31,HSI,-0.0
2028-03-31,N225,-0.0331775837326908
2028-03-31,SX5E,-0.005932401408009484
2028-03-31,000688.SH,-0.01913504548911618
2028-03-31,SOX,-0.04229520339095833
2028-03-31,NDX,-0.08105462992126333
2028-03-31,XAU,0.033915392265951805
2028-03-31,COPPER,0.024544915641075936
2028-03-31,WTI,0.12591181549777966
2028-03-31,BTC,-0.10783426792133892
2028-03-31,ETH,-0.0
2028-03-31,US10Y,0.04198662585976926
2028-03-31,CN10Y,0.0021653542400643065
2028-04-03,000300.SH,-0.002296622489387206
2028-04-03,SPX,0.06911862084612616
2028-04-03,HSI,-0.0
2028-04-03,N225,-0.07579908159748153
2028-04-03,SX5E,0.01900373924410049
2028-04-03,000688.SH,-0.040600851680935725
2028-04-03,SOX,0.005418892569757704
2028-04-03,NDX,-0.051615793531877285
2028-04-03,XAU,0.022158562190281415
2028-04-03,COPPER,0.034580143264391586
2028-04-03,WTI,0.13551361900009526
2028-04-03,BTC,-0.1428288055698864
2028-04-03,ETH,-0.0
2028-04-03,US10Y,0.031425875231871764
2028-04-03,CN10Y,-0.004078297477055265
2028-04-04,000300.SH,-0.001496029822840811
2028-04-04,SPX,0.0800029340978545
2028-04-04,HSI,-0.0
2028-04-04,N225,-0.068924000142165
2028-04-04,SX5E,0.014850879015931375
2028-04-04,000688.SH,-0.048130307837530036
2028-04-04,SOX,-0.016686018674027026
2028-04-04,NDX,-0.03705486469844896
2028-04-04,XAU,0.01013187660818016
2028-04-04,COPPER,0.04743196473787736
2028-04-04,WTI,0.0946874926503231
2028-04-04,BTC,-0.10516574220367468
2028-04-04,ETH,-0.0
2028-04-04,US10Y,0.038174045755199955
2028-04-04,CN10Y,-0.007822229486676519
2028-04-05,000300.SH,0.0007009644919792318
2028-04-05,SPX,0.06586193945113736
2028-04-05,HSI,-0.0
2028-04-05,N225,-0.09194954847267961
2028-04-05,SX5E,-0.005584708186184837
2028-04-05,000688.SH,-0.060732654603822975
2028-04-05,SOX,0.03918846053896906
2028-04-05,NDX,0.005815702419801259
2028-04-05,XAU,0.011627884466108337
2028-04-05,COPPER,0.05467014790430891
2028-04-05,WTI,0.1276670560164206
2028-04-05,BTC,-0.14761088788960067
2028-04-05,ETH,-0.0
2028-04-05,US10Y,0.002497621034636778
2028-04-05,CN10Y,-0.002151977171071122
2028-04-06,000300.SH,0.0010544148311346997
2028-04-06,SPX,0.05749039267537173
2028-04-06,HSI,-0.0
2028-04-06,N225,-0.07782991765145758
2028-04-06,SX5E,-0.008950098885703662
2028-04-06,000688.SH,-0.04768982722080316
2028-04-06,SOX,0.02183643008433676
2028-04-06,NDX,0.0036036900147956696
2028-04-06,XAU,0.03746605971848925
2028-04-06,COPPER,0.06487145963052007
2028-04-06,WTI,0.03127895750281368
2028-04-06,BTC,-0.08677107138971833
2028-04-06,ETH,-0.0
2028-04-06,US10Y,0.008111272181476
2028-04-06,CN10Y,-0.004471761491253182
2028-04-07,000300.SH,0.000569581043313334
2028-04-07,SPX,0.05754316840375596
2028-04-07,HSI,-0.0
2028-04-07,N225,-0.048029911503582615
2028-04-07,SX5E,-0.012086000747071335
2028-04-07,000688.SH,-0.01439541191778909
2028-04-07,SOX,0.022940317082273943
2028-04-07,NDX,0.005755428303893424
2028-04-07,XAU,0.021168020066867063
2028-04-07,COPPER,0.07654585212609925
2028-04-07,WTI,0.04432111390506338
2028-04-07,BTC,-0.14616461198727046
2028-04-07,ETH,-0.0
2028-04-07,US10Y,0.024634271135752048
2028-04-07,CN10Y,-0.032801815911303864
2028-04-10,000300.SH,-0.0002763477348180182
2028-04-10,SPX,0.07384628823332617
2028-04-10,HSI,-0.0
2028-04-10,N225,-0.010712148728226383
2028-04-10,SX5E,-0.0022053130427943067
2028-04-10,000688.SH,-0.027970613683075424
2028-04-10,SOX,0.02433222395358095
2028-04-10,NDX,0.027962439812496638
2028-04-10,XAU,0.024569170413757058
2028-04-10,COPPER,0.07515309155341504
2028-04-10,WTI,-0.03221255845977482
2028-04-10,BTC,-0.15349135023400734
2028-04-10,ETH,-0.0
2028-04-10,US10Y,0.03505737899453199
2028-04-10,CN10Y,-0.03405226107840999
2028-04-11,000300.SH,-0.002065874055755296
2028-04-11,SPX,0.053630811777650195
2028-04-11,HSI,-0.0
2028-04-11,N225,0.005029975512109182
2028-04-11,SX5E,-0.00017776635694085469
2028-04-11,000688.SH,-0.012786420669603449
2028-04-11,SOX,-0.006679826685956375
2028-04-11,NDX,0.05100926234163365
2028-04-11,XAU,0.015929167529003606
2028-04-11,COPPER,0.06897129447805339
2028-04-11,WTI,-0.05242989765439346
2028-04-11,BTC,-0.16273923134398793
2028-04-11,ETH,-0.0
2028-04-11,US10Y,0.04209696921560326
2028-04-11,CN10Y,0.0002115359125882555
2028-04-12,000300.SH,-0.0008161026625109807
2028-04-12,SPX,0.056776510349545305
2028-04-12,HSI,-0.0
2028-04-12,N225,0.013460025078045078
2028-04-12,SX5E,0.00804152499599965
2028-04-12,000688.SH,-0.023180609218718697
2028-04-12,SOX,0.016839307868183443
2028-04-12,NDX,0.04081884261543195
2028-04-12,XAU,0.016302544206273726
2028-04-12,COPPER,0.049618149223633716
2028-04-12,WTI,-0.03558710338749514
2028-04-12,BTC,-0.1576775307572113
2028-04-12,ETH,-0.0
2028-04-12,US10Y,0.03238545291586652
2028-04-12,CN10Y,-0.016981011227041033
2028-04-13,000300.SH,-0.00041923837509357165
2028-04-13,SPX,0.07779793050216875
2028-04-13,HSI,-0.0
2028-04-13,N225,-0.011346485448615587
2028-04-13,SX5E,0.020082211612388427
2028-04-13,000688.SH,-0.041567551225411586
2028-04-13,SOX,0.023030567830400948
2028-04-13,NDX,0.005414610626750456
2028-04-13,XAU,0.025740699160849603
2028-04-13,COPPER,0.004343045666571083
2028-04-13,WTI,0.005392159462525702
2028-04-13,BTC,-0.12012699192342625
2028-04-13,ETH,-0.0
2028-04-13,US10Y,0.027041491489882278
2028-04-13,CN10Y,-0.015382449378988044
2028-04-14,000300.SH,0.0007158900405389277
2028-04-14,SPX,0.05336808566431335
2028-04-14,HSI,-0.0
2028-04-14,N225,0.00617543513755253
2028-04-14,SX5E,0.008067558411789902
2028-04-14,000688.SH,-0.01137934674834044
2028-04-14,SOX,-0.024300254044987885
2028-04-14,NDX,0.0003802017073412621
2028-04-14,XAU,0.052060488140734155
2028-04-14,COPPER,0.0751343785009053
2028-04-14,WTI,0.03162204894133157
2028-04-14,BTC,-0.18362341149941386
2028-04-14,ETH,-0.0
2028-04-14,US10Y,0.02371705408852734
2028-04-14,CN10Y,-0.03193812834028941
2028-04-17,000300.SH,0.0014557094647771008
2028-04-17,SPX,0.06244629088411061
2028-04-17,HSI,-0.0
2028-04-17,N225,0.010448153513766437
2028-04-17,SX5E,-0.018510233553883357
2028-04-17,000688.SH,-0.041243301439203475
2028-04-17,SOX,0.01069970866807514
2028-04-17,NDX,-0.003729623937826526
2028-04-17,XAU,0.061532769347469776
2028-04-17,COPPER,0.08919840313664414
2028-04-17,WTI,-0.029931008582540893
2028-04-17,BTC,-0.1386081276234506
2028-04-17,ETH,-0.0
2028-04-17,US10Y,0.01955351846012475
2028-04-17,CN10Y,-0.02331225833806319
2028-04-18,000300.SH,0.0025718352776718093
2028-04-18,SPX,0.055774385965312936
2028-04-18,HSI,-0.0
2028-04-18,N225,-0.008205050480454269
2028-04-18,SX5E,0.001551617142473179
2028-04-18,000688.SH,-0.07267253403719487
2028-04-18,SOX,0.015840189288601224
2028-04-18,NDX,-0.014393555183012937
2028-04-18,XAU,0.07015458521751751
2028-04-18,COPPER,0.057783627746858704
2028-04-18,WTI,0.011260812684582757
2028-04-18,BTC,-0.09323085790842472
2028-04-18,ETH,-0.0
2028-04-18,US10Y,0.03125239905638228
2028-04-18,CN10Y,-0.05768745477031671
2028-04-19,000300.SH,0.0023099788129467913
2028-04-19,SPX,0.04709317212499876
2028-04-19,HSI,-0.0
2028-04-19,N225,-0.021717691769750552
2028-04-19,SX5E,-0.02908443778869016
2028-04-19,000688.SH,-0.0635711589992523
2028-04-19,SOX,-0.013724044281187335
2028-04-19,NDX,0.015362366732060127
2028-04-19,XAU,0.06557993818008027
2028-04-19,COPPER,0.034632038305843646
2028-04-19,WTI,0.02909880937445427
2028-04-19,BTC,-0.053815833915383415
2028-04-19,ETH,-0.0
2028-04-19,US10Y,0.033776754623317626
2028-04-19,CN10Y,-0.045939891399441116
2028-04-20,000300.SH,0.0018705252550071604
2028-04-20,SPX,0.0829507621389582
2028-04-20,HSI,-0.0
2028-04-20,N225,-0.01763947757862764
2028-04-20,SX5E,-0.02327055162867208
2028-04-20,000688.SH,-0.06873063870365492
2028-04-20,SOX,-0.02780635925979365
2028-04-20,NDX,0.01397513119912796
2028-04-20,XAU,0.06265160510106
2028-04-20,COPPER,0.048577923190365635
2028-04-20,WTI,0.0013625325550571596
2028-04-20,BTC,-0.07837029384479466
2028-04-20,ETH,-0.0
2028-04-20,US10Y,0.03037204362441859
2028-04-20,CN10Y,-0.025943202048453545
2028-04-21,000300.SH,-0.0
2028-04-21,SPX,0.08015285173712317
2028-04-21,HSI,-0.0
2028-04-21,N225,-0.028207092719704348
2028-04-21,SX5E,-0.04241765657869441
2028-04-21,000688.SH,-0.0839005150929224
2028-04-21,SOX,0.04160778025582254
2028-04-21,NDX,-0.00899429670626676
2028-04-21,XAU,0.0590234925412987
2028-04-21,COPPER,0.0333500588831754
2028-04-21,WTI,-0.022170885465284295
2028-04-21,BTC,-0.04776396027268683
2028-04-21,ETH,-0.0
2028-04-21,US10Y,0.0353495700970714
2028-04-21,CN10Y,-0.016029346678932695
2028-04-24,000300.SH,-0.0
2028-04-24,SPX,0.056127430400355845
2028-04-24,HSI,-0.0
2028-04-24,N225,-0.0047626952578754995
2028-04-24,SX5E,-0.03005788905569184
2028-04-24,000688.SH,-0.08457148867237284
2028-04-24,SOX,0.043925082702098585
2028-04-24,NDX,-0.002440756186702195
2028-04-24,XAU,0.05961791214678586
2028-04-24,COPPER,0.05049746521759818
2028-04-24,WTI,-0.02675662622716949
2028-04-24,BTC,-0.04709153897431825
2028-04-24,ETH,-0.0
2028-04-24,US10Y,0.013734059864183835
2028-04-24,CN10Y,-0.02822095595689409
2028-04-25,000300.SH,-0.0
2028-04-25,SPX,0.06755482702939378
2028-04-25,HSI,-0.0
2028-04-25,N225,-0.006025720901889542
2028-04-25,SX5E,-0.0428796551098506
2028-04-25,000688.SH,-0.11960706213047188
2028-04-25,SOX,0.06858814481683195
2028-04-25,NDX,-0.012977303415069943
2028-04-25,XAU,0.03636674672864603
2028-04-25,COPPER,0.04685638907426499
2028-04-25,WTI,0.004167240726973864
2028-04-25,BTC,-0.03197335733420495
2028-04-25,ETH,-0.0
2028-04-25,US10Y,0.006271333422813498
2028-04-25,CN10Y,-0.01634158290743868
2028-04-26,000300.SH,-0.0
2028-04-26,SPX,0.08906777228095358
2028-04-26,HSI,-0.0
2028-04-26,N225,-0.015960388865529303
2028-04-26,SX5E,-0.03834780940929333
2028-04-26,000688.SH,-0.12127991186793202
2028-04-26,SOX,0.04470780959192162
2028-04-26,NDX,0.006864156108721157
2028-04-26,XAU,0.048694751405808166
2028-04-26,COPPER,0.03013254211927951
2028-04-26,WTI,0.035622801205336604
2028-04-26,BTC,-0.08948280090885521
2028-04-26,ETH,-0.0
2028-04-26,US10Y,0.018188520444062477
2028-04-26,CN10Y,-0.008207442104474254
2028-04-27,000300.SH,-0.0
2028-04-27,SPX,0.07638457620765621
2028-04-27,HSI,-0.0
2028-04-27,N225,-0.007054803918827242
2028-04-27,SX5E,-0.03503536788858292
2028-04-27,000688.SH,-0.13173872078812662
2028-04-27,SOX,0.12080352348472176
2028-04-27,NDX,0.045588958359375834
2028-04-27,XAU,0.04615603886163302
2028-04-27,COPPER,0.026968932804588
2028-04-27,WTI,0.019609614726000382
2028-04-27,BTC,-0.13274062349996907
2028-04-27,ETH,-0.0
2028-04-27,US10Y,-0.0046019816203588994
2028-04-27,CN10Y,-0.02434014672811027
2028-04-28,000300.SH,-0.0
2028-04-28,SPX,0.062471981506184375
2028-04-28,HSI,-0.0
2028-04-28,N225,0.007316655845336439
2028-04-28,SX5E,-0.041406714959033114
2028-04-28,000688.SH,-0.18075287011331892
2028-04-28,SOX,0.09218824191655467
2028-04-28,NDX,0.048892648556433105
2028-04-28,XAU,0.0817572093882181
2028-04-28,COPPER,0.034280358849487394
2028-04-28,WTI,0.005542979953033407
2028-04-28,BTC,-0.04048645507126337
2028-04-28,ETH,-0.0
2028-04-28,US10Y,-0.03374255681780578
2028-04-28,CN10Y,-0.036061479053826916
2028-05-01,000300.SH,-0.0
2028-05-01,SPX,0.059120987040327456
2028-05-01,HSI,-0.0
2028-05-01,N225,0.058491489242174656
2028-05-01,SX5E,-0.013744183586196952
2028-05-01,000688.SH,-0.1721607371727659
2028-05-01,SOX,0.10911061280621315
2028-05-01,NDX,0.01565845031779795
2028-05-01,XAU,0.06247647912081082
2028-05-01,COPPER,0.06140545608110473
2028-05-01,WTI,0.01917052447960592
2028-05-01,BTC,-0.13773847012203527
2028-05-01,ETH,-0.0
2028-05-01,US10Y,-0.0323075475306857
2028-05-01,CN10Y,-0.029483060676350547
2028-05-02,000300.SH,-0.0
2028-05-02,SPX,0.03555060609871186
2028-05-02,HSI,-0.0
2028-05-02,N225,0.05167803606065939
2028-05-02,SX5E,-0.011864614539280354
2028-05-02,000688.SH,-0.1381772283785078
2028-05-02,SOX,0.04847313004193067
2028-05-02,NDX,0.0008475925387295326
2028-05-02,XAU,0.05460036045881261
2028-05-02,COPPER,0.07191140292151078
2028-05-02,WTI,-0.0054800969578747815
2028-05-02,BTC,-0.07211191515393522
2028-05-02,ETH,-0.0
2028-05-02,US10Y,-0.02814140066257051
2028-05-02,CN10Y,-0.007285872428188768
2028-05-03,000300.SH,-0.0
2028-05-03,SPX,0.060433570783875235
2028-05-03,HSI,-0.0
2028-05-03,N225,0.062228698215752234
2028-05-03,SX5E,-0.006496699108101132
2028-05-03,000688.SH,-0.13760638102434358
2028-05-03,SOX,0.018732798064024975
2028-05-03,NDX,-0.03339534916622504
2028-05-03,XAU,0.04517485820132169
2028-05-03,COPPER,0.05045220671324119
2028-05-03,WTI,0.0008307483960794376
2028-05-03,BTC,-0.03898157085466733
2028-05-03,ETH,-0.0
2028-05-03,US10Y,-0.011447770069188628
2028-05-03,CN10Y,-0.009925110151773988
2028-05-04,000300.SH,-0.0
2028-05-04,SPX,0.04293274145833952
2028-05-04,HSI,-0.0
2028-05-04,N225,0.06456180254925559
2028-05-04,SX5E,0.004674831016763624
2028-05-04,000688.SH,-0.14252685994806993
2028-05-04,SOX,-0.025608084394724
2028-05-04,NDX,-0.010419578901595212
2028-05-04,XAU,0.03432164577458261
2028-05-04,COPPER,0.03439576854455017
2028-05-04,WTI,0.024630373748694832
2028-05-04,BTC,-0.025323818683821456
2028-05-04,ETH,-0.0
2028-05-04,US10Y,-0.014982311337962706
2028-05-04,CN10Y,0.013343490173982082
2028-05-05,000300.SH,-0.0
2028-05-05,SPX,0.029831389163576125
2028-05-05,HSI,-0.0
2028-05-05,N225,0.05293538060454332
2028-05-05,SX5E,-0.012440291346274944
2028-05-05,000688.SH,-0.12087928454892696
2028-05-05,SOX,0.018938572572568688
2028-05-05,NDX,0.017147333940044817
2028-05-05,XAU,0.046653775394300566
2028-05-05,COPPER,-0.007691492590504834
2028-05-05,WTI,0.012298065637778306
2028-05-05,BTC,-0.033693397134776856
2028-05-05,ETH,-0.0
2028-05-05,US10Y,-0.050029635015988
2028-05-05,CN10Y,0.046929583323657445
2028-05-08,000300.SH,-0.0
2028-05-08,SPX,0.003921340247760115
2028-05-08,HSI,-0.0
2028-05-08,N225,0.05039688204854028
2028-05-08,SX5E,-0.031098298635302758
2028-05-08,000688.SH,-0.10528832614652497
2028-05-08,SOX,0.04556400457357677
2028-05-08,NDX,0.020003098641538535
2028-05-08,XAU,0.03727531302131212
2028-05-08,COPPER,-0.007961424434712702
2028-05-08,WTI,-0.017358682073647394
2028-05-08,BTC,0.010037763599283014
2028-05-08,ETH,-0.0
2028-05-08,US10Y,-0.040829854207176504
2028-05-08,CN10Y,0.03533818336535153
2028-05-09,000300.SH,-0.0
2028-05-09,SPX,0.02617213289422977
2028-05-09,HSI,-0.0
2028-05-09,N225,0.07120785886441079
2028-05-09,SX5E,-0.015286087525515656
2028-05-09,000688.SH,-0.11292212514345537
2028-05-09,SOX,-0.012220662621046364
2028-05-09,NDX,-0.009128080195820806
2028-05-09,XAU,0.037066399111366985
2028-05-09,COPPER,0.020446435392935957
2028-05-09,WTI,-0.0008955940610401031
2028-05-09,BTC,0.011986148149095223
2028-05-09,ETH,-0.0
2028-05-09,US10Y,-0.03407643046563706
2028-05-09,CN10Y,0.01765000560047271
2028-05-10,000300.SH,-0.0
2028-05-10,SPX,0.0019818555712273686
2028-05-10,HSI,-0.0
2028-05-10,N225,0.05264891256875466
2028-05-10,SX5E,-0.017490547096475816
2028-05-10,000688.SH,-0.09364668259623156
2028-05-10,SOX,-0.031150447550192577
2028-05-10,NDX,-0.014214255983841259
2028-05-10,XAU,0.06488201609164924
2028-05-10,COPPER,0.0065966756374268316
2028-05-10,WTI,-0.00592767228908242
2028-05-10,BTC,0.02335629877781209
2028-05-10,ETH,-0.0
2028-05-10,US10Y,-0.026434960775488694
2028-05-10,CN10Y,0.03939880764443913
2028-05-11,000300.SH,-0.0
2028-05-11,SPX,-0.005433089374076851
2028-05-11,HSI,-0.0
2028-05-11,N225,0.06584560352424458
2028-05-11,SX5E,-0.006095707660822947
2028-05-11,000688.SH,-0.08157192801102882
2028-05-11,SOX,-0.08185156621580733
2028-05-11,NDX,-0.01572520608558898
2028-05-11,XAU,0.05167023566821352
2028-05-11,COPPER,0.004153298684923135
2028-05-11,WTI,0.007422934235307169
2028-05-11,BTC,0.043544625545562564
2028-05-11,ETH,-0.0
2028-05-11,US10Y,-0.019505031173537614
2028-05-11,CN10Y,0.03754583086260681
2028-05-12,000300.SH,-0.0
2028-05-12,SPX,-0.005842896548183887
2028-05-12,HSI,-0.0
2028-05-12,N225,0.06350787098973079
2028-05-12,SX5E,0.005277992679760031
2028-05-12,000688.SH,-0.07164600568334742
2028-05-12,SOX,-0.05087256520418047
2028-05-12,NDX,0.023560652423851695
2028-05-12,XAU,0.030172686606078913
2028-05-12,COPPER,-0.02337014616154755
2028-05-12,WTI,-0.029667609045226768
2028-05-12,BTC,0.03103535560072919
2028-05-12,ETH,-0.0
2028-05-12,US10Y,-0.01277484593545369
2028-05-12,CN10Y,0.04061951027778274
2028-05-15,000300.SH,-0.0
2028-05-15,SPX,-0.01743476035338061
2028-05-15,HSI,-0.0
2028-05-15,N225,0.05278936095448289
2028-05-15,SX5E,0.006186156574658767
2028-05-15,000688.SH,-0.05358154041545893
2028-05-15,SOX,-0.06470556306772696
2028-05-15,NDX,0.03419851785873905
2028-05-15,XAU,0.016532298966036814
2028-05-15,COPPER,-0.009856153768748259
2028-05-15,WTI,-0.025786851772892527
2028-05-15,BTC,0.015757394305108394
2028-05-15,ETH,-0.0
2028-05-15,US10Y,0.0028644425835277175
2028-05-15,CN10Y,0.04303669813564914
2028-05-16,000300.SH,-0.0
2028-05-16,SPX,0.002820156288457415
2028-05-16,HSI,-0.0
2028-05-16,N225,0.05236641445359271
2028-05-16,SX5E,-0.012047342081954317
2028-05-16,000688.SH,-0.01745567917365983
2028-05-16,SOX,-0.07260168926504497
2028-05-16,NDX,0.011052035687316941
2028-05-16,XAU,0.000976291054980997
2028-05-16,COPPER,0.020099705323356566
2028-05-16,WTI,-0.03217759210391481
2028-05-16,BTC,-0.00741551486904993
2028-05-16,ETH,-0.0
2028-05-16,US10Y,0.004585269226810652
2028-05-16,CN10Y,0.049797945459104945
2028-05-17,000300.SH,-0.0
2028-05-17,SPX,-0.006563938338521034
2028-05-17,HSI,-0.0
2028-05-17,N225,0.060912443298722495
2028-05-17,SX5E,0.022067539956271462
2028-05-17,000688.SH,-0.029379581517474926
2028-05-17,SOX,-0.036842891896374165
2028-05-17,NDX,0.0014470185646047531
2028-05-17,XAU,0.006791172407179174
2028-05-17,COPPER,0.018989323061948338
2028-05-17,WTI,-0.08814931924665119
2028-05-17,BTC,-0.003055888643783665
2028-05-17,ETH,-0.0
2028-05-17,US10Y,-0.0068948197173099145
2028-05-17,CN10Y,0.06067894207138666
2028-05-18,000300.SH,-0.0
2028-05-18,SPX,-0.02101517639373598
2028-05-18,HSI,-0.0
2028-05-18,N225,0.02931429593401956
2028-05-18,SX5E,0.007381092259395608
2028-05-18,000688.SH,-0.044790044457781716
2028-05-18,SOX,0.0011814739349395535
2028-05-18,NDX,-0.009234585907038103
2028-05-18,XAU,0.005171067903254403
2028-05-18,COPPER,0.009314390399523469
2028-05-18,WTI,-0.0825832276806028
2028-05-18,BTC,0.06618824572664087
2028-05-18,ETH,-0.0
2028-05-18,US10Y,-0.010348621374348273
2028-05-18,CN10Y,0.04942108965573119
2028-05-19,000300.SH,-0.0
2028-05-19,SPX,-0.04491925279456159
2028-05-19,HSI,-0.0
2028-05-19,N225,0.03583552892654214
2028-05-19,SX5E,0.014897086595578868
2028-05-19,000688.SH,-0.03542129634229473
2028-05-19,SOX,-0.032477272046530836
2028-05-19,NDX,-0.006538407151033888
2028-05-19,XAU,0.011733857113414018
2028-05-19,COPPER,0.013855821089588516
2028-05-19,WTI,-0.08030835989254724
2028-05-19,BTC,0.08324927223276916
2028-05-19,ETH,-0.0
2028-05-19,US10Y,-0.006104252482788039
2028-05-19,CN10Y,0.04619727475186225
2028-05-22,000300.SH,-0.0
2028-05-22,SPX,-0.03449259162747493
2028-05-22,HSI,-0.0
2028-05-22,N225,0.03223166740727261
2028-05-22,SX5E,0.016962176405122837
2028-05-22,000688.SH,-0.010761497790332454
2028-05-22,SOX,-0.08351543036271981
2028-05-22,NDX,-0.0030614294886432986
2028-05-22,XAU,-0.02103301147871082
2028-05-22,COPPER,0.024414931319734195
2028-05-22,WTI,-0.08746291159059835
2028-05-22,BTC,0.09925680158277525
2028-05-22,ETH,-0.0
2028-05-22,US10Y,0.013271522864301607
2028-05-22,CN10Y,0.054189772759271636
2028-05-23,000300.SH,-0.0
2028-05-23,SPX,-0.03594097814947694
2028-05-23,HSI,-0.0
2028-05-23,N225,0.03735505784694287
2028-05-23,SX5E,0.025471106754739903
2028-05-23,000688.SH,0.005946207559844515
2028-05-23,SOX,-0.0693129761050115
2028-05-23,NDX,-0.020493994413036225
2028-05-23,XAU,-0.057410974324209316
2028-05-23,COPPER,0.03081548276556621
2028-05-23,WTI,-0.08137833321039617
2028-05-23,BTC,0.07357822564655672
2028-05-23,ETH,-0.0
2028-05-23,US10Y,0.033017056407783324
2028-05-23,CN10Y,0.05835411922069533
2028-05-24,000300.SH,-0.0
2028-05-24,SPX,-0.07901365193453519
2028-05-24,HSI,-0.0
2028-05-24,N225,0.05729856279375147
2028-05-24,SX5E,0.01590867306463152
2028-05-24,000688.SH,0.003807386714393837
2028-05-24,SOX,-0.10132667994094374
2028-05-24,NDX,0.009757742557480693
2028-05-24,XAU,-0.0685827308414657
2028-05-24,COPPER,0.06077097194229182
2028-05-24,WTI,-0.14882834475404663
2028-05-24,BTC,0.14764801812034284
2028-05-24,ETH,-0.0
2028-05-24,US10Y,0.03899594910109197
2028-05-24,CN10Y,0.06356410317700624
2028-05-25,000300.SH,-0.0
2028-05-25,SPX,-0.03787149722601765
2028-05-25,HSI,-0.0
2028-05-25,N225,0.0435573261928657
2028-05-25,SX5E,0.012459363582335022
2028-05-25,000688.SH,0.06161224858799224
2028-05-25,SOX,-0.14499859742320104
2028-05-25,NDX,-0.014585891945413536
2028-05-25,XAU,-0.08943109890202965
2028-05-25,COPPER,0.06334249341217188
2028-05-25,WTI,-0.12243195797860533
2028-05-25,BTC,0.12698934252885236
2028-05-25,ETH,-0.0
2028-05-25,US10Y,0.032447526253555126
2028-05-25,CN10Y,0.06891074291749372
2028-05-26,000300.SH,-0.0
2028-05-26,SPX,-0.05683539690922
2028-05-26,HSI,-0.0
2028-05-26,N225,0.04254780622404212
2028-05-26,SX5E,0.020979827111951524
2028-05-26,000688.SH,0.05991043588962551
2028-05-26,SOX,-0.1442409617553545
2028-05-26,NDX,0.01737798744293585
2028-05-26,XAU,-0.0958887059671358
2028-05-26,COPPER,0.05007489337898321
2028-05-26,WTI,-0.13611624271374462
2028-05-26,BTC,0.12347941660319642
2028-05-26,ETH,-0.0
2028-05-26,US10Y,0.0515199323209454
2028-05-26,CN10Y,0.0671910083737754
2028-05-29,000300.SH,-0.0
2028-05-29,SPX,-0.03498583477377851
2028-05-29,HSI,-0.0
2028-05-29,N225,0.012907941594008147
2028-05-29,SX5E,0.007438848073489502
2028-05-29,000688.SH,0.04631144712996134
2028-05-29,SOX,-0.16736910180057038
2028-05-29,NDX,0.014811667598181304
2028-05-29,XAU,-0.08657265674557849
2028-05-29,COPPER,0.07398364931062743
2028-05-29,WTI,-0.19078704924239795
2028-05-29,BTC,0.23705327428417888
2028-05-29,ETH,-0.0
2028-05-29,US10Y,0.03976927147395594
2028-05-29,CN10Y,0.047438543097923405
2028-05-30,000300.SH,-0.0
2028-05-30,SPX,-0.023259829025644836
2028-05-30,HSI,-0.0
2028-05-30,N225,-0.036724923493504216
2028-05-30,SX5E,0.0242645341324238
2028-05-30,000688.SH,0.013555623928170939
2028-05-30,SOX,-0.10077815975196792
2028-05-30,NDX,0.043135320233084126
2028-05-30,XAU,-0.09614682484469347
2028-05-30,COPPER,0.02001093733369208
2028-05-30,WTI,-0.1820058242340456
2028-05-30,BTC,0.22950220300732466
2028-05-30,ETH,-0.0
2028-05-30,US10Y,0.04415208571963651
2028-05-30,CN10Y,0.06429485699552534
2028-05-31,000300.SH,-0.0
2028-05-31,SPX,-0.0394981677299819
2028-05-31,HSI,-0.0
2028-05-31,N225,-0.022429338561386843
2028-05-31,SX5E,0.0503306152997582
2028-05-31,000688.SH,0.03215029931049783
2028-05-31,SOX,-0.07404849655331375
2028-05-31,NDX,0.07868730252797514
2028-05-31,XAU,-0.10530242578591353
2028-05-31,COPPER,-0.0017578514738848736
2028-05-31,WTI,-0.2593803797261529
2028-05-31,BTC,0.23284920204495688
2028-05-31,ETH,-0.0
2028-05-31,US10Y,0.06300667042651081
2028-05-31,CN10Y,0.04539257022093733
2028-06-01,000300.SH,-0.0
2028-06-01,SPX,-0.035743526748787044
2028-06-01,HSI,-0.0
2028-06-01,N225,-0.029170672032217487
2028-06-01,SX5E,0.05173647662444846
2028-06-01,000688.SH,-0.002129325909366077
2028-06-01,SOX,-0.021654387493664284
2028-06-01,NDX,0.06972580042909665
2028-06-01,XAU,-0.12109934160297309
2028-06-01,COPPER,4.052511563152304e-05
2028-06-01,WTI,-0.21933959826344215
2028-06-01,BTC,0.20100962084935314
2028-06-01,ETH,-0.0
2028-06-01,US10Y,0.07268120831017857
2028-06-01,CN10Y,0.033943220721744036
2028-06-02,000300.SH,-0.0
2028-06-02,SPX,-0.015694677628243947
2028-06-02,HSI,-0.0
2028-06-02,N225,-0.04436061058637205
2028-06-02,SX5E,0.09069085702788907
2028-06-02,000688.SH,-0.04942773459207072
2028-06-02,SOX,-0.1079386352048012
2028-06-02,NDX,0.07227121630033506
2028-06-02,XAU,-0.11959516510711023
2028-06-02,COPPER,0.047390840901218825
2028-06-02,WTI,-0.19922947014410344
2028-06-02,BTC,0.22350480204937723
2028-06-02,ETH,-0.0
2028-06-02,US10Y,0.09247222004351927
2028-06-02,CN10Y,0.009916356940365016
2028-06-05,000300.SH,-0.0
2028-06-05,SPX,-0.03614309674573725
2028-06-05,HSI,-0.0
2028-06-05,N225,-0.07640385657132384
2028-06-05,SX5E,0.09784600804681155
2028-06-05,000688.SH,-0.054971728200820906
2028-06-05,SOX,-0.06774072863993408
2028-06-05,NDX,0.07874053261195707
2028-06-05,XAU,-0.09014842461968053
2028-06-05,COPPER,0.04270748698612665
2028-06-05,WTI,-0.12807273750880974
2028-06-05,BTC,0.11877577687087754
2028-06-05,ETH,-0.0
2028-06-05,US10Y,0.09630203180146711
2028-06-05,CN10Y,0.01910873596907013
2028-06-06,000300.SH,-0.0
2028-06-06,SPX,-0.04120200188081745
2028-06-06,HSI,-0.0
2028-06-06,N225,-0.08366100062269842
2028-06-06,SX5E,0.11175353856251137
2028-06-06,000688.SH,-0.06007640551986129
2028-06-06,SOX,-0.014248798423355663
2028-06-06,NDX,0.07391657398652472
2028-06-06,XAU,-0.06359892057728957
2028-06-06,COPPER,0.014308495886833172
2028-06-06,WTI,-0.15528918809426862
2028-06-06,BTC,0.09550341414785656
2028-06-06,ETH,-0.0
2028-06-06,US10Y,0.09633841099070534
2028-06-06,CN10Y,0.026255881543865597
2028-06-07,000300.SH,-0.0
2028-06-07,SPX,-0.009441060519758395
2028-06-07,HSI,-0.0
2028-06-07,N225,-0.0811086651903009
2028-06-07,SX5E,0.10248098124880993
2028-06-07,000688.SH,-0.08468443579134505
2028-06-07,SOX,-0.0016373626457187509
2028-06-07,NDX,0.039076001989426686
2028-06-07,XAU,-0.060179377863449283
2028-06-07,COPPER,0.03808086315542796
2028-06-07,WTI,-0.1480871055440803
2028-06-07,BTC,0.08846615299183894
2028-06-07,ETH,-0.0
2028-06-07,US10Y,0.08116613788051442
2028-06-07,CN10Y,0.0358678702886379
2028-06-08,000300.SH,-0.0
2028-06-08,SPX,-0.015146941570394788
2028-06-08,HSI,-0.0
2028-06-08,N225,-0.1029377697694937
2028-06-08,SX5E,0.07692377008756651
2028-06-08,000688.SH,-0.09740141467029578
2028-06-08,SOX,0.03798243766178799
2028-06-08,NDX,0.05795252839106638
2028-06-08,XAU,-0.05475187552044354
2028-06-08,COPPER,0.06794664337633186
2028-06-08,WTI,-0.18347527442119077
2028-06-08,BTC,0.05227606863291474
2028-06-08,ETH,-0.0
2028-06-08,US10Y,0.10482482529587323
2028-06-08,CN10Y,0.055807002506283204
2028-06-09,000300.SH,-0.0
2028-06-09,SPX,-0.02561060851725796
2028-06-09,HSI,-0.0
2028-06-09,N225,-0.12049002651126689
2028-06-09,SX5E,0.04101849754279256
2028-06-09,000688.SH,-0.11860964131501202
2028-06-09,SOX,0.010558763187996058
2028-06-09,NDX,0.07366161388847504
2028-06-09,XAU,-0.04522036240906412
2028-06-09,COPPER,0.04402218879036933
2028-06-09,WTI,-0.16344949348070167
2028-06-09,BTC,0.13434162809035527
2028-06-09,ETH,-0.0
2028-06-09,US10Y,0.11095155731217665
2028-06-09,CN10Y,0.0588258834211422
2028-06-12,000300.SH,-0.0
2028-06-12,SPX,-0.03043999906755075
2028-06-12,HSI,-0.0
2028-06-12,N225,-0.15198754562638345
2028-06-12,SX5E,0.06911730142798239
2028-06-12,000688.SH,-0.12616194133412545
2028-06-12,SOX,0.05222072186672125
2028-06-12,NDX,0.046478074003615893
2028-06-12,XAU,-0.0467957252934568
2028-06-12,COPPER,0.0349542358565123
2028-06-12,WTI,-0.11585978381420929
2028-06-12,BTC,0.13272098560458379
2028-06-12,ETH,-0.0
2028-06-12,US10Y,0.07287137369527463
2028-06-12,CN10Y,0.062882302681041
2028-06-13,000300.SH,-0.0
2028-06-13,SPX,-0.017947000216391673
2028-06-13,HSI,-0.0
2028-06-13,N225,-0.13924338223294228
2028-06-13,SX5E,0.07780787153586642
2028-06-13,000688.SH,-0.10829715350918258
2028-06-13,SOX,0.07036959664259317
2028-06-13,NDX,0.05770310872360175
2028-06-13,XAU,-0.041933097871769194
2028-06-13,COPPER,0.022161125176364066
2028-06-13,WTI,-0.16852768032536355
2028-06-13,BTC,0.1328649788114265
2028-06-13,ETH,-0.0
2028-06-13,US10Y,0.08775405731398131
2028-06-13,CN10Y,0.027287575951822143
2028-06-14,000300.SH,-0.0
2028-06-14,SPX,-0.016804133921269584
2028-06-14,HSI,-0.0
2028-06-14,N225,-0.14097211315943894
2028-06-14,SX5E,0.058480189492380805
2028-06-14,000688.SH,-0.08428868188166588
2028-06-14,SOX,0.07186971006816348
2028-06-14,NDX,0.05203878156498014
2028-06-14,XAU,-0.041763858078748425
2028-06-14,COPPER,0.019024996490712598
2028-06-14,WTI,-0.13893342618957877
2028-06-14,BTC,0.130318434847001
2028-06-14,ETH,-0.0
2028-06-14,US10Y,0.07544109244064229
2028-06-14,CN10Y,0.015589008326827167
2028-06-15,000300.SH,-0.0
2028-06-15,SPX,-0.010228673357336224
2028-06-15,HSI,-0.0
2028-06-15,N225,-0.10465738295123145
2028-06-15,SX5E,0.052330203968860935
2028-06-15,000688.SH,-0.027686415846600587
2028-06-15,SOX,0.06862165925351571
2028-06-15,NDX,0.05472592836076111
2028-06-15,XAU,-0.02969320791459705
2028-06-15,COPPER,0.018661815179275034
2028-06-15,WTI,-0.1924830059558183
2028-06-15,BTC,0.06060558768506792
2028-06-15,ETH,-0.0
2028-06-15,US10Y,0.0738928124347159
2028-06-15,CN10Y,0.03591067914339222
2028-06-16,000300.SH,-0.0
2028-06-16,SPX,-0.005124979112263997
2028-06-16,HSI,-0.0
2028-06-16,N225,-0.09725244517291201
2028-06-16,SX5E,0.041334374433912476
2028-06-16,000688.SH,-0.020422074208960934
2028-06-16,SOX,0.08724958887781142
2028-06-16,NDX,0.08004907204418488
2028-06-16,XAU,-0.027503420108624485
2028-06-16,COPPER,0.0276697824294549
2028-06-16,WTI,-0.20534531948620882
2028-06-16,BTC,0.01370476712708623
2028-06-16,ETH,-0.0
2028-06-16,US10Y,0.07946665554866529
2028-06-16,CN10Y,0.02617399762786186
2028-06-19,000300.SH,-0.0
2028-06-19,SPX,-0.03623451763058769
2028-06-19,HSI,-0.0
2028-06-19,N225,-0.08939398709522252
2028-06-19,SX5E,0.03065025342638358
2028-06-19,000688.SH,-0.05315561452817958
2028-06-19,SOX,0.13065262895301047
2028-06-19,NDX,0.06953236901952572
2028-06-19,XAU,-0.015476740159910265
2028-06-19,COPPER,0.017197910564331228
2028-06-19,WTI,-0.1705698558810529
2028-06-19,BTC,0.02535391981058899
2028-06-19,ETH,-0.0
2028-06-19,US10Y,0.08002352249077022
2028-06-19,CN10Y,0.011420111030349796
2028-06-20,000300.SH,-0.0
2028-06-20,SPX,-0.04897976337735982
2028-06-20,HSI,-0.0
2028-06-20,N225,-0.07453224908917286
2028-06-20,SX5E,0.022002638791335995
2028-06-20,000688.SH,-0.07099995489484595
2028-06-20,SOX,0.12142700698160303
2028-06-20,NDX,0.07944758740042906
2028-06-20,XAU,0.011354276117725557
2028-06-20,COPPER,-0.012988232907822028
2028-06-20,WTI,-0.13454519810511822
2028-06-20,BTC,0.04666230734867842
2028-06-20,ETH,-0.0
2028-06-20,US10Y,0.04980653930174672
2028-06-20,CN10Y,0.01134504243280823
2028-06-21,000300.SH,-0.0
2028-06-21,SPX,-0.0335957513692744
2028-06-21,HSI,-0.0
2028-06-21,N225,-0.10279822698515867
2028-06-21,SX5E,0.028090281099377935
2028-06-21,000688.SH,-0.0726964571127748
2028-06-21,SOX,0.15002936523217028
2028-06-21,NDX,0.045247632670622005
2028-06-21,XAU,-0.014962456918070528
2028-06-21,COPPER,-0.027685611568542767
2028-06-21,WTI,-0.10280779434535169
2028-06-21,BTC,0.07863580920941272
2028-06-21,ETH,-0.0
2028-06-21,US10Y,0.056621842737625355
2028-06-21,CN10Y,-0.0040786326500273674
2028-06-22,000300.SH,-0.0
2028-06-22,SPX,-0.05504565672288322
2028-06-22,HSI,-0.0
2028-06-22,N225,-0.10520412755896294
2028-06-22,SX5E,0.01644036970227042
2028-06-22,000688.SH,-0.095727380894526
2028-06-22,SOX,0.12130858336829779
2028-06-22,NDX,0.02662751179908408
2028-06-22,XAU,-0.010973304948585122
2028-06-22,COPPER,-0.03131020457702052
2028-06-22,WTI,-0.10294813604312228
2028-06-22,BTC,0.13562033867519155
2028-06-22,ETH,-0.0
2028-06-22,US10Y,0.08132660836042754
2028-06-22,CN10Y,0.019885398839838458
2028-06-23,000300.SH,-0.0
2028-06-23,SPX,-0.04029065055031831
2028-06-23,HSI,-0.0
2028-06-23,N225,-0.10250517933425786
2028-06-23,SX5E,0.03176821586619363
2028-06-23,000688.SH,-0.08423138507658065
2028-06-23,SOX,0.1579774717553538
2028-06-23,NDX,-0.0062949562063565915
2028-06-23,XAU,-0.0312073684050828
2028-06-23,COPPER,-0.0708724175878924
2028-06-23,WTI,-0.053395044193354974
2028-06-23,BTC,0.10347358457132483
2028-06-23,ETH,-0.0
2028-06-23,US10Y,0.07096416683509121
2028-06-23,CN10Y,0.024613562325888926
2028-06-26,000300.SH,-0.0
2028-06-26,SPX,-0.057502673278541465
2028-06-26,HSI,-0.0
2028-06-26,N225,-0.09325400695288491
2028-06-26,SX5E,0.034120480943356096
2028-06-26,000688.SH,-0.08058804832258032
2028-06-26,SOX,0.1576929317859856
2028-06-26,NDX,0.016055143678979956
2028-06-26,XAU,-0.012924772529790133
2028-06-26,COPPER,-0.11952948112064589
2028-06-26,WTI,-0.03945036350990973
2028-06-26,BTC,0.07504344951961359
2028-06-26,ETH,-0.0
2028-06-26,US10Y,0.07373540458495273
2028-06-26,CN10Y,0.04660193520147132
2028-06-27,000300.SH,-0.0
2028-06-27,SPX,-0.04074742698668427
2028-06-27,HSI,-0.0
2028-06-27,N225,-0.06643067251811809
2028-06-27,SX5E,0.008577960203778826
2028-06-27,000688.SH,-0.051630510498001256
2028-06-27,SOX,0.15369095350571693
2028-06-27,NDX,0.004656900539802375
2028-06-27,XAU,0.008126572108935148
2028-06-27,COPPER,-0.08420819404629135
2028-06-27,WTI,-0.07582935131126989
2028-06-27,BTC,0.03484640384880302
2028-06-27,ETH,-0.0
2028-06-27,US10Y,0.06558200943636018
2028-06-27,CN10Y,0.04336535571697386
2028-06-28,000300.SH,-0.0
2028-06-28,SPX,-0.054530401356812454
2028-06-28,HSI,-0.0
2028-06-28,N225,-0.07566385651879792
2028-06-28,SX5E,-0.01160935539723915
2028-06-28,000688.SH,-0.07623593238501923
2028-06-28,SOX,0.15732921995058508
2028-06-28,NDX,-0.004510837392828648
2028-06-28,XAU,0.03077803364142643
2028-06-28,COPPER,-0.061005165411623576
2028-06-28,WTI,-0.046124448057155404
2028-06-28,BTC,0.03899675142706534
2028-06-28,ETH,-0.0
2028-06-28,US10Y,0.04726525651698328
2028-06-28,CN10Y,0.055310734983422316
2028-06-29,000300.SH,-0.0
2028-06-29,SPX,-0.04202467078860142
2028-06-29,HSI,-0.0
2028-06-29,N225,-0.09457610826012515
2028-06-29,SX5E,-0.03202590842404088
2028-06-29,000688.SH,-0.07238321188583506
2028-06-29,SOX,0.16304184337142605
2028-06-29,NDX,0.0003690178104029766
2028-06-29,XAU,0.030396771389359853
2028-06-29,COPPER,-0.060228744685946994
2028-06-29,WTI,-0.016577161029649685
2028-06-29,BTC,0.04794072994366544
2028-06-29,ETH,-0.0
2028-06-29,US10Y,0.018909549525506067
2028-06-29,CN10Y,0.05715789303384557
2028-06-30,000300.SH,-0.0
2028-06-30,SPX,-0.0793328734803609
2028-06-30,HSI,-0.0
2028-06-30,N225,-0.09716497239581859
2028-06-30,SX5E,-0.044724502837850746
2028-06-30,000688.SH,-0.04441288676008412
2028-06-30,SOX,0.19108416631449168
2028-06-30,NDX,-0.023343314122933383
2028-06-30,XAU,0.025586353379940238
2028-06-30,COPPER,-0.06226116235998907
2028-06-30,WTI,0.004086654715503388
2028-06-30,BTC,0.03822497726647777
2028-06-30,ETH,-0.0
2028-06-30,US10Y,0.020952618479119875
2028-06-30,CN10Y,0.07130494180150855
2028-07-03,000300.SH,-0.0
2028-07-03,SPX,-0.04756145913930172
2028-07-03,HSI,-0.0
2028-07-03,N225,-0.0767735259007966
2028-07-03,SX5E,-0.0325354417589408
2028-07-03,000688.SH,-0.07086844758317246
2028-07-03,SOX,0.1661670696367491
2028-07-03,NDX,-0.024979116770306266
2028-07-03,XAU,0.018616418307324134
2028-07-03,COPPER,-0.0799101491282135
2028-07-03,WTI,-0.015384152233523914
2028-07-03,BTC,0.08782506875782589
2028-07-03,ETH,-0.0
2028-07-03,US10Y,0.016173586041802003
2028-07-03,CN10Y,0.05923014977055802
2028-07-04,000300.SH,-0.0
2028-07-04,SPX,-0.012088231915571956
2028-07-04,HSI,-0.0
2028-07-04,N225,-0.08724295596367972
2028-07-04,SX5E,-0.04235899416919469
2028-07-04,000688.SH,-0.07042001488502606
2028-07-04,SOX,0.09584070171040662
2028-07-04,NDX,-0.031170517275902324
2028-07-04,XAU,0.013972461083091942
2028-07-04,COPPER,-0.09126735618046104
2028-07-04,WTI,0.03340921247237583
2028-07-04,BTC,0.14434071154664382
2028-07-04,ETH,-0.0
2028-07-04,US10Y,0.0033025118579434825
2028-07-04,CN10Y,0.04368247171937659
2028-07-05,000300.SH,-0.0
2028-07-05,SPX,-0.007965358331812248
2028-07-05,HSI,-0.0
2028-07-05,N225,-0.08339599270502221
2028-07-05,SX5E,-0.02657740210676824
2028-07-05,000688.SH,-0.07958217431151621
2028-07-05,SOX,0.13010114105943454
2028-07-05,NDX,0.011645470864906542
2028-07-05,XAU,-0.009100782877865192
2028-07-05,COPPER,-0.08251175758703055
2028-07-05,WTI,-0.007998485477218919
2028-07-05,BTC,0.1250338702528112
2028-07-05,ETH,-0.0
2028-07-05,US10Y,0.0033837843251094497
2028-07-05,CN10Y,0.026967686894977406
2028-07-06,000300.SH,-0.0
2028-07-06,SPX,-0.01346724108770849
2028-07-06,HSI,-0.0
2028-07-06,N225,-0.032765118535975725
2028-07-06,SX5E,-0.005468922898064117
2028-07-06,000688.SH,-0.06835174815968116
2028-07-06,SOX,0.12628023057742932
2028-07-06,NDX,4.8207069537700015e-05
2028-07-06,XAU,-0.03119883144851434
2028-07-06,COPPER,-0.08455837767604708
2028-07-06,WTI,-0.008969717097747822
2028-07-06,BTC,0.13432155465597104
2028-07-06,ETH,-0.0
2028-07-06,US10Y,-0.02176989856403943
2028-07-06,CN10Y,0.005899863164843557
2028-07-07,000300.SH,-0.0
2028-07-07,SPX,-0.008708295531134828
2028-07-07,HSI,-0.0
2028-07-07,N225,-0.01428005879089116
2028-07-07,SX5E,0.03442635265589695
2028-07-07,000688.SH,-0.08828962600048229
2028-07-07,SOX,0.16903710253187068
2028-07-07,NDX,-0.024826298730854464
2028-07-07,XAU,-0.02585644428979151
2028-07-07,COPPER,-0.028883427773735065
2028-07-07,WTI,-0.038395057026049555
2028-07-07,BTC,0.06712022889590762
2028-07-07,ETH,-0.0
2028-07-07,US10Y,-0.02112996656306533
2028-07-07,CN10Y,-0.02021450937766624
2028-07-10,000300.SH,-0.0
2028-07-10,SPX,0.015933273144379784
2028-07-10,HSI,-0.0
2028-07-10,N225,0.011769794200518144
2028-07-10,SX5E,0.027423984095273364
2028-07-10,000688.SH,-0.06706852466698401
2028-07-10,SOX,0.10912693413058736
2028-07-10,NDX,-0.011189792576511558
2028-07-10,XAU,-0.011432140742795912
2028-07-10,COPPER,-0.023806153342802998
2028-07-10,WTI,-0.075218451861638
2028-07-10,BTC,0.05925007095462327
2028-07-10,ETH,-0.0
2028-07-10,US10Y,-0.01576954353968863
2028-07-10,CN10Y,-0.019019449794956025
2028-07-11,000300.SH,-0.0
2028-07-11,SPX,0.014537606040070285
2028-07-11,HSI,-0.0
2028-07-11,N225,0.0213151755767522
2028-07-11,SX5E,0.02243396185407979
2028-07-11,000688.SH,-0.10465802373484161
2028-07-11,SOX,0.07599203136592979
2028-07-11,NDX,0.0023838366202227216
2028-07-11,XAU,0.0022978542826950655
2028-07-11,COPPER,-0.018137442476795232
2028-07-11,WTI,-0.06043013836522097
2028-07-11,BTC,0.04618654961281626
2028-07-11,ETH,-0.0
2028-07-11,US10Y,-0.026115585299881054
2028-07-11,CN10Y,0.024194174524176652
2028-07-12,000300.SH,-0.0
2028-07-12,SPX,0.0012344412276068892
2028-07-12,HSI,-0.0
2028-07-12,N225,0.01020156732535484
2028-07-12,SX5E,0.015084211903206322
2028-07-12,000688.SH,-0.08580219808342754
2028-07-12,SOX,0.1024332372067391
2028-07-12,NDX,-0.024118880380506774
2028-07-12,XAU,-0.004356712775288396
2028-07-12,COPPER,-0.0036448521533885524
2028-07-12,WTI,-0.036087155805928924
2028-07-12,BTC,0.026668654399629975
2028-07-12,ETH,-0.0
2028-07-12,US10Y,-0.006313074480373383
2028-07-12,CN10Y,0.004700761616379546
2028-07-13,000300.SH,-0.0
2028-07-13,SPX,0.01020998302230712
2028-07-13,HSI,-0.0
2028-07-13,N225,-0.0028409350933468313
2028-07-13,SX5E,-0.0024536844951373663
2028-07-13,000688.SH,-0.10058059766328484
2028-07-13,SOX,0.09017825742861407
2028-07-13,NDX,-0.022990026756272895
2028-07-13,XAU,0.0011656168952239292
2028-07-13,COPPER,0.02315391620984136
2028-07-13,WTI,-0.01226347203972955
2028-07-13,BTC,0.04469757115317482
2028-07-13,ETH,-0.0
2028-07-13,US10Y,-0.01656128101719863
2028-07-13,CN10Y,-0.011715347644187779
2028-07-14,000300.SH,-0.0
2028-07-14,SPX,0.0427435192544556
2028-07-14,HSI,-0.0
2028-07-14,N225,0.0017734477925847973
2028-07-14,SX5E,0.012723729328391808
2028-07-14,000688.SH,-0.10532560853141232
2028-07-14,SOX,0.1379952994549769
2028-07-14,NDX,-0.01862760912308081
2028-07-14,XAU,-0.01243748508708366
2028-07-14,COPPER,0.008319096110082937
2028-07-14,WTI,-0.058355579857483866
2028-07-14,BTC,0.0539485674134731
2028-07-14,ETH,-0.0
2028-07-14,US10Y,-0.043913824315943886
2028-07-14,CN10Y,-0.018843552438958716
2028-07-17,000300.SH,-0.0
2028-07-17,SPX,0.08190662940129682
2028-07-17,HSI,-0.0
2028-07-17,N225,-0.012272148739485785
2028-07-17,SX5E,0.03580478824225657
2028-07-17,000688.SH,-0.11661959733023097
2028-07-17,SOX,0.09623399739399457
2028-07-17,NDX,-0.02805876083094056
2028-07-17,XAU,-0.007035473806421748
2028-07-17,COPPER,0.04536968284240554
2028-07-17,WTI,-0.06444789090396784
2028-07-17,BTC,0.006735513948338746
2028-07-17,ETH,-0.0
2028-07-17,US10Y,-0.05459232381188334
2028-07-17,CN10Y,0.016975583594639375
2028-07-18,000300.SH,-0.0
2028-07-18,SPX,0.07418744071333143
2028-07-18,HSI,-0.0
2028-07-18,N225,-0.011805043263783174
2028-07-18,SX5E,0.06075410777472337
2028-07-18,000688.SH,-0.09917126661138637
2028-07-18,SOX,0.08471316596752936
2028-07-18,NDX,-0.0407566708704488
2028-07-18,XAU,-0.025993577040884366
2028-07-18,COPPER,0.044232788666419456
2028-07-18,WTI,-0.03815826973412499
2028-07-18,BTC,0.01340373787153614
2028-07-18,ETH,-0.0
2028-07-18,US10Y,-0.05182984899398685
2028-07-18,CN10Y,-0.009576564478926143
2028-07-19,000300.SH,-0.0
2028-07-19,SPX,0.08470126287244384
2028-07-19,HSI,-0.0
2028-07-19,N225,0.005369112631581234
2028-07-19,SX5E,0.045244885116169614
2028-07-19,000688.SH,-0.11816026398422513
2028-07-19,SOX,0.07717346234554691
2028-07-19,NDX,-0.019030177943408055
2028-07-19,XAU,0.024877897418737673
2028-07-19,COPPER,0.043731458189845154
2028-07-19,WTI,-0.02569465733843309
2028-07-19,BTC,-0.04690795828756275
2028-07-19,ETH,-0.0
2028-07-19,US10Y,-0.073557258942341
2028-07-19,CN10Y,0.00225223792164316
2028-07-20,000300.SH,-0.0
2028-07-20,SPX,0.09213815743982669
2028-07-20,HSI,-0.0
2028-07-20,N225,0.008490524186852776
2028-07-20,SX5E,0.05982084221425536
2028-07-20,000688.SH,-0.15616147820347184
2028-07-20,SOX,0.07961386285621211
2028-07-20,NDX,0.013710024454912179
2028-07-20,XAU,0.037354878886936
2028-07-20,COPPER,0.04556528066862513
2028-07-20,WTI,-0.04050152232986993
2028-07-20,BTC,-0.03085892191546353
2028-07-20,ETH,-0.0
2028-07-20,US10Y,-0.09500260314219523
2028-07-20,CN10Y,-0.014169045116622484
2028-07-21,000300.SH,-0.0
2028-07-21,SPX,0.073591757611708
2028-07-21,HSI,-0.0
2028-07-21,N225,-0.013069812397335756
2028-07-21,SX5E,0.059973212335135265
2028-07-21,000688.SH,-0.12862510005698738
2028-07-21,SOX,0.0832143865427162
2028-07-21,NDX,0.038672291570450976
2028-07-21,XAU,0.020293813005516248
2028-07-21,COPPER,0.10403820432117636
2028-07-21,WTI,-0.1048353371364369
2028-07-21,BTC,-0.049206769765943674
2028-07-21,ETH,-0.0
2028-07-21,US10Y,-0.09635706337963276
2028-07-21,CN10Y,0.012310417349630091
2028-07-24,000300.SH,-0.0
2028-07-24,SPX,0.08735463534862845
2028-07-24,HSI,-0.0
2028-07-24,N225,-0.03537356409809638
2028-07-24,SX5E,0.03279691707146522
2028-07-24,000688.SH,-0.09153399950367382
2028-07-24,SOX,0.03291294732098719
2028-07-24,NDX,0.037559248883525076
2028-07-24,XAU,0.011570864829526812
2028-07-24,COPPER,0.1289824135193278
2028-07-24,WTI,-0.04905923545351219
2028-07-24,BTC,-0.0902219038675175
2028-07-24,ETH,-0.0
2028-07-24,US10Y,-0.09085539836912022
2028-07-24,CN10Y,0.025867074318456904
2028-07-25,000300.SH,-0.0
2028-07-25,SPX,0.07404894755341625
2028-07-25,HSI,-0.0
2028-07-25,N225,-0.02705718782662441
2028-07-25,SX5E,0.030163554966211835
2028-07-25,000688.SH,-0.10514498217816104
2028-07-25,SOX,0.07985323594882786
2028-07-25,NDX,0.0612086830505484
2028-07-25,XAU,0.0022270327969515055
2028-07-25,COPPER,0.1033280569293631
2028-07-25,WTI,-0.021395856434109316
2028-07-25,BTC,-0.10780366324397088
2028-07-25,ETH,-0.0
2028-07-25,US10Y,-0.08883484067614354
2028-07-25,CN10Y,-0.0005929808863117045
2028-07-26,000300.SH,-0.0
2028-07-26,SPX,0.06492487919404837
2028-07-26,HSI,-0.0
2028-07-26,N225,-0.025113192331847677
2028-07-26,SX5E,0.03227126895059439
2028-07-26,000688.SH,-0.07650557880721232
2028-07-26,SOX,0.08347674512926377
2028-07-26,NDX,0.01137208506922003
2028-07-26,XAU,-0.005520578639595255
2028-07-26,COPPER,0.10933874973241473
2028-07-26,WTI,0.03183471151105587
2028-07-26,BTC,-0.14423823118936957
2028-07-26,ETH,-0.0
2028-07-26,US10Y,-0.07793599943034346
2028-07-26,CN10Y,-0.003904859188229994
2028-07-27,000300.SH,-0.0
2028-07-27,SPX,0.04526738610675429
2028-07-27,HSI,-0.0
2028-07-27,N225,0.007911107216645705
2028-07-27,SX5E,0.039474543417766204
2028-07-27,000688.SH,-0.09075678737645453
2028-07-27,SOX,0.08952444452339502
2028-07-27,NDX,0.011762214304218883
2028-07-27,XAU,-0.002171614040743312
2028-07-27,COPPER,0.08169015632664253
2028-07-27,WTI,-0.012870806215158626
2028-07-27,BTC,-0.11709559599651996
2028-07-27,ETH,-0.0
2028-07-27,US10Y,-0.05034783014681797
2028-07-27,CN10Y,-0.0023872181197301477
2028-07-28,000300.SH,-0.0
2028-07-28,SPX,0.08205236618931065
2028-07-28,HSI,-0.0
2028-07-28,N225,0.0010384707753802007
2028-07-28,SX5E,0.0242078914825803
2028-07-28,000688.SH,-0.0929991256903115
2028-07-28,SOX,0.07951178508792271
2028-07-28,NDX,0.019968388664762866
2028-07-28,XAU,0.008398048667242603
2028-07-28,COPPER,0.07434302235589903
2028-07-28,WTI,-0.04086473305932691
2028-07-28,BTC,-0.10503233855622005
2028-07-28,ETH,-0.0
2028-07-28,US10Y,-0.0459686644415304
2028-07-28,CN10Y,-0.004655111475710965
2028-07-31,000300.SH,-0.0
2028-07-31,SPX,0.057758310651645405
2028-07-31,HSI,-0.0
2028-07-31,N225,0.00958583692617244
2028-07-31,SX5E,0.015802774485411113
2028-07-31,000688.SH,-0.0735995467297633
2028-07-31,SOX,0.06092970962514801
2028-07-31,NDX,0.008128054860849636
2028-07-31,XAU,-0.008354575975645933
2028-07-31,COPPER,0.08580512099456229
2028-07-31,WTI,-0.07712163840672971
2028-07-31,BTC,-0.03726934439835765
2028-07-31,ETH,-0.0
2028-07-31,US10Y,-0.04749032220782541
2028-07-31,CN10Y,0.005825620174532663
2028-08-01,000300.SH,-0.0
2028-08-01,SPX,0.031076266263768235
2028-08-01,HSI,-0.0
2028-08-01,N225,0.025176614616614204
2028-08-01,SX5E,0.0046832139944692165
2028-08-01,000688.SH,-0.03863201860738485
2028-08-01,SOX,0.07944273868675697
2028-08-01,NDX,0.024246022585153522
2028-08-01,XAU,-0.020151433294880124
2028-08-01,COPPER,0.11015011076062962
2028-08-01,WTI,-0.07680633224746085
2028-08-01,BTC,-0.08875202995691642
2028-08-01,ETH,-0.0
2028-08-01,US10Y,-0.07407253965769446
2028-08-01,CN10Y,0.023639386856945707
2028-08-02,000300.SH,-0.0
2028-08-02,SPX,0.027575653261053688
2028-08-02,HSI,-0.0
2028-08-02,N225,0.01856322867836011
2028-08-02,SX5E,0.015372719379207853
2028-08-02,000688.SH,0.0033237155188221602
2028-08-02,SOX,0.03195876940776601
2028-08-02,NDX,-0.006807291770335887
2028-08-02,XAU,-0.010345107077284733
2028-08-02,COPPER,0.07627255746194467
2028-08-02,WTI,-0.06284815192396408
2028-08-02,BTC,-0.05705148232552905
2028-08-02,ETH,-0.0
2028-08-02,US10Y,-0.07094913970257932
2028-08-02,CN10Y,0.03493452909253919
2028-08-03,000300.SH,-0.0
2028-08-03,SPX,0.026314576588286745
2028-08-03,HSI,-0.0
2028-08-03,N225,-0.01938686793748416
2028-08-03,SX5E,-0.009549935041298101
2028-08-03,000688.SH,0.01806864007009494
2028-08-03,SOX,0.014822301518678195
2028-08-03,NDX,0.012432153650760757
2028-08-03,XAU,-0.016084827294792332
2028-08-03,COPPER,0.09280997350259762
2028-08-03,WTI,-0.08869562903819544
2028-08-03,BTC,-0.01797152550685318
2028-08-03,ETH,-0.0
2028-08-03,US10Y,-0.07108595027786968
2028-08-03,CN10Y,0.058327089766077124
2028-08-04,000300.SH,-0.0
2028-08-04,SPX,0.03740793300139572
2028-08-04,HSI,-0.0
2028-08-04,N225,-0.031477068861087115
2028-08-04,SX5E,-0.009874567237430493
2028-08-04,000688.SH,0.018969140265522433
2028-08-04,SOX,0.002562976339658917
2028-08-04,NDX,0.0023592659956734145
2028-08-04,XAU,-0.024665115120980137
2028-08-04,COPPER,0.07385756399093324
2028-08-04,WTI,-0.12874027476832017
2028-08-04,BTC,0.04305922956961411
2028-08-04,ETH,-0.0
2028-08-04,US10Y,-0.06286963621950267
2028-08-04,CN10Y,0.07941055304452475
2028-08-07,000300.SH,-0.0
2028-08-07,SPX,0.03385050940392886
2028-08-07,HSI,-0.0
2028-08-07,N225,-0.02325113771581258
2028-08-07,SX5E,-0.02473489176968296
2028-08-07,000688.SH,0.029645483837618523
2028-08-07,SOX,0.03071550049081284
2028-08-07,NDX,-0.029664514067777512
2028-08-07,XAU,-0.03054448656564116
2028-08-07,COPPER,0.05302596396937878
2028-08-07,WTI,-0.12578578485983066
2028-08-07,BTC,0.08964721713640654
2028-08-07,ETH,-0.0
2028-08-07,US10Y,-0.06127332263754616
2028-08-07,CN10Y,0.05836946277814874
2028-08-08,000300.SH,-0.0
2028-08-08,SPX,0.03852369177246338
2028-08-08,HSI,-0.0
2028-08-08,N225,-0.037390942149293116
2028-08-08,SX5E,-0.027043497539218687
2028-08-08,000688.SH,0.03640393621025083
2028-08-08,SOX,0.03732174722665724
2028-08-08,NDX,-0.03124915062607326
2028-08-08,XAU,-0.03996728070674536
2028-08-08,COPPER,0.04849471904328992
2028-08-08,WTI,-0.12096113566056915
2028-08-08,BTC,0.08837710851774382
2028-08-08,ETH,-0.0
2028-08-08,US10Y,-0.05778269587252427
2028-08-08,CN10Y,0.06527349978402294
2028-08-09,000300.SH,-0.0
2028-08-09,SPX,0.05961523978578846
2028-08-09,HSI,-0.0
2028-08-09,N225,-0.046935299935458696
2028-08-09,SX5E,-0.023706417091238614
2028-08-09,000688.SH,0.029146703065635753
2028-08-09,SOX,0.018906866519777965
2028-08-09,NDX,-0.006438936267343983
2028-08-09,XAU,-0.008713750758137538
2028-08-09,COPPER,0.04044587815896958
2028-08-09,WTI,-0.16327205304081005
2028-08-09,BTC,0.08447347818825109
2028-08-09,ETH,-0.0
2028-08-09,US10Y,-0.062442248350842736
2028-08-09,CN10Y,0.07892053972541153
2028-08-10,000300.SH,-0.0
2028-08-10,SPX,0.048613704522091905
2028-08-10,HSI,-0.0
2028-08-10,N225,-0.031855329262303334
2028-08-10,SX5E,0.016524902621902697
2028-08-10,000688.SH,-0.008251406224541975
2028-08-10,SOX,0.04015088774809903
2028-08-10,NDX,-0.015059760679157893
2028-08-10,XAU,-0.009061130462422979
2028-08-10,COPPER,0.017035146245063335
2028-08-10,WTI,-0.12949957426071798
2028-08-10,BTC,0.05503753834217115
2028-08-10,ETH,-0.0
2028-08-10,US10Y,-0.05683518586744789
2028-08-10,CN10Y,0.07320020727726646
2028-08-11,000300.SH,-0.0
2028-08-11,SPX,0.03332535288465944
2028-08-11,HSI,-0.0
2028-08-11,N225,-0.054928264241859606
2028-08-11,SX5E,0.018352658280825294
2028-08-11,000688.SH,-0.02479136225358732
2028-08-11,SOX,-0.0027189525049055377
2028-08-11,NDX,-0.014814876296608707
2028-08-11,XAU,-0.005065395926347393
2028-08-11,COPPER,0.032478221734202416
2028-08-11,WTI,-0.07744714413741603
2028-08-11,BTC,0.06941811437343014
2028-08-11,ETH,-0.0
2028-08-11,US10Y,-0.044360937977806346
2028-08-11,CN10Y,0.07055258606541612
2028-08-14,000300.SH,-0.0
2028-08-14,SPX,0.0038518233689376225
2028-08-14,HSI,-0.0
2028-08-14,N225,-0.02302708455211012
2028-08-14,SX5E,0.002189108485127258
2028-08-14,000688.SH,0.009295511591020322
2028-08-14,SOX,0.008982724259217945
2028-08-14,NDX,0.0347950507916637
2028-08-14,XAU,-0.013852304345443388
2028-08-14,COPPER,-0.0009423769743735202
2028-08-14,WTI,-0.09409983849959097
2028-08-14,BTC,0.06713926333479496
2028-08-14,ETH,-0.0
2028-08-14,US10Y,-0.032592036937822366
2028-08-14,CN10Y,0.0382601594785822
2028-08-15,000300.SH,-0.0
2028-08-15,SPX,0.008093963977717182
2028-08-15,HSI,-0.0
2028-08-15,N225,-0.03702633081679288
2028-08-15,SX5E,-0.024408537748953574
2028-08-15,000688.SH,-0.004110971942824431
2028-08-15,SOX,0.0025115660767217112
2028-08-15,NDX,0.04854879161951621
2028-08-15,XAU,-0.009830081273953522
2028-08-15,COPPER,0.012611538674395507
2028-08-15,WTI,-0.13074495078988438
2028-08-15,BTC,0.12524376536846987
2028-08-15,ETH,-0.0
2028-08-15,US10Y,-0.03567800680427778
2028-08-15,CN10Y,0.04478925365986977
2028-08-16,000300.SH,-0.0
2028-08-16,SPX,0.012690237622023998
2028-08-16,HSI,-0.0
2028-08-16,N225,-0.014472691902458947
2028-08-16,SX5E,-0.0024388349980739923
2028-08-16,000688.SH,-0.013260863164613734
2028-08-16,SOX,-0.012364298714170016
2028-08-16,NDX,0.03138182132692956
2028-08-16,XAU,-0.01664621645297925
2028-08-16,COPPER,-0.001395031980348975
2028-08-16,WTI,-0.11253055030322692
2028-08-16,BTC,0.10743592155238856
2028-08-16,ETH,-0.0
2028-08-16,US10Y,-0.02152673065278468
2028-08-16,CN10Y,0.04312723766731788
2028-08-17,000300.SH,-0.0
2028-08-17,SPX,0.0004326864151475429
2028-08-17,HSI,-0.0
2028-08-17,N225,0.002142853033348187
2028-08-17,SX5E,0.021134905862638623
2028-08-17,000688.SH,-0.028946066674799174
2028-08-17,SOX,0.01866717197134645
2028-08-17,NDX,0.021912931730907637
2028-08-17,XAU,-0.02836827465529903
2028-08-17,COPPER,-0.019418804549279408
2028-08-17,WTI,-0.10930069462570173
2028-08-17,BTC,0.10842765787725107
2028-08-17,ETH,-0.0
2028-08-17,US10Y,-0.03045846219811486
2028-08-17,CN10Y,0.04377409581255763
2028-08-18,000300.SH,-0.0
2028-08-18,SPX,0.0037536898459571335
2028-08-18,HSI,-0.0
2028-08-18,N225,0.02439004619893241
2028-08-18,SX5E,0.012771428256347602
2028-08-18,000688.SH,-0.0264984178452925
2028-08-18,SOX,-0.0489469819286141
2028-08-18,NDX,-0.0005905152401161681
2028-08-18,XAU,0.0016490177705711772
2028-08-18,COPPER,-0.026867818513841728
2028-08-18,WTI,-0.09308557911028015
2028-08-18,BTC,0.159895389975046
2028-08-18,ETH,-0.0
2028-08-18,US10Y,-0.04735042445419582
2028-08-18,CN10Y,0.040880165045490524
2028-08-21,000300.SH,-0.0
2028-08-21,SPX,-0.00346952368064972
2028-08-21,HSI,-0.0
2028-08-21,N225,0.055341311889404846
2028-08-21,SX5E,0.024130491297206187
2028-08-21,000688.SH,-0.048531571218133764
2028-08-21,SOX,-0.0527471949582715
2028-08-21,NDX,0.011409290505246868
2028-08-21,XAU,-0.007713049895710413
2028-08-21,COPPER,-0.004652654222472845
2028-08-21,WTI,-0.1434619628321275
2028-08-21,BTC,0.19297135424763426
2028-08-21,ETH,-0.0
2028-08-21,US10Y,-0.04017519214289584
2028-08-21,CN10Y,0.01689870101077353
2028-08-22,000300.SH,-0.0
2028-08-22,SPX,0.020911564336719732
2028-08-22,HSI,-0.0
2028-08-22,N225,0.07719793197091637
2028-08-22,SX5E,-0.0002368963831703083
2028-08-22,000688.SH,-0.05851153828070045
2028-08-22,SOX,-0.0966740477332853
2028-08-22,NDX,-0.03340699675296256
2028-08-22,XAU,-0.020987120590611114
2028-08-22,COPPER,0.006478698843152109
2028-08-22,WTI,-0.12274143993389092
2028-08-22,BTC,0.25005286940147753
2028-08-22,ETH,-0.0
2028-08-22,US10Y,-0.05148467389350321
2028-08-22,CN10Y,0.029401649015863434
2028-08-23,000300.SH,-0.0
2028-08-23,SPX,0.046594909425841706
2028-08-23,HSI,-0.0
2028-08-23,N225,0.04461149116699087
2028-08-23,SX5E,-0.004251310900033172
2028-08-23,000688.SH,-0.06445739005777731
2028-08-23,SOX,-0.12461485886773278
2028-08-23,NDX,-0.003136790041570848
2028-08-23,XAU,-0.009008605347490787
2028-08-23,COPPER,-0.04255184369686997
2028-08-23,WTI,-0.13440031645211314
2028-08-23,BTC,0.3100619630511767
2028-08-23,ETH,-0.0
2028-08-23,US10Y,-0.055890696097048755
2028-08-23,CN10Y,0.03704344781663175
2028-08-24,000300.SH,-0.0
2028-08-24,SPX,0.03403842177034855
2028-08-24,HSI,-0.0
2028-08-24,N225,0.00822317298083089
2028-08-24,SX5E,-0.002969665359234348
2028-08-24,000688.SH,-0.04393989192431581
2028-08-24,SOX,-0.10599066517434613
2028-08-24,NDX,-0.02892867989412359
2028-08-24,XAU,-0.005132366756430693
2028-08-24,COPPER,-0.02334151989964601
2028-08-24,WTI,-0.09331056203258503
2028-08-24,BTC,0.2868437169421969
2028-08-24,ETH,-0.0
2028-08-24,US10Y,-0.07078613762769033
2028-08-24,CN10Y,0.045294176975000225
2028-08-25,000300.SH,-0.0
2028-08-25,SPX,0.024158339177430085
2028-08-25,HSI,-0.0
2028-08-25,N225,0.053734923214128635
2028-08-25,SX5E,0.009503224459752501
2028-08-25,000688.SH,-0.0639138039108551
2028-08-25,SOX,-0.11021472677166251
2028-08-25,NDX,-0.04979493648185198
2028-08-25,XAU,-0.0027563705821647168
2028-08-25,COPPER,-0.025121201018682694
2028-08-25,WTI,-0.13764973158954996
2028-08-25,BTC,0.33321000152307795
2028-08-25,ETH,-0.0
2028-08-25,US10Y,-0.0889513608771683
2028-08-25,CN10Y,0.05779564285755108
2028-08-28,000300.SH,-0.0
2028-08-28,SPX,0.06205868413531167
2028-08-28,HSI,-0.0
2028-08-28,N225,0.059865606783719105
2028-08-28,SX5E,-0.030050497810780327
2028-08-28,000688.SH,-0.03802114424810179
2028-08-28,SOX,-0.1083368391244311
2028-08-28,NDX,-0.04965154711987994
2028-08-28,XAU,0.003906585698368487
2028-08-28,COPPER,-0.04297417026010897
2028-08-28,WTI,-0.08551664666610412
2028-08-28,BTC,0.2660769035757713
2028-08-28,ETH,-0.0
2028-08-28,US10Y,-0.10970382348629246
2028-08-28,CN10Y,0.07234688852253349
2028-08-29,000300.SH,-0.0
2028-08-29,SPX,0.053438367997434594
2028-08-29,HSI,-0.0
2028-08-29,N225,0.0574183478666279
2028-08-29,SX5E,-0.02748267775435236
2028-08-29,000688.SH,-0.03661749528058238
2028-08-29,SOX,-0.11024827612140893
2028-08-29,NDX,-0.06766776194568618
2028-08-29,XAU,0.022586019053868586
2028-08-29,COPPER,-0.04098418965830861
2028-08-29,WTI,-0.05125296320614755
2028-08-29,BTC,0.23846336233006674
2028-08-29,ETH,-0.0
2028-08-29,US10Y,-0.08899741630184506
2028-08-29,CN10Y,0.05134468302033929
2028-08-30,000300.SH,-0.0
2028-08-30,SPX,0.023184178390631697
2028-08-30,HSI,-0.0
2028-08-30,N225,0.08211046285307227
2028-08-30,SX5E,-0.04351099412879296
2028-08-30,000688.SH,-0.03473934742068831
2028-08-30,SOX,-0.10955600690989474
2028-08-30,NDX,-0.05487255734309772
2028-08-30,XAU,0.02289476046973466
2028-08-30,COPPER,0.011931886487617692
2028-08-30,WTI,-0.12513843673066838
2028-08-30,BTC,0.2758854328747486
2028-08-30,ETH,-0.0
2028-08-30,US10Y,-0.0948376932579541
2028-08-30,CN10Y,0.046648314715297776
2028-08-31,000300.SH,-0.0
2028-08-31,SPX,0.0345539299201773
2028-08-31,HSI,-0.0
2028-08-31,N225,0.10576118804125213
2028-08-31,SX5E,-0.05582985280524126
2028-08-31,000688.SH,-0.041727942537718526
2028-08-31,SOX,-0.11960546922047247
2028-08-31,NDX,-0.07276430223452468
2028-08-31,XAU,0.06079833902847055
2028-08-31,COPPER,-0.013718442820659997
2028-08-31,WTI,-0.10937579638175832
2028-08-31,BTC,0.2763380340139394
2028-08-31,ETH,-0.0
2028-08-31,US10Y,-0.08708950634183936
2028-08-31,CN10Y,0.022659821338383287
2028-09-01,000300.SH,-0.0
2028-09-01,SPX,0.007053173258259861
2028-09-01,HSI,-0.0
2028-09-01,N225,0.14291185100908096
2028-09-01,SX5E,-0.0366357518544632
2028-09-01,000688.SH,-0.055475386999868405
2028-09-01,SOX,-0.11792529473748974
2028-09-01,NDX,-0.076082345991386
2028-09-01,XAU,0.058860226933758905
2028-09-01,COPPER,-0.025382768100621164
2028-09-01,WTI,-0.03923088651513928
2028-09-01,BTC,0.2010852945890898
2028-09-01,ETH,-0.0
2028-09-01,US10Y,-0.07746927197601494
2028-09-01,CN10Y,0.018291160384801445
2028-09-04,000300.SH,-0.0
2028-09-04,SPX,-0.004912839766083423
2028-09-04,HSI,-0.0
2028-09-04,N225,0.13772410670137974
2028-09-04,SX5E,-0.007534726393863756
2028-09-04,000688.SH,-0.04648609398385198
2028-09-04,SOX,-0.11420479899017552
2028-09-04,NDX,-0.05545502329476305
2028-09-04,XAU,0.04978839383707766
2028-09-04,COPPER,-0.010922935499737519
2028-09-04,WTI,-0.042663571419805695
2028-09-04,BTC,0.13360610992327326
2028-09-04,ETH,-0.0
2028-09-04,US10Y,-0.09186643187909031
2028-09-04,CN10Y,0.0529278107656464
2028-09-05,000300.SH,-0.0
2028-09-05,SPX,-0.051587390592242495
2028-09-05,HSI,-0.0
2028-09-05,N225,0.10028096125217832
2028-09-05,SX5E,-0.0013586936976123561
2028-09-05,000688.SH,-0.033616847991293414
2028-09-05,SOX,-0.10062609083408514
2028-09-05,NDX,-0.044713943874634156
2028-09-05,XAU,0.054169737952802624
2028-09-05,COPPER,-0.02296862356051732
2028-09-05,WTI,0.0053320100602595
2028-09-05,BTC,0.17247915248351314
2028-09-05,ETH,-0.0
2028-09-05,US10Y,-0.10222098078945796
2028-09-05,CN10Y,0.0248307095910937
2028-09-06,000300.SH,-0.0
2028-09-06,SPX,-0.08208531803256482
2028-09-06,HSI,-0.0
2028-09-06,N225,0.12786768450058655
2028-09-06,SX5E,0.002523020200211804
2028-09-06,000688.SH,-0.04873520825846379
2028-09-06,SOX,-0.11305991479176045
2028-09-06,NDX,-0.04126629007238382
2028-09-06,XAU,0.03115413975168836
2028-09-06,COPPER,-0.02151292784219273
2028-09-06,WTI,0.042753077348293714
2028-09-06,BTC,0.17133558935257553
2028-09-06,ETH,-0.0
2028-09-06,US10Y,-0.10237554985434416
2028-09-06,CN10Y,0.03340169769835997
2028-09-07,000300.SH,-0.0
2028-09-07,SPX,-0.08165093336329296
2028-09-07,HSI,-0.0
2028-09-07,N225,0.11267720340639575
2028-09-07,SX5E,-0.0030006368187703862
2028-09-07,000688.SH,-0.04384997373451835
2028-09-07,SOX,-0.1592951735292567
2028-09-07,NDX,-0.026471005810468743
2028-09-07,XAU,0.044925311237725654
2028-09-07,COPPER,-0.018392347762356195
2028-09-07,WTI,0.06077813844738099
2028-09-07,BTC,0.19959710484699564
2028-09-07,ETH,-0.0
2028-09-07,US10Y,-0.11164773019220345
2028-09-07,CN10Y,0.02633004327237526
2028-09-08,000300.SH,-0.0
2028-09-08,SPX,-0.08778759411350791
2028-09-08,HSI,-0.0
2028-09-08,N225,0.12799554797149337
2028-09-08,SX5E,0.007408179389364953
2028-09-08,000688.SH,-0.010540333788189008
2028-09-08,SOX,-0.1922894629557395
2028-09-08,NDX,-0.04483538329011846
2028-09-08,XAU,0.054285766700915845
2028-09-08,COPPER,-0.015784166373551838
2028-09-08,WTI,0.05588110162216495
2028-09-08,BTC,0.17682544160438116
2028-09-08,ETH,-0.0
2028-09-08,US10Y,-0.09073918579944495
2028-09-08,CN10Y,0.0195800890322387
2028-09-11,000300.SH,-0.0
2028-09-11,SPX,-0.0687683325422276
2028-09-11,HSI,-0.0
2028-09-11,N225,0.10619863734901204
2028-09-11,SX5E,0.005820282533336675
2028-09-11,000688.SH,-0.01584383311231641
2028-09-11,SOX,-0.1614358343470589
2028-09-11,NDX,-0.06056283784745862
2028-09-11,XAU,0.06225702160263012
2028-09-11,COPPER,-0.02685672341701803
2028-09-11,WTI,0.12083270434146165
2028-09-11,BTC,0.11774554496672324
2028-09-11,ETH,-0.0
2028-09-11,US10Y,-0.09942145841137026
2028-09-11,CN10Y,0.020034828884292987
2028-09-12,000300.SH,-0.0
2028-09-12,SPX,-0.04008603029394119
2028-09-12,HSI,-0.0
2028-09-12,N225,0.09772072171533573
2028-09-12,SX5E,0.013023645858042854
2028-09-12,000688.SH,-0.0009258627840320801
2028-09-12,SOX,-0.16051657630772337
2028-09-12,NDX,-0.033307385844813464
2028-09-12,XAU,0.06347284136069635
2028-09-12,COPPER,-0.018428161686475323
2028-09-12,WTI,0.10157480533697744
2028-09-12,BTC,0.024690428158859853
2028-09-12,ETH,-0.0
2028-09-12,US10Y,-0.08166812125537286
2028-09-12,CN10Y,0.03444969574245197
2028-09-13,000300.SH,-0.0
2028-09-13,SPX,-0.042884897990532654
2028-09-13,HSI,-0.0
2028-09-13,N225,0.099373358170908
2028-09-13,SX5E,0.012640298451990044
2028-09-13,000688.SH,0.056767660075626315
2028-09-13,SOX,-0.12225489103478598
2028-09-13,NDX,-0.03627226056941479
2028-09-13,XAU,0.03933906900524901
2028-09-13,COPPER,-0.006142568277937752
2028-09-13,WTI,0.034258557490394304
2028-09-13,BTC,0.046599696689553965
2028-09-13,ETH,-0.0
2028-09-13,US10Y,-0.08909110360227385
2028-09-13,CN10Y,0.007667081591229152
2028-09-14,000300.SH,-0.0
2028-09-14,SPX,-0.049560958987948434
2028-09-14,HSI,-0.0
2028-09-14,N225,0.08961923982769528
2028-09-14,SX5E,-0.007732985611881517
2028-09-14,000688.SH,0.07474080714185913
2028-09-14,SOX,-0.11205748451473012
2028-09-14,NDX,-0.0179302835283011
2028-09-14,XAU,0.044113679588589125
2028-09-14,COPPER,0.014217431724548632
2028-09-14,WTI,0.08683728594211385
2028-09-14,BTC,-0.046561352074199466
2028-09-14,ETH,-0.0
2028-09-14,US10Y,-0.055714850924200636
2028-09-14,CN10Y,-0.019970528583537622
2028-09-15,000300.SH,-0.0
2028-09-15,SPX,-0.03571004744939293
2028-09-15,HSI,-0.0
2028-09-15,N225,0.08141725344866821
2028-09-15,SX5E,-0.006537784550373807
2028-09-15,000688.SH,0.05400832667525243
2028-09-15,SOX,-0.10283018274199114
2028-09-15,NDX,-0.02840278002110473
2028-09-15,XAU,0.04655176123724748
2028-09-15,COPPER,0.03536590604456397
2028-09-15,WTI,0.08875028101153348
2028-09-15,BTC,-0.042965509939208946
2028-09-15,ETH,-0.0
2028-09-15,US10Y,-0.052340394108338406
2028-09-15,CN10Y,-0.03730682960684906
2028-09-18,000300.SH,-0.0
2028-09-18,SPX,-0.019800580466255196
2028-09-18,HSI,-0.0
2028-09-18,N225,0.06226031808413632
2028-09-18,SX5E,-0.005051040940382792
2028-09-18,000688.SH,0.039360430468623794
2028-09-18,SOX,-0.07592325003374847
2028-09-18,NDX,-0.03663135769473392
2028-09-18,XAU,0.036428421076203116
2028-09-18,COPPER,0.007245378992121045
2028-09-18,WTI,0.0991556332769257
2028-09-18,BTC,0.009145336498744619
2028-09-18,ETH,-0.0
2028-09-18,US10Y,-0.06554077042896217
2028-09-18,CN10Y,-0.05064851883266236
2028-09-19,000300.SH,-0.0
2028-09-19,SPX,-0.056296496620623776
2028-09-19,HSI,-0.0
2028-09-19,N225,0.04434103642261754
2028-09-19,SX5E,0.015223057505693277
2028-09-19,000688.SH,0.06160559125638171
2028-09-19,SOX,-0.04751067042988237
2028-09-19,NDX,-0.032371270892710184
2028-09-19,XAU,0.05656673239554112
2028-09-19,COPPER,0.016487254391736407
2028-09-19,WTI,0.09200159201487662
2028-09-19,BTC,-0.037735348937656676
2028-09-19,ETH,-0.0
2028-09-19,US10Y,-0.06476550137707558
2028-09-19,CN10Y,-0.04754597572889073
2028-09-20,000300.SH,-0.0
2028-09-20,SPX,-0.040092690409972404
2028-09-20,HSI,-0.0
2028-09-20,N225,0.046049886047071956
2028-09-20,SX5E,0.033886765964556614
2028-09-20,000688.SH,0.060947465510100406
2028-09-20,SOX,-0.057865965152145885
2028-09-20,NDX,-0.023787433937297035
2028-09-20,XAU,0.04789537598706628
2028-09-20,COPPER,0.05311835758746197
2028-09-20,WTI,0.06014659246141596
2028-09-20,BTC,-0.09637288725845608
2028-09-20,ETH,-0.0
2028-09-20,US10Y,-0.05703319619070717
2028-09-20,CN10Y,-0.026892270609087436
2028-09-21,000300.SH,-0.0
2028-09-21,SPX,-0.001996817789427627
2028-09-21,HSI,-0.0
2028-09-21,N225,0.07781243836339438
2028-09-21,SX5E,0.011740513714061672
2028-09-21,000688.SH,0.03824060255361752
2028-09-21,SOX,-0.12872115262638603
2028-09-21,NDX,0.0035996731810335383
2028-09-21,XAU,0.06134093832682914
2028-09-21,COPPER,0.08849072099134297
2028-09-21,WTI,0.07316200029505723
2028-09-21,BTC,-0.1441001751466657
2028-09-21,ETH,-0.0
2028-09-21,US10Y,-0.05814608636050047
2028-09-21,CN10Y,-0.021422655502348932
2028-09-22,000300.SH,-0.0
2028-09-22,SPX,-0.03668196157961641
2028-09-22,HSI,-0.0
2028-09-22,N225,0.04972909270995131
2028-09-22,SX5E,0.011563794354350204
2028-09-22,000688.SH,0.04193980594773852
2028-09-22,SOX,-0.107280146426066
2028-09-22,NDX,0.01747831186857719
2028-09-22,XAU,0.051974879648363705
2028-09-22,COPPER,0.08412202232906403
2028-09-22,WTI,0.1277645797465461
2028-09-22,BTC,-0.19191596950266163
2028-09-22,ETH,-0.0
2028-09-22,US10Y,-0.056165804053055796
2028-09-22,CN10Y,0.0074713949568146545
2028-09-25,000300.SH,-0.0
2028-09-25,SPX,-0.05341054865353952
2028-09-25,HSI,-0.0
2028-09-25,N225,0.023395928192254372
2028-09-25,SX5E,0.04996777971218258
2028-09-25,000688.SH,0.0422480464984048
2028-09-25,SOX,-0.10032124125030402
2028-09-25,NDX,0.026153915063153062
2028-09-25,XAU,0.08024491455368388
2028-09-25,COPPER,0.08860026881967173
2028-09-25,WTI,0.11408818968660098
2028-09-25,BTC,-0.21360334824381272
2028-09-25,ETH,-0.0
2028-09-25,US10Y,-0.05091978936758218
2028-09-25,CN10Y,-0.006444115010710149
2028-09-26,000300.SH,-0.0
2028-09-26,SPX,-0.04955633531031278
2028-09-26,HSI,-0.0
2028-09-26,N225,0.03634354381287444
2028-09-26,SX5E,0.05558781484738935
2028-09-26,000688.SH,0.021837493485421
2028-09-26,SOX,-0.07255500248864441
2028-09-26,NDX,0.018271376632454404
2028-09-26,XAU,0.07436441069012503
2028-09-26,COPPER,0.1006235810748825
2028-09-26,WTI,0.05444874446624631
2028-09-26,BTC,-0.16496749873712174
2028-09-26,ETH,-0.0
2028-09-26,US10Y,-0.05264977095270568
2028-09-26,CN10Y,-0.021748357520607733
2028-09-27,000300.SH,-0.0
2028-09-27,SPX,-0.04385579137862697
2028-09-27,HSI,-0.0
2028-09-27,N225,0.016982451275454905
2028-09-27,SX5E,0.0637605539532338
2028-09-27,000688.SH,0.01564693093640907
2028-09-27,SOX,-0.01960263540221536
2028-09-27,NDX,0.027579766628976356
2028-09-27,XAU,0.06725063435462549
2028-09-27,COPPER,0.058650492436156706
2028-09-27,WTI,0.14267886965503498
2028-09-27,BTC,-0.2261509416550485
2028-09-27,ETH,-0.0
2028-09-27,US10Y,-0.06586729972858905
2028-09-27,CN10Y,-0.037073031075412925
2028-09-28,000300.SH,-0.0
2028-09-28,SPX,-0.045669660694377244
2028-09-28,HSI,-0.0
2028-09-28,N225,-0.013393780334635341
2028-09-28,SX5E,0.07216277869827083
2028-09-28,000688.SH,0.03387960422404441
2028-09-28,SOX,-0.009268845728592094
2028-09-28,NDX,0.05334074403385668
2028-09-28,XAU,0.0435222333705223
2028-09-28,COPPER,0.06320003030613758
2028-09-28,WTI,0.14283260915899795
2028-09-28,BTC,-0.26212931655451593
2028-09-28,ETH,-0.0
2028-09-28,US10Y,-0.06309098254106363
2028-09-28,CN10Y,-0.015385413938649936
2028-09-29,000300.SH,-0.0
2028-09-29,SPX,-0.005956658610053893
2028-09-29,HSI,-0.0
2028-09-29,N225,-0.0535401821558727
2028-09-29,SX5E,0.027620190488299817
2028-09-29,000688.SH,0.051365546678107415
2028-09-29,SOX,-0.030683864947885192
2028-09-29,NDX,0.07908052101099759
2028-09-29,XAU,0.06405636670708839
2028-09-29,COPPER,0.05194930888794612
2028-09-29,WTI,0.11792179730263311
2028-09-29,BTC,-0.21243335189301035
2028-09-29,ETH,-0.0
2028-09-29,US10Y,-0.07497752493765605
2028-09-29,CN10Y,-0.014402148530600862
2028-10-02,000300.SH,-0.0
2028-10-02,SPX,-0.012187954985244564
2028-10-02,HSI,-0.0
2028-10-02,N225,-0.05784821718768658
2028-10-02,SX5E,0.004827147935464066
2028-10-02,000688.SH,-0.015350835285812
2028-10-02,SOX,-0.027224113771282255
2028-10-02,NDX,0.07296281356279752
2028-10-02,XAU,0.09766833986507847
2028-10-02,COPPER,0.05012205210817188
2028-10-02,WTI,0.10637060475469948
2028-10-02,BTC,-0.15490513360307434
2028-10-02,ETH,-0.0
2028-10-02,US10Y,-0.05390055833779194
2028-10-02,CN10Y,-0.010534145055324216
2028-10-03,000300.SH,-0.0
2028-10-03,SPX,-0.0051396840427748655
2028-10-03,HSI,-0.0
2028-10-03,N225,-0.01612524291863005
2028-10-03,SX5E,-0.001357112904249392
2028-10-03,000688.SH,-0.028080125086830145
2028-10-03,SOX,-0.021941997030192815
2028-10-03,NDX,0.04849457278950754
2028-10-03,XAU,0.07805314260376803
2028-10-03,COPPER,0.04049211264489057
2028-10-03,WTI,0.1198474830164661
2028-10-03,BTC,-0.15664071920494263
2028-10-03,ETH,-0.0
2028-10-03,US10Y,-0.054020578112302
2028-10-03,CN10Y,-0.0035818517547167375
2028-10-04,000300.SH,-0.0
2028-10-04,SPX,0.025112286009694833
2028-10-04,HSI,-0.0
2028-10-04,N225,-0.017691757660496143
2028-10-04,SX5E,-0.0031763669618407584
2028-10-04,000688.SH,-0.028437800462417184
2028-10-04,SOX,-0.013551927135950416
2028-10-04,NDX,0.03579776587214491
2028-10-04,XAU,0.06182654181813406
2028-10-04,COPPER,0.05312849537107721
2028-10-04,WTI,0.11209493743413619
2028-10-04,BTC,-0.16461376084297985
2028-10-04,ETH,-0.0
2028-10-04,US10Y,-0.0572568283543018
2028-10-04,CN10Y,-0.0032315850872067222
2028-10-05,000300.SH,-0.0
2028-10-05,SPX,0.04068994660337026
2028-10-05,HSI,-0.0
2028-10-05,N225,-0.015912068693906444
2028-10-05,SX5E,0.0030455572315816956
2028-10-05,000688.SH,-0.00721404163286362
2028-10-05,SOX,-0.00460097498827907
2028-10-05,NDX,0.013493516244435642
2028-10-05,XAU,0.038552899410804475
2028-10-05,COPPER,0.05031254625381476
2028-10-05,WTI,0.11058062052823764
2028-10-05,BTC,-0.1628240300117318
2028-10-05,ETH,-0.0
2028-10-05,US10Y,-0.055072565713234045
2028-10-05,CN10Y,-0.011051405232233111
2028-10-06,000300.SH,-0.0
2028-10-06,SPX,0.061479098904907964
2028-10-06,HSI,-0.0
2028-10-06,N225,-0.021947491245761012
2028-10-06,SX5E,-0.014356280614779664
2028-10-06,000688.SH,-0.03163485337994313
2028-10-06,SOX,0.033739785274145284
2028-10-06,NDX,0.02761757680455533
2028-10-06,XAU,0.035751944075190834
2028-10-06,COPPER,-0.00454577304633258
2028-10-06,WTI,0.12950127236265957
2028-10-06,BTC,-0.1503861409838657
2028-10-06,ETH,-0.0
2028-10-06,US10Y,-0.07711207774101729
2028-10-06,CN10Y,0.011892939590238294
2028-10-09,000300.SH,-0.0
2028-10-09,SPX,0.06386361766839611
2028-10-09,HSI,-0.0
2028-10-09,N225,-0.02182168964239141
2028-10-09,SX5E,-0.03362784407751613
2028-10-09,000688.SH,-0.010113156082796306
2028-10-09,SOX,-0.008140135502549856
2028-10-09,NDX,0.033078965883596045
2028-10-09,XAU,0.046374891467531855
2028-10-09,COPPER,0.028036192376254376
2028-10-09,WTI,0.03858890672421247
2028-10-09,BTC,-0.09671034897492647
2028-10-09,ETH,-0.0
2028-10-09,US10Y,-0.05484499982686862
2028-10-09,CN10Y,0.015315599987054382
2028-10-10,000300.SH,-0.0
2028-10-10,SPX,0.0364090792663868
2028-10-10,HSI,-0.0
2028-10-10,N225,-0.01237486861515065
2028-10-10,SX5E,-0.031631840245483635
2028-10-10,000688.SH,-0.004501769499689168
2028-10-10,SOX,-0.0020114540746252628
2028-10-10,NDX,0.001440756402901238
2028-10-10,XAU,0.06215895856893536
2028-10-10,COPPER,0.046464548044178725
2028-10-10,WTI,0.04200600327834787
2028-10-10,BTC,-0.13193541527167654
2028-10-10,ETH,-0.0
2028-10-10,US10Y,-0.05500142157527399
2028-10-10,CN10Y,0.04897742372114845
2028-10-11,000300.SH,-0.0
2028-10-11,SPX,0.040430105008093686
2028-10-11,HSI,-0.0
2028-10-11,N225,-0.028880794549340876
2028-10-11,SX5E,-0.03738978271941901
2028-10-11,000688.SH,-0.03841643921639107
2028-10-11,SOX,-0.015428121774172172
2028-10-11,NDX,0.00911658377259306
2028-10-11,XAU,0.08105033927188215
2028-10-11,COPPER,0.04329776723851324
2028-10-11,WTI,0.02455160725338229
2028-10-11,BTC,-0.09016482047354346
2028-10-11,ETH,-0.0
2028-10-11,US10Y,-0.05200100067538267
2028-10-11,CN10Y,0.06383455686378496
2028-10-12,000300.SH,-0.0
2028-10-12,SPX,0.06424632151635672
2028-10-12,HSI,-0.0
2028-10-12,N225,-0.0342815506355572
2028-10-12,SX5E,-0.047088679769242685
2028-10-12,000688.SH,-0.008616200256101606
2028-10-12,SOX,-0.06431237070187722
2028-10-12,NDX,-0.029145247822471316
2028-10-12,XAU,0.0639692183071217
2028-10-12,COPPER,0.04292806120527687
2028-10-12,WTI,-0.00673694146123964
2028-10-12,BTC,-0.023652032282865495
2028-10-12,ETH,-0.0
2028-10-12,US10Y,-0.07682981839341663
2028-10-12,CN10Y,0.11951924029401458
2028-10-13,000300.SH,-0.0
2028-10-13,SPX,0.051883454096134034
2028-10-13,HSI,-0.0
2028-10-13,N225,-0.03765507058113215
2028-10-13,SX5E,-0.049792763418670866
2028-10-13,000688.SH,0.0012243835983100854
2028-10-13,SOX,-0.06613465837649604
2028-10-13,NDX,-0.028566596295394812
2028-10-13,XAU,0.06230229246375407
2028-10-13,COPPER,0.01765410558581141
2028-10-13,WTI,0.04172143347118005
2028-10-13,BTC,-0.05167773016615357
2028-10-13,ETH,-0.0
2028-10-13,US10Y,-0.07009303091649265
2028-10-13,CN10Y,0.12913418053914838
2028-10-16,000300.SH,-0.0
2028-10-16,SPX,0.04284737674011388
2028-10-16,HSI,-0.0
2028-10-16,N225,-0.04507229846312831
2028-10-16,SX5E,-0.05981103166660438
2028-10-16,000688.SH,-0.030623125953301328
2028-10-16,SOX,-0.046199302058094756
2028-10-16,NDX,0.00038391056907952775
2028-10-16,XAU,0.08191402570865709
2028-10-16,COPPER,0.0016972746195379022
2028-10-16,WTI,0.052052163756996894
2028-10-16,BTC,-0.07340118413942999
2028-10-16,ETH,-0.0
2028-10-16,US10Y,-0.0707113726557084
2028-10-16,CN10Y,0.14692356354187824
2028-10-17,000300.SH,-0.0
2028-10-17,SPX,0.07347441125338405
2028-10-17,HSI,-0.0
2028-10-17,N225,-0.06799744219740246
2028-10-17,SX5E,-0.018579257966472282
2028-10-17,000688.SH,-0.06380395482341117
2028-10-17,SOX,-0.06963094828627833
2028-10-17,NDX,0.017764334188242067
2028-10-17,XAU,0.06733293211246223
2028-10-17,COPPER,-0.02031987774784523
2028-10-17,WTI,0.029681949433269336
2028-10-17,BTC,-0.03379590991180925
2028-10-17,ETH,-0.0
2028-10-17,US10Y,-0.05603891168801939
2028-10-17,CN10Y,0.1419126756338787
2028-10-18,000300.SH,-0.0
2028-10-18,SPX,0.0637231002621049
2028-10-18,HSI,-0.0
2028-10-18,N225,-0.05842040506239617
2028-10-18,SX5E,-0.034996063387584216
2028-10-18,000688.SH,-0.08496141459251683
2028-10-18,SOX,-0.07297677056221524
2028-10-18,NDX,0.03459808351406328
2028-10-18,XAU,0.06052987206143281
2028-10-18,COPPER,0.017153529394396936
2028-10-18,WTI,0.050504183896234026
2028-10-18,BTC,-0.04366110568372303
2028-10-18,ETH,-0.0
2028-10-18,US10Y,-0.06515484993525524
2028-10-18,CN10Y,0.13366184009545937
2028-10-19,000300.SH,-0.0
2028-10-19,SPX,0.04114615430645149
2028-10-19,HSI,-0.0
2028-10-19,N225,-0.062135983640382184
2028-10-19,SX5E,1.807146856272132e-05
2028-10-19,000688.SH,-0.013908883952910941
2028-10-19,SOX,-0.07631729953710442
2028-10-19,NDX,0.0007312242950782387
2028-10-19,XAU,0.056971049023262214
2028-10-19,COPPER,-0.036994188124837554
2028-10-19,WTI,0.03069066871369274
2028-10-19,BTC,-0.0018803225625432622
2028-10-19,ETH,-0.0
2028-10-19,US10Y,-0.061209427732808463
2028-10-19,CN10Y,0.1228889377435384
2028-10-20,000300.SH,-0.0
2028-10-20,SPX,0.04210528368003777
2028-10-20,HSI,-0.0
2028-10-20,N225,-0.0627176241780431
2028-10-20,SX5E,0.016587073641213586
2028-10-20,000688.SH,0.0018868465001267423
2028-10-20,SOX,-0.042707611750936764
2028-10-20,NDX,0.034914168141983074
2028-10-20,XAU,0.054208064182456876
2028-10-20,COPPER,-0.03319413861375468
2028-10-20,WTI,-0.04841580045365108
2028-10-20,BTC,-0.01580016208353656
2028-10-20,ETH,-0.0
2028-10-20,US10Y,-0.053267156542689556
2028-10-20,CN10Y,0.10640105747679435
2028-10-23,000300.SH,-0.0
2028-10-23,SPX,0.028653003847413126
2028-10-23,HSI,-0.0
2028-10-23,N225,-0.048334777107865545
2028-10-23,SX5E,-0.00443796544999215
2028-10-23,000688.SH,0.0039038278239737836
2028-10-23,SOX,0.004192858087211128
2028-10-23,NDX,0.02856298211628214
2028-10-23,XAU,0.04640738697712038
2028-10-23,COPPER,0.012383850519342671
2028-10-23,WTI,-0.14058504310564568
2028-10-23,BTC,0.008641688847424313
2028-10-23,ETH,-0.0
2028-10-23,US10Y,-0.03852789195432637
2028-10-23,CN10Y,0.09914007939906364
2028-10-24,000300.SH,-0.0
2028-10-24,SPX,0.029064303110461338
2028-10-24,HSI,-0.0
2028-10-24,N225,-0.09591455926579107
2028-10-24,SX5E,0.00953380920629353
2028-10-24,000688.SH,-0.010639943473317771
2028-10-24,SOX,-0.044671167773994144
2028-10-24,NDX,0.05109152532187812
2028-10-24,XAU,0.036769636230691224
2028-10-24,COPPER,-0.015211508702350017
2028-10-24,WTI,-0.08087149777638503
2028-10-24,BTC,0.014672537063220956
2028-10-24,ETH,-0.0
2028-10-24,US10Y,-0.02116131799785745
2028-10-24,CN10Y,0.1273381840571524
2028-10-25,000300.SH,-0.0
2028-10-25,SPX,0.040101068808274756
2028-10-25,HSI,-0.0
2028-10-25,N225,-0.06397875387181862
2028-10-25,SX5E,-0.0037498435518077064
2028-10-25,000688.SH,-0.0003646495512938906
2028-10-25,SOX,-0.09561140374379809
2028-10-25,NDX,0.054605604588215936
2028-10-25,XAU,0.04488335903966956
2028-10-25,COPPER,-0.004201558455127041
2028-10-25,WTI,-0.1230777113265084
2028-10-25,BTC,0.022403700667226686
2028-10-25,ETH,-0.0
2028-10-25,US10Y,0.0011154583881302828
2028-10-25,CN10Y,0.1278747290088412
2028-10-26,000300.SH,-0.0
2028-10-26,SPX,0.0225608328526374
2028-10-26,HSI,-0.0
2028-10-26,N225,-0.06679374434373361
2028-10-26,SX5E,0.019322388748204657
2028-10-26,000688.SH,-0.023346782225782632
2028-10-26,SOX,-0.04412648703840048
2028-10-26,NDX,0.04763836426476487
2028-10-26,XAU,0.04879954140405228
2028-10-26,COPPER,0.0029485625441205802
2028-10-26,WTI,-0.09745492403741846
2028-10-26,BTC,-0.002439006562136581
2028-10-26,ETH,-0.0
2028-10-26,US10Y,-0.006598903063694244
2028-10-26,CN10Y,0.09949015745739452
2028-10-27,000300.SH,-0.0
2028-10-27,SPX,0.023619742323051484
2028-10-27,HSI,-0.0
2028-10-27,N225,-0.06431841160499777
2028-10-27,SX5E,0.03890032429802145
2028-10-27,000688.SH,0.010908729747531902
2028-10-27,SOX,-0.025887660792772535
2028-10-27,NDX,0.05741970381471361
2028-10-27,XAU,0.022940987806373436
2028-10-27,COPPER,-0.016174921567168404
2028-10-27,WTI,-0.10473907076785864
2028-10-27,BTC,-0.031436292857463036
2028-10-27,ETH,-0.0
2028-10-27,US10Y,-0.03221405354424456
2028-10-27,CN10Y,0.12098092314482256
2028-10-30,000300.SH,-0.0
2028-10-30,SPX,0.01813759778309573
2028-10-30,HSI,-0.0
2028-10-30,N225,-0.05036108808593547
2028-10-30,SX5E,-0.0040887328216761415
2028-10-30,000688.SH,0.05106052484609888
2028-10-30,SOX,-0.05827003243218564
2028-10-30,NDX,0.07804169598089465
2028-10-30,XAU,-0.007507291611655562
2028-10-30,COPPER,-0.030287677310320116
2028-10-30,WTI,-0.015275159006809494
2028-10-30,BTC,-0.03590786925424781
2028-10-30,ETH,-0.0
2028-10-30,US10Y,-0.04224788718232652
2028-10-30,CN10Y,0.09670591909507437
2028-10-31,000300.SH,-0.0
2028-10-31,SPX,0.0360291575988341
2028-10-31,HSI,-0.0
2028-10-31,N225,-0.05280338103301165
2028-10-31,SX5E,-0.004900576311405924
2028-10-31,000688.SH,0.0675863086696522
2028-10-31,SOX,-0.057444077093269416
2028-10-31,NDX,0.05946899239012618
2028-10-31,XAU,-0.0010555696180603738
2028-10-31,COPPER,-0.019668704730498334
2028-10-31,WTI,-0.07667838272072873
2028-10-31,BTC,-0.04868742638199184
2028-10-31,ETH,-0.0
2028-10-31,US10Y,-0.032897812789069926
2028-10-31,CN10Y,0.13105147201943365
2028-11-01,000300.SH,-0.0
2028-11-01,SPX,0.021122005587173035
2028-11-01,HSI,-0.0
2028-11-01,N225,-0.06224136948918202
2028-11-01,SX5E,-0.004285224392137623
2028-11-01,000688.SH,0.07076713882697823
2028-11-01,SOX,-0.03450441770996797
2028-11-01,NDX,0.08262580948751365
2028-11-01,XAU,-0.007367534848053905
2028-11-01,COPPER,-0.043381020785677904
2028-11-01,WTI,-0.06875425422738522
2028-11-01,BTC,-0.05997915074838379
2028-11-01,ETH,-0.0
2028-11-01,US10Y,-0.038747383124557694
2028-11-01,CN10Y,0.1447454014236915
2028-11-02,000300.SH,-0.0
2028-11-02,SPX,0.019438561876382092
2028-11-02,HSI,-0.0
2028-11-02,N225,-0.03627881933698829
2028-11-02,SX5E,-0.007511056567385322
2028-11-02,000688.SH,0.07858365572221095
2028-11-02,SOX,-0.02204985927981546
2028-11-02,NDX,0.10118284414576134
2028-11-02,XAU,-0.02676051792632237
2028-11-02,COPPER,-0.041039774285801404
2028-11-02,WTI,-0.1381180392761497
2028-11-02,BTC,-0.07888767254139194
2028-11-02,ETH,-0.0
2028-11-02,US10Y,-0.018991607298960607
2028-11-02,CN10Y,0.17043228476846836
2028-11-03,000300.SH,-0.0
2028-11-03,SPX,0.00445553181177687
2028-11-03,HSI,-0.0
2028-11-03,N225,-0.027637481657025804
2028-11-03,SX5E,0.004354640446169194
2028-11-03,000688.SH,0.09819892499447942
2028-11-03,SOX,-0.0322146816709369
2028-11-03,NDX,0.07666216058699536
2028-11-03,XAU,-0.0031446760881308038
2028-11-03,COPPER,-0.037725242262150155
2028-11-03,WTI,-0.1384476813542933
2028-11-03,BTC,-0.09413768059408203
2028-11-03,ETH,-0.0
2028-11-03,US10Y,-0.012223161377546752
2028-11-03,CN10Y,0.1618593471647538
2028-11-06,000300.SH,-0.0
2028-11-06,SPX,-0.009497869606200325
2028-11-06,HSI,-0.0
2028-11-06,N225,-0.03616908865190986
2028-11-06,SX5E,0.018418165033278963
2028-11-06,000688.SH,0.09553817490658584
2028-11-06,SOX,-0.03217430628150102
2028-11-06,NDX,0.06240620317180791
2028-11-06,XAU,-0.03185887005914796
2028-11-06,COPPER,-0.061908232424630685
2028-11-06,WTI,-0.09431747753432922
2028-11-06,BTC,-0.05781202782998172
2028-11-06,ETH,-0.0
2028-11-06,US10Y,-0.0327161060686089
2028-11-06,CN10Y,0.18009143534464864
2028-11-07,000300.SH,-0.0
2028-11-07,SPX,0.0012702242343032182
2028-11-07,HSI,-0.0
2028-11-07,N225,-0.000914566810532709
2028-11-07,SX5E,0.00836211281617049
2028-11-07,000688.SH,0.07046489388673412
2028-11-07,SOX,-0.08918694042901766
2028-11-07,NDX,0.07674006511995811
2028-11-07,XAU,-0.050262865306826415
2028-11-07,COPPER,-0.09478226799429464
2028-11-07,WTI,-0.056768497766854664
2028-11-07,BTC,0.035935595829335566
2028-11-07,ETH,-0.0
2028-11-07,US10Y,-0.028377998799951357
2028-11-07,CN10Y,0.1275202452209846
2028-11-08,000300.SH,-0.0
2028-11-08,SPX,-0.001226205880112189
2028-11-08,HSI,-0.0
2028-11-08,N225,-0.005698690265358341
2028-11-08,SX5E,0.006205806741465009
2028-11-08,000688.SH,0.08540331127056751
2028-11-08,SOX,-0.12176897996006421
2028-11-08,NDX,0.06412746354270105
2028-11-08,XAU,-0.05514952698710432
2028-11-08,COPPER,-0.10394534393941741
2028-11-08,WTI,-0.023877914913398336
2028-11-08,BTC,0.04493046616813742
2028-11-08,ETH,-0.0
2028-11-08,US10Y,-0.026234159318001125
2028-11-08,CN10Y,0.13723377354059424
2028-11-09,000300.SH,-0.0
2028-11-09,SPX,-0.015997242100709262
2028-11-09,HSI,-0.0
2028-11-09,N225,-0.006250649310078661
2028-11-09,SX5E,0.03133598021304304
2028-11-09,000688.SH,0.06179280205366013
2028-11-09,SOX,-0.14171461315110234
2028-11-09,NDX,0.0751458180049815
2028-11-09,XAU,-0.025243271473352768
2028-11-09,COPPER,-0.08810436964036528
2028-11-09,WTI,0.022969357220263626
2028-11-09,BTC,-0.009942741296916979
2028-11-09,ETH,-0.0
2028-11-09,US10Y,-0.012823865478079252
2028-11-09,CN10Y,0.10883279495866625
2028-11-10,000300.SH,-0.0
2028-11-10,SPX,-0.015146008257745744
2028-11-10,HSI,-0.0
2028-11-10,N225,-0.016381575058480268
2028-11-10,SX5E,0.039929993216440876
2028-11-10,000688.SH,0.071929200536406
2028-11-10,SOX,-0.139738577518089
2028-11-10,NDX,0.08231390418693857
2028-11-10,XAU,-0.039339958817015165
2028-11-10,COPPER,-0.07744759301328155
2028-11-10,WTI,-0.021925293938154594
2028-11-10,BTC,0.014818216365063901
2028-11-10,ETH,-0.0
2028-11-10,US10Y,0.003790885608789863
2028-11-10,CN10Y,0.09719680668913773
2028-11-13,000300.SH,-0.0
2028-11-13,SPX,-0.009804026169997402
2028-11-13,HSI,-0.0
2028-11-13,N225,-0.018139257434763925
2028-11-13,SX5E,0.05665508238714963
2028-11-13,000688.SH,0.11388974367870353
2028-11-13,SOX,-0.11293997347526308
2028-11-13,NDX,0.0540781911761952
2028-11-13,XAU,-0.03744131506158932
2028-11-13,COPPER,-0.06929638503086047
2028-11-13,WTI,-0.04807818072755873
2028-11-13,BTC,-0.030831985128909792
2028-11-13,ETH,-0.0
2028-11-13,US10Y,0.007777280705708815
2028-11-13,CN10Y,0.09413082508119563
2028-11-14,000300.SH,-0.0
2028-11-14,SPX,-0.03320817646523004
2028-11-14,HSI,-0.0
2028-11-14,N225,-0.0022024508822395916
2028-11-14,SX5E,0.0281738124709072
2028-11-14,000688.SH,0.0843652915116016
2028-11-14,SOX,-0.14814904417651922
2028-11-14,NDX,0.07021554788988403
2028-11-14,XAU,-0.03380486954275398
2028-11-14,COPPER,-0.056629768046585115
2028-11-14,WTI,-0.004546867329942823
2028-11-14,BTC,-0.02212555965333072
2028-11-14,ETH,-0.0
2028-11-14,US10Y,0.015489266287951806
2028-11-14,CN10Y,0.10242281793626637
2028-11-15,000300.SH,-0.0
2028-11-15,SPX,-0.039358816128030265
2028-11-15,HSI,-0.0
2028-11-15,N225,-0.022941005032582597
2028-11-15,SX5E,0.03126175028936398
2028-11-15,000688.SH,0.10055341707824615
2028-11-15,SOX,-0.17120197365176734
2028-11-15,NDX,0.05645665658485534
2028-11-15,XAU,-0.048360334952746845
2028-11-15,COPPER,-0.0737442512546289
2028-11-15,WTI,-0.025139359443563446
2028-11-15,BTC,0.03900632298781343
2028-11-15,ETH,-0.0
2028-11-15,US10Y,0.037798423920882326
2028-11-15,CN10Y,0.11566916960216572
2028-11-16,000300.SH,-0.0
2028-11-16,SPX,-0.03914205193381652
2028-11-16,HSI,-0.0
2028-11-16,N225,-0.03282530367836439
2028-11-16,SX5E,0.023458190615328774
2028-11-16,000688.SH,0.04731607022348424
2028-11-16,SOX,-0.107648272422187
2028-11-16,NDX,0.07365797299374881
2028-11-16,XAU,-0.06714823333688003
2028-11-16,COPPER,-0.054296467651818586
2028-11-16,WTI,-0.06642072871108551
2028-11-16,BTC,0.02526377591816435
2028-11-16,ETH,-0.0
2028-11-16,US10Y,0.046856615875552995
2028-11-16,CN10Y,0.15092843210788245
2028-11-17,000300.SH,-0.0
2028-11-17,SPX,-0.01599734208948753
2028-11-17,HSI,-0.0
2028-11-17,N225,-0.004407600195696783
2028-11-17,SX5E,0.0023861096649740706
2028-11-17,000688.SH,-0.03224486964035565
2028-11-17,SOX,-0.12845808885701074
2028-11-17,NDX,0.06156647870661114
2028-11-17,XAU,-0.09237244842647381
2028-11-17,COPPER,-0.03639795463969073
2028-11-17,WTI,5.074375299986278e-05
2028-11-17,BTC,0.05799004716593292
2028-11-17,ETH,-0.0
2028-11-17,US10Y,0.04273549203074921
2028-11-17,CN10Y,0.14514943252745668
2028-11-20,000300.SH,-0.0
2028-11-20,SPX,-0.008168157632444878
2028-11-20,HSI,-0.0
2028-11-20,N225,-0.035488368380832004
2028-11-20,SX5E,0.014764182320301165
2028-11-20,000688.SH,-0.047954682281213155
2028-11-20,SOX,-0.15830330230229905
2028-11-20,NDX,0.08592695628072822
2028-11-20,XAU,-0.0923785123647233
2028-11-20,COPPER,-0.06888140716114217
2028-11-20,WTI,0.015362816819847316
2028-11-20,BTC,0.08958872204466509
2028-11-20,ETH,-0.0
2028-11-20,US10Y,0.04233602061953458
2028-11-20,CN10Y,0.1631957320375875
2028-11-21,000300.SH,-0.0
2028-11-21,SPX,-0.019620827174879833
2028-11-21,HSI,-0.0
2028-11-21,N225,0.00447999968598419
2028-11-21,SX5E,0.0059781824639236585
2028-11-21,000688.SH,-0.025347960703589537
2028-11-21,SOX,-0.1122351737098368
2028-11-21,NDX,0.0954348194147487
2028-11-21,XAU,-0.09837608270962761
2028-11-21,COPPER,-0.047642719259726976
2028-11-21,WTI,-0.03027976398241729
2028-11-21,BTC,0.0516138761496915
2028-11-21,ETH,-0.0
2028-11-21,US10Y,0.030498262728165706
2028-11-21,CN10Y,0.1454973870975733
2028-11-22,000300.SH,-0.0
2028-11-22,SPX,0.007511645024786098
2028-11-22,HSI,-0.0
2028-11-22,N225,-0.018273645887128737
2028-11-22,SX5E,0.023098190028432244
2028-11-22,000688.SH,-0.04881282774968007
2028-11-22,SOX,-0.11573955415397588
2028-11-22,NDX,0.09854805549659998
2028-11-22,XAU,-0.09202115261680974
2028-11-22,COPPER,-0.05738959256423367
2028-11-22,WTI,0.007668596669178573
2028-11-22,BTC,0.024965508813512158
2028-11-22,ETH,-0.0
2028-11-22,US10Y,0.005512752143230069
2028-11-22,CN10Y,0.16493202479609648
2028-11-23,000300.SH,-0.0
2028-11-23,SPX,0.01609518272362113
2028-11-23,HSI,-0.0
2028-11-23,N225,-0.015638222783527445
2028-11-23,SX5E,0.014792155111756234
2028-11-23,000688.SH,-0.05768188835863347
2028-11-23,SOX,-0.12499253756102562
2028-11-23,NDX,0.08891248424011154
2028-11-23,XAU,-0.08438634144968664
2028-11-23,COPPER,-0.06700303713935149
2028-11-23,WTI,-0.03196086787273612
2028-11-23,BTC,0.07796195075280851
2028-11-23,ETH,-0.0
2028-11-23,US10Y,0.0035513803881224663
2028-11-23,CN10Y,0.18034974194854714
2028-11-24,000300.SH,-0.0
2028-11-24,SPX,0.02070655520675584
2028-11-24,HSI,-0.0
2028-11-24,N225,-0.026826939907227055
2028-11-24,SX5E,0.007628955645381859
2028-11-24,000688.SH,-0.09080840095806188
2028-11-24,SOX,-0.12878466136359337
2028-11-24,NDX,0.06747305818761126
2028-11-24,XAU,-0.0658635846484258
2028-11-24,COPPER,-0.04616966841269117
2028-11-24,WTI,-0.009824657317773398
2028-11-24,BTC,0.10575332681070448
2028-11-24,ETH,-0.0
2028-11-24,US10Y,-0.002932463180364938
2028-11-24,CN10Y,0.16964847993769255
2028-11-27,000300.SH,-0.0
2028-11-27,SPX,0.03510405874095496
2028-11-27,HSI,-0.0
2028-11-27,N225,-0.03868249610963159
2028-11-27,SX5E,0.009609007159427724
2028-11-27,000688.SH,-0.055384067117369554
2028-11-27,SOX,-0.10113450946782301
2028-11-27,NDX,0.04855714571522411
2028-11-27,XAU,-0.07416987114262218
2028-11-27,COPPER,-0.05587899856937199
2028-11-27,WTI,-0.08631410074904174
2028-11-27,BTC,0.1115545223863261
2028-11-27,ETH,-0.0
2028-11-27,US10Y,0.017789763451465324
2028-11-27,CN10Y,0.1889495457024717
2028-11-28,000300.SH,-0.0
2028-11-28,SPX,0.02822007126737956
2028-11-28,HSI,-0.0
2028-11-28,N225,-0.0036766384764418195
2028-11-28,SX5E,0.022561950884682463
2028-11-28,000688.SH,-0.10414909141087829
2028-11-28,SOX,-0.07890212059873418
2028-11-28,NDX,0.05092438459910244
2028-11-28,XAU,-0.05003904873912268
2028-11-28,COPPER,-0.04217960787733567
2028-11-28,WTI,-0.07147453573561066
2028-11-28,BTC,0.0716357072112045
2028-11-28,ETH,-0.0
2028-11-28,US10Y,-0.0007670415951610172
2028-11-28,CN10Y,0.17784597047092482
2028-11-29,000300.SH,-0.0
2028-11-29,SPX,0.0111124910966936
2028-11-29,HSI,-0.0
2028-11-29,N225,-0.018113385851776777
2028-11-29,SX5E,0.0366847878091736
2028-11-29,000688.SH,-0.12546425554620144
2028-11-29,SOX,-0.0919514762114938
2028-11-29,NDX,0.05270863026103943
2028-11-29,XAU,-0.03933327675986516
2028-11-29,COPPER,-0.041982452745641996
2028-11-29,WTI,-0.07256080266339038
2028-11-29,BTC,0.10554285116871195
2028-11-29,ETH,-0.0
2028-11-29,US10Y,0.018774524431985982
2028-11-29,CN10Y,0.16458236501077306
2028-11-30,000300.SH,-0.0
2028-11-30,SPX,0.024142199089156303
2028-11-30,HSI,-0.0
2028-11-30,N225,-0.06135925869969854
2028-11-30,SX5E,0.02358280915901055
2028-11-30,000688.SH,-0.14655815564494815
2028-11-30,SOX,-0.10627791643041198
2028-11-30,NDX,0.02764773788585616
2028-11-30,XAU,-0.023226056719306182
2028-11-30,COPPER,-0.054391588498023405
2028-11-30,WTI,-0.015768068071101426
2028-11-30,BTC,0.1481978096046957
2028-11-30,ETH,-0.0
2028-11-30,US10Y,0.02963888159071723
2028-11-30,CN10Y,0.15437160673406136
2028-12-01,000300.SH,-0.0
2028-12-01,SPX,0.022996636215343785
2028-12-01,HSI,-0.0
2028-12-01,N225,-0.07014904275025842
2028-12-01,SX5E,0.00910324872499456
2028-12-01,000688.SH,-0.1723097274544895
2028-12-01,SOX,-0.12416316597223992
2028-12-01,NDX,0.03970133313943545
2028-12-01,XAU,-0.04653612382673036
2028-12-01,COPPER,-0.008598258141676257
2028-12-01,WTI,0.01223390328587163
2028-12-01,BTC,0.169596651432096
2028-12-01,ETH,-0.0
2028-12-01,US10Y,0.033009791430414465
2028-12-01,CN10Y,0.13511475391724545
2028-12-04,000300.SH,-0.0
2028-12-04,SPX,0.03317743554907503
2028-12-04,HSI,-0.0
2028-12-04,N225,-0.05365119945643897
2028-12-04,SX5E,-0.0006769743640405879
2028-12-04,000688.SH,-0.1746566581105006
2028-12-04,SOX,-0.08451932544129888
2028-12-04,NDX,0.0345802398351615
2028-12-04,XAU,-0.020363425976485366
2028-12-04,COPPER,-0.020131517682190056
2028-12-04,WTI,-0.04605659496013455
2028-12-04,BTC,0.1933876935173866
2028-12-04,ETH,-0.0
2028-12-04,US10Y,0.0287042486620769
2028-12-04,CN10Y,0.11020607842739386
2028-12-05,000300.SH,-0.0
2028-12-05,SPX,0.025626371788313188
2028-12-05,HSI,-0.0
2028-12-05,N225,-0.09674796183572652
2028-12-05,SX5E,0.02266926952511748
2028-12-05,000688.SH,-0.15522755770493532
2028-12-05,SOX,-0.05591558436846342
2028-12-05,NDX,0.03071030686607635
2028-12-05,XAU,0.004597796174733947
2028-12-05,COPPER,-0.0013670779819712105
2028-12-05,WTI,-0.13857784592827313
2028-12-05,BTC,0.19308263389553965
2028-12-05,ETH,-0.0
2028-12-05,US10Y,0.029663069966538756
2028-12-05,CN10Y,0.141486579603057
2028-12-06,000300.SH,-0.0
2028-12-06,SPX,0.02866440034422687
2028-12-06,HSI,-0.0
2028-12-06,N225,-0.0752272380143218
2028-12-06,SX5E,0.006493554360124585
2028-12-06,000688.SH,-0.17951438895734353
2028-12-06,SOX,-0.034645018080615014
2028-12-06,NDX,0.06732199592437915
2028-12-06,XAU,0.005047192309599609
2028-12-06,COPPER,-0.002346776325957696
2028-12-06,WTI,-0.10550144538749251
2028-12-06,BTC,0.14593257635157972
2028-12-06,ETH,-0.0
2028-12-06,US10Y,0.02004315290300069
2028-12-06,CN10Y,0.12373199457282454
2028-12-07,000300.SH,-0.0
2028-12-07,SPX,0.0409625546121826
2028-12-07,HSI,-0.0
2028-12-07,N225,-0.08364424228436483
2028-12-07,SX5E,-0.03004837419936346
2028-12-07,000688.SH,-0.18556705476450872
2028-12-07,SOX,0.012942447878296202
2028-12-07,NDX,0.05897853568111311
2028-12-07,XAU,-0.0011051149463987859
2028-12-07,COPPER,-0.03834353158771772
2028-12-07,WTI,-0.1295977077602796
2028-12-07,BTC,0.21008145329796776
2028-12-07,ETH,-0.0
2028-12-07,US10Y,0.02404296982801324
2028-12-07,CN10Y,0.12129806424506497
2028-12-08,000300.SH,-0.0
2028-12-08,SPX,0.02873486982808192
2028-12-08,HSI,-0.0
2028-12-08,N225,-0.06493912492774682
2028-12-08,SX5E,-0.030533453193440814
2028-12-08,000688.SH,-0.2200416503415844
2028-12-08,SOX,0.09743927534399097
2028-12-08,NDX,0.05772234053001398
2028-12-08,XAU,0.0014235709269132656
2028-12-08,COPPER,-0.04590475311096498
2028-12-08,WTI,-0.11439865651992778
2028-12-08,BTC,0.16321348355102583
2028-12-08,ETH,-0.0
2028-12-08,US10Y,0.021644439769248215
2028-12-08,CN10Y,0.10563965814439417
2028-12-11,000300.SH,-0.0
2028-12-11,SPX,-0.0019743983859771778
2028-12-11,HSI,-0.0
2028-12-11,N225,-0.07250492912013176
2028-12-11,SX5E,-0.05162865739639713
2028-12-11,000688.SH,-0.20191673914410546
2028-12-11,SOX,0.04236634385879494
2028-12-11,NDX,0.04477107495922383
2028-12-11,XAU,0.007330476159575706
2028-12-11,COPPER,-0.037341182870390593
2028-12-11,WTI,-0.08655329117961523
2028-12-11,BTC,0.21042878865962406
2028-12-11,ETH,-0.0
2028-12-11,US10Y,0.032681780623895144
2028-12-11,CN10Y,0.11434073383550765
2028-12-12,000300.SH,-0.0
2028-12-12,SPX,-0.0038460743663240697
2028-12-12,HSI,-0.0
2028-12-12,N225,-0.057601995847995455
2028-12-12,SX5E,-0.032601454437320654
2028-12-12,000688.SH,-0.18202507800639808
2028-12-12,SOX,0.04012056811757292
2028-12-12,NDX,0.027923243779030073
2028-12-12,XAU,0.01452375029466493
2028-12-12,COPPER,-0.029154303240785957
2028-12-12,WTI,-0.09978973281178478
2028-12-12,BTC,0.2030394871426626
2028-12-12,ETH,-0.0
2028-12-12,US10Y,0.027047642255365607
2028-12-12,CN10Y,0.09236394712131649
2028-12-13,000300.SH,-0.0
2028-12-13,SPX,-0.012408260224836754
2028-12-13,HSI,-0.0
2028-12-13,N225,-0.00414323343975977
2028-12-13,SX5E,-0.03425102560601602
2028-12-13,000688.SH,-0.17235426624932387
2028-12-13,SOX,0.05795825420471331
2028-12-13,NDX,0.03021248832073003
2028-12-13,XAU,0.032119142666553024
2028-12-13,COPPER,-0.05247572306175996
2028-12-13,WTI,-0.10087689002751225
2028-12-13,BTC,0.16667595184425715
2028-12-13,ETH,-0.0
2028-12-13,US10Y,0.023114315401712653
2028-12-13,CN10Y,0.06642924617124632
2028-12-14,000300.SH,-0.0
2028-12-14,SPX,0.0030302918237793317
2028-12-14,HSI,-0.0
2028-12-14,N225,0.016956772357525074
2028-12-14,SX5E,-0.018148328711449217
2028-12-14,000688.SH,-0.16067910081163578
2028-12-14,SOX,0.05955277424314119
2028-12-14,NDX,0.042264299290830414
2028-12-14,XAU,0.03691306077299166
2028-12-14,COPPER,-0.0482826315873967
2028-12-14,WTI,-0.09210289603625194
2028-12-14,BTC,0.12022438928616096
2028-12-14,ETH,-0.0
2028-12-14,US10Y,0.023109429146201198
2028-12-14,CN10Y,0.01716194022610751
2028-12-15,000300.SH,-0.0
2028-12-15,SPX,0.006146384921214487
2028-12-15,HSI,-0.0
2028-12-15,N225,0.0010654979614136122
2028-12-15,SX5E,-0.022855530827898353
2028-12-15,000688.SH,-0.10423916169362447
2028-12-15,SOX,0.06845878035027073
2028-12-15,NDX,0.02498016046683308
2028-12-15,XAU,0.060946746337290636
2028-12-15,COPPER,-0.07469851514633986
2028-12-15,WTI,-0.07352178180159279
2028-12-15,BTC,0.09545932501289622
2028-12-15,ETH,-0.0
2028-12-15,US10Y,0.01629080720012743
2028-12-15,CN10Y,0.0019672872194139634
2028-12-18,000300.SH,-0.0
2028-12-18,SPX,0.01536846700240537
2028-12-18,HSI,-0.0
2028-12-18,N225,0.05106199450368118
2028-12-18,SX5E,-0.022196931637703345
2028-12-18,000688.SH,-0.11739316081974921
2028-12-18,SOX,0.031119947364694492
2028-12-18,NDX,0.006080969178303475
2028-12-18,XAU,0.0572271020087929
2028-12-18,COPPER,-0.0664807931083631
2028-12-18,WTI,-0.005690856230356898
2028-12-18,BTC,0.048766520029810495
2028-12-18,ETH,-0.0
2028-12-18,US10Y,0.004382059423642988
2028-12-18,CN10Y,-0.002245317715153643
2028-12-19,000300.SH,-0.0
2028-12-19,SPX,0.04430095066698774
2028-12-19,HSI,-0.0
2028-12-19,N225,0.026473035298033923
2028-12-19,SX5E,-0.03540620051168721
2028-12-19,000688.SH,-0.13629166469970108
2028-12-19,SOX,0.04342595323142787
2028-12-19,NDX,-0.015634947385888366
2028-12-19,XAU,0.06815589430896217
2028-12-19,COPPER,-0.0752842395339459
2028-12-19,WTI,-0.008905860113816602
2028-12-19,BTC,0.06060384790486507
2028-12-19,ETH,-0.0
2028-12-19,US10Y,0.007260653846936375
2028-12-19,CN10Y,0.021302576987830786
2028-12-20,000300.SH,-0.0
2028-12-20,SPX,0.01851202117056202
2028-12-20,HSI,-0.0
2028-12-20,N225,0.008665130793575842
2028-12-20,SX5E,-0.04606617976488973
2028-12-20,000688.SH,-0.15051824378675777
2028-12-20,SOX,0.03898994561221591
2028-12-20,NDX,-0.023589833620930204
2028-12-20,XAU,0.05441764805818285
2028-12-20,COPPER,-0.05870090867235954
2028-12-20,WTI,-0.03572582898355035
2028-12-20,BTC,0.14342895975065584
2028-12-20,ETH,-0.0
2028-12-20,US10Y,0.03472308835746127
2028-12-20,CN10Y,0.01586420108583922
2028-12-21,000300.SH,-0.0
2028-12-21,SPX,0.014841474904539652
2028-12-21,HSI,-0.0
2028-12-21,N225,0.0274435616153922
2028-12-21,SX5E,-0.04473943156026636
2028-12-21,000688.SH,-0.1582440354867632
2028-12-21,SOX,-0.051260766396787574
2028-12-21,NDX,-0.015225918279654011
2028-12-21,XAU,0.05086405562700399
2028-12-21,COPPER,-0.03423451588405937
2028-12-21,WTI,-0.021221515174667194
2028-12-21,BTC,0.16093899950407084
2028-12-21,ETH,-0.0
2028-12-21,US10Y,0.031389502412696266
2028-12-21,CN10Y,0.03944858871849847
2028-12-22,000300.SH,-0.0
2028-12-22,SPX,-0.0015970634736399425
2028-12-22,HSI,-0.0
2028-12-22,N225,0.054963638407673356
2028-12-22,SX5E,-0.027041776240419448
2028-12-22,000688.SH,-0.17066542176451416
2028-12-22,SOX,-0.06145203776456414
2028-12-22,NDX,-0.011626695214657434
2028-12-22,XAU,0.023911938548902917
2028-12-22,COPPER,-0.021569335493209236
2028-12-22,WTI,-0.034884097542612354
2028-12-22,BTC,0.16743538393136448
2028-12-22,ETH,-0.0
2028-12-22,US10Y,0.061279889320670834
2028-12-22,CN10Y,0.02124557728500756
2028-12-25,000300.SH,-0.0
2028-12-25,SPX,-0.013906940366174056
2028-12-25,HSI,-0.0
2028-12-25,N225,0.09929735817379912
2028-12-25,SX5E,0.01513188454781447
2028-12-25,000688.SH,-0.20497287381112492
2028-12-25,SOX,-0.07130465400380423
2028-12-25,NDX,-0.005379685338705787
2028-12-25,XAU,0.03646215955026877
2028-12-25,COPPER,-0.008496364952456075
2028-12-25,WTI,-0.048323435236111593
2028-12-25,BTC,0.16032269412914607
2028-12-25,ETH,-0.0
2028-12-25,US10Y,0.055760284600548625
2028-12-25,CN10Y,-0.014590427293198852
2028-12-26,000300.SH,-0.0
2028-12-26,SPX,-0.025833493610049725
2028-12-26,HSI,-0.0
2028-12-26,N225,0.08489873078360383
2028-12-26,SX5E,0.010379392805141989
2028-12-26,000688.SH,-0.16713720246019587
2028-12-26,SOX,-0.09230922646681018
2028-12-26,NDX,0.03171300054374774
2028-12-26,XAU,0.02834404152426422
2028-12-26,COPPER,-0.03405034887765939
2028-12-26,WTI,-0.07840097697450915
2028-12-26,BTC,0.21404001128297295
2028-12-26,ETH,-0.0
2028-12-26,US10Y,0.06603878086963037
2028-12-26,CN10Y,-0.03768270942013329
2028-12-27,000300.SH,-0.0
2028-12-27,SPX,-0.0028428370426748792
2028-12-27,HSI,-0.0
2028-12-27,N225,0.10914140502377266
2028-12-27,SX5E,0.011278797830374193
2028-12-27,000688.SH,-0.18737990238277402
2028-12-27,SOX,-0.1179076925300518
2028-12-27,NDX,0.01188631320534236
2028-12-27,XAU,0.038147798080615414
2028-12-27,COPPER,-0.043961725833749465
2028-12-27,WTI,-0.026577657589155604
2028-12-27,BTC,0.19554727850902245
2028-12-27,ETH,-0.0
2028-12-27,US10Y,0.05902597272602623
2028-12-27,CN10Y,-0.046357749996744725
2028-12-28,000300.SH,-0.0
2028-12-28,SPX,-0.039974203891847054
2028-12-28,HSI,-0.0
2028-12-28,N225,0.08713889109076073
2028-12-28,SX5E,0.01809317508881272
2028-12-28,000688.SH,-0.2136148862189693
2028-12-28,SOX,-0.10961173740683917
2028-12-28,NDX,0.039236645945768936
2028-12-28,XAU,0.04588808886280513
2028-12-28,COPPER,0.0019887446582382354
2028-12-28,WTI,-0.003923858230827783
2028-12-28,BTC,0.14128331065552535
2028-12-28,ETH,-0.0
2028-12-28,US10Y,0.0558334161773875
2028-12-28,CN10Y,-0.02233758673081292
2028-12-29,000300.SH,-0.0
2028-12-29,SPX,-0.04453496783888123
2028-12-29,HSI,-0.0
2028-12-29,N225,0.06830229540437043
2028-12-29,SX5E,0.026136275130363668
2028-12-29,000688.SH,-0.17957449779852136
2028-12-29,SOX,-0.12886750227865373
2028-12-29,NDX,0.040984800589780164
2028-12-29,XAU,0.041964450578142756
2028-12-29,COPPER,-0.0074310012105458486
2028-12-29,WTI,0.04557581556440382
2028-12-29,BTC,0.09805186455167982
2028-12-29,ETH,-0.0
2028-12-29,US10Y,0.06802701792274768
2028-12-29,CN10Y,-0.02863455061488629
2029-01-01,000300.SH,-0.0
2029-01-01,SPX,-0.059177008577039225
2029-01-01,HSI,-0.0
2029-01-01,N225,0.055285968409465605
2029-01-01,SX5E,0.04628526637259041
2029-01-01,000688.SH,-0.1919107897074476
2029-01-01,SOX,-0.13748478911748135
2029-01-01,NDX,0.050080098989379505
2029-01-01,XAU,0.04168518823108325
2029-01-01,COPPER,-0.021685950905793325
2029-01-01,WTI,0.09501281874437609
2029-01-01,BTC,0.04902782426466888
2029-01-01,ETH,-0.0
2029-01-01,US10Y,0.07895324790622145
2029-01-01,CN10Y,-0.006071874610022163
2029-01-02,000300.SH,-0.0
2029-01-02,SPX,-0.043876218219287506
2029-01-02,HSI,-0.0
2029-01-02,N225,0.06238853916394449
2029-01-02,SX5E,0.03749101414254853
2029-01-02,000688.SH,-0.20989296144027222
2029-01-02,SOX,-0.11162468664613266
2029-01-02,NDX,0.049440128004684725
2029-01-02,XAU,0.03586963289224254
2029-01-02,COPPER,-0.019951584562376015
2029-01-02,WTI,0.13189270806695022
2029-01-02,BTC,0.01591934145287258
2029-01-02,ETH,-0.0
2029-01-02,US10Y,0.07471020667313241
2029-01-02,CN10Y,-0.022366119528307686
2029-01-03,000300.SH,-0.0
2029-01-03,SPX,-0.06286553496299577
2029-01-03,HSI,-0.0
2029-01-03,N225,0.05557166602239461
2029-01-03,SX5E,0.05779055555576319
2029-01-03,000688.SH,-0.1696884584747335
2029-01-03,SOX,-0.13358411600456774
2029-01-03,NDX,0.007672545314862691
2029-01-03,XAU,0.02483788043925259
2029-01-03,COPPER,-0.003632474902194786
2029-01-03,WTI,0.12250106670603249
2029-01-03,BTC,0.03197285537196849
2029-01-03,ETH,-0.0
2029-01-03,US10Y,0.09224145633010751
2029-01-03,CN10Y,-0.022817441395891
2029-01-04,000300.SH,-0.0
2029-01-04,SPX,-0.06335362429914676
2029-01-04,HSI,-0.0
2029-01-04,N225,0.073315824090408
2029-01-04,SX5E,0.07368919621792307
2029-01-04,000688.SH,-0.153734191612735
2029-01-04,SOX,-0.11995754588729542
2029-01-04,NDX,0.013643929767720758
2029-01-04,XAU,0.013813572060297017
2029-01-04,COPPER,-0.01380096919704744
2029-01-04,WTI,0.08362656713827374
2029-01-04,BTC,0.0296073110638465
2029-01-04,ETH,-0.0
2029-01-04,US10Y,0.08838404109699168
2029-01-04,CN10Y,-0.025234110439237525
2029-01-05,000300.SH,-0.0
2029-01-05,SPX,-0.03440724678207721
2029-01-05,HSI,-0.0
2029-01-05,N225,0.06155755818524349
2029-01-05,SX5E,0.0616953893234265
2029-01-05,000688.SH,-0.14744066637289208
2029-01-05,SOX,-0.15733652156319994
2029-01-05,NDX,0.03166154227057022
2029-01-05,XAU,0.022947608157973552
2029-01-05,COPPER,-0.02597981036287807
2029-01-05,WTI,0.09489535342395129
2029-01-05,BTC,0.020837397215145374
2029-01-05,ETH,-0.0
2029-01-05,US10Y,0.08670051417224407
2029-01-05,CN10Y,-0.015131117667510664
2029-01-08,000300.SH,-0.0
2029-01-08,SPX,-0.03027434318958258
2029-01-08,HSI,-0.0
2029-01-08,N225,0.0740121624057317
2029-01-08,SX5E,0.07916853233051993
2029-01-08,000688.SH,-0.186677251142004
2029-01-08,SOX,-0.13050707270122586
2029-01-08,NDX,0.0528294431685912
2029-01-08,XAU,0.010158171043243942
2029-01-08,COPPER,-0.02616298541593326
2029-01-08,WTI,0.06602644354940576
2029-01-08,BTC,0.024266643507996958
2029-01-08,ETH,-0.0
2029-01-08,US10Y,0.0959801890306746
2029-01-08,CN10Y,-0.028819932587422367
2029-01-09,000300.SH,-0.0
2029-01-09,SPX,-0.02617345679953093
2029-01-09,HSI,-0.0
2029-01-09,N225,0.07990599846093037
2029-01-09,SX5E,0.040424450928653474
2029-01-09,000688.SH,-0.2193183722941234
2029-01-09,SOX,-0.08665077505748787
2029-01-09,NDX,0.053135835407599356
2029-01-09,XAU,-0.00319873799197174
2029-01-09,COPPER,-0.018592153151926777
2029-01-09,WTI,0.05121977280606045
2029-01-09,BTC,0.05423275577862501
2029-01-09,ETH,-0.0
2029-01-09,US10Y,0.08623062426292973
2029-01-09,CN10Y,-0.011215942349760727
2029-01-10,000300.SH,-0.0
2029-01-10,SPX,-0.036809810035816806
2029-01-10,HSI,-0.0
2029-01-10,N225,0.048407117436814556
2029-01-10,SX5E,0.045612197380342105
2029-01-10,000688.SH,-0.22795119880893855
2029-01-10,SOX,-0.0543199945578666
2029-01-10,NDX,0.049713230522717894
2029-01-10,XAU,-0.01793095977775968
2029-01-10,COPPER,0.0025405413826259104
2029-01-10,WTI,0.08823626026124795
2029-01-10,BTC,0.04323247275370288
2029-01-10,ETH,-0.0
2029-01-10,US10Y,0.07407475436603854
2029-01-10,CN10Y,-0.014804610923111894
2029-01-11,000300.SH,-0.0
2029-01-11,SPX,-0.04696672632844591
2029-01-11,HSI,-0.0
2029-01-11,N225,0.03826782193285813
2029-01-11,SX5E,0.037084413804653195
2029-01-11,000688.SH,-0.21716865913662972
2029-01-11,SOX,-0.1220661792669892
2029-01-11,NDX,0.043060058137760204
2029-01-11,XAU,-0.003352059526133277
2029-01-11,COPPER,-0.002591288909911284
2029-01-11,WTI,0.1131574338725225
2029-01-11,BTC,0.06772059038985723
2029-01-11,ETH,-0.0
2029-01-11,US10Y,0.0607386304601174
2029-01-11,CN10Y,0.03211596457033794
2029-01-12,000300.SH,-0.0
2029-01-12,SPX,-0.02840462753279971
2029-01-12,HSI,-0.0
2029-01-12,N225,0.0003092487695250251
2029-01-12,SX5E,0.05430567281972266
2029-01-12,000688.SH,-0.20110004695789785
2029-01-12,SOX,-0.1178998325564956
2029-01-12,NDX,0.03346286194921985
2029-01-12,XAU,0.005581546311094043
2029-01-12,COPPER,0.01321009017986281
2029-01-12,WTI,0.030949455783521373
2029-01-12,BTC,0.09997484702350534
2029-01-12,ETH,-0.0
2029-01-12,US10Y,0.0688051578856403
2029-01-12,CN10Y,0.04080562632509841
2029-01-15,000300.SH,-0.0
2029-01-15,SPX,-0.04308234946650766
2029-01-15,HSI,-0.0
2029-01-15,N225,-0.0040043869263579265
2029-01-15,SX5E,0.059257290656068815
2029-01-15,000688.SH,-0.19196065716379943
2029-01-15,SOX,-0.12982708276573354
2029-01-15,NDX,0.016592363557389002
2029-01-15,XAU,-0.01629199492737874
2029-01-15,COPPER,0.021022384151892365
2029-01-15,WTI,0.06696284832598552
2029-01-15,BTC,0.14060407213814322
2029-01-15,ETH,-0.0
2029-01-15,US10Y,0.0709250957631007
2029-01-15,CN10Y,0.009802416657196021
2029-01-16,000300.SH,-0.0
2029-01-16,SPX,-0.05030903437546774
2029-01-16,HSI,-0.0
2029-01-16,N225,-0.0022448450347780265
2029-01-16,SX5E,0.04004670356371208
2029-01-16,000688.SH,-0.18806603293885332
2029-01-16,SOX,-0.141711763858199
2029-01-16,NDX,0.07448103054489744
2029-01-16,XAU,-0.024756317551810254
2029-01-16,COPPER,0.00989830957456569
2029-01-16,WTI,0.09871642953736366
2029-01-16,BTC,0.16515563398227895
2029-01-16,ETH,-0.0
2029-01-16,US10Y,0.05254120575195688
2029-01-16,CN10Y,-0.03375131919566841
2029-01-17,000300.SH,-0.0
2029-01-17,SPX,-0.05758579048633145
2029-01-17,HSI,-0.0
2029-01-17,N225,0.018592148382888803
2029-01-17,SX5E,0.02414562360420295
2029-01-17,000688.SH,-0.18912339528481142
2029-01-17,SOX,-0.11412248387964194
2029-01-17,NDX,0.06490904681500173
2029-01-17,XAU,0.0011065626147164567
2029-01-17,COPPER,0.010649304298553661
2029-01-17,WTI,0.10444692332498388
2029-01-17,BTC,0.11894178055091306
2029-01-17,ETH,-0.0
2029-01-17,US10Y,0.037062445824011574
2029-01-17,CN10Y,-0.019022165764489257
2029-01-18,000300.SH,-0.0
2029-01-18,SPX,-0.034050201006015426
2029-01-18,HSI,-0.0
2029-01-18,N225,0.01199040536418128
2029-01-18,SX5E,0.03030641048980899
2029-01-18,000688.SH,-0.18624197367461923
2029-01-18,SOX,-0.09236530528580131
2029-01-18,NDX,0.07137994970392542
2029-01-18,XAU,0.008233469171356799
2029-01-18,COPPER,0.006446350838038899
2029-01-18,WTI,0.05806711329745105
2029-01-18,BTC,0.1325287813593526
2029-01-18,ETH,-0.0
2029-01-18,US10Y,0.04115486525086033
2029-01-18,CN10Y,-0.047449865508541876
2029-01-19,000300.SH,-0.0
2029-01-19,SPX,-0.03582448956769252
2029-01-19,HSI,-0.0
2029-01-19,N225,0.01528667108477321
2029-01-19,SX5E,0.01581023142593551
2029-01-19,000688.SH,-0.14185441202026555
2029-01-19,SOX,-0.0645275565260923
2029-01-19,NDX,0.07977176884659798
2029-01-19,XAU,0.02363338816806226
2029-01-19,COPPER,-0.0006815333300073797
2029-01-19,WTI,0.020759722138013623
2029-01-19,BTC,0.09484727512656785
2029-01-19,ETH,-0.0
2029-01-19,US10Y,0.026668124537034425
2029-01-19,CN10Y,-0.03388918988293027
2029-01-22,000300.SH,-0.0
2029-01-22,SPX,-0.04168662280660424
2029-01-22,HSI,-0.0
2029-01-22,N225,-0.03391562309262922
2029-01-22,SX5E,0.0034766674606316796
2029-01-22,000688.SH,-0.11947511745623163
2029-01-22,SOX,-0.07382092373244904
2029-01-22,NDX,0.07155322969607737
2029-01-22,XAU,0.041109403427609714
2029-01-22,COPPER,-0.02564143964407848
2029-01-22,WTI,0.054869449809853824
2029-01-22,BTC,0.13101200476106034
2029-01-22,ETH,-0.0
2029-01-22,US10Y,0.025050981498231314
2029-01-22,CN10Y,-0.03253200992147469
2029-01-23,000300.SH,-0.0
2029-01-23,SPX,-0.01730678288168895
2029-01-23,HSI,-0.0
2029-01-23,N225,-0.07225891574339613
2029-01-23,SX5E,0.0242759192008715
2029-01-23,000688.SH,-0.12841002119478295
2029-01-23,SOX,-0.06418355195151454
2029-01-23,NDX,0.048399091867283986
2029-01-23,XAU,0.029854350742121068
2029-01-23,COPPER,-0.023052117361837137
2029-01-23,WTI,0.042698434315039946
2029-01-23,BTC,0.148910076016221
2029-01-23,ETH,-0.0
2029-01-23,US10Y,0.04750607018177927
2029-01-23,CN10Y,-0.03643255319010224
2029-01-24,000300.SH,-0.0
2029-01-24,SPX,-0.0253200102994115
2029-01-24,HSI,-0.0
2029-01-24,N225,-0.06768996312301175
2029-01-24,SX5E,0.03577972093283953
2029-01-24,000688.SH,-0.07316021648940067
2029-01-24,SOX,-0.012806412995147384
2029-01-24,NDX,0.07138984772554535
2029-01-24,XAU,0.00817448158942078
2029-01-24,COPPER,-0.03511920468088574
2029-01-24,WTI,-0.0052751655731617855
2029-01-24,BTC,0.10003116801513762
2029-01-24,ETH,-0.0
2029-01-24,US10Y,0.02399697082945258
2029-01-24,CN10Y,-0.020001215931382044
2029-01-25,000300.SH,-0.0
2029-01-25,SPX,0.009671705343183887
2029-01-25,HSI,-0.0
2029-01-25,N225,-0.03319313763457403
2029-01-25,SX5E,0.014232664167318124
2029-01-25,000688.SH,-0.04943313963388504
2029-01-25,SOX,0.0008988800898149492
2029-01-25,NDX,0.07788778948401145
2029-01-25,XAU,0.0008574572944001833
2029-01-25,COPPER,-0.07340160801745342
2029-01-25,WTI,-0.03838014596505265
2029-01-25,BTC,0.12489231455006167
2029-01-25,ETH,-0.0
2029-01-25,US10Y,0.0009044919341989408
2029-01-25,CN10Y,-0.03493727161202744
2029-01-26,000300.SH,-0.0
2029-01-26,SPX,0.0126735575837694
2029-01-26,HSI,-0.0
2029-01-26,N225,-0.03441738709333127
2029-01-26,SX5E,-0.009971883241964324
2029-01-26,000688.SH,-0.019994125076099975
2029-01-26,SOX,0.05089046361981055
2029-01-26,NDX,0.08579642126630342
2029-01-26,XAU,0.015934299017347525
2029-01-26,COPPER,-0.08518894322704418
2029-01-26,WTI,-0.13676834878463703
2029-01-26,BTC,0.16058517430555502
2029-01-26,ETH,-0.0
2029-01-26,US10Y,-0.028705532104063132
2029-01-26,CN10Y,-0.010833696265649626
2029-01-29,000300.SH,-0.0
2029-01-29,SPX,0.02860835454305309
2029-01-29,HSI,-0.0
2029-01-29,N225,-0.007670379316490908
2029-01-29,SX5E,-0.018767729487555652
2029-01-29,000688.SH,0.0007652181780903166
2029-01-29,SOX,0.04676774851276001
2029-01-29,NDX,0.07801260927946817
2029-01-29,XAU,0.008924159678370767
2029-01-29,COPPER,-0.07606354643722911
2029-01-29,WTI,-0.11505565735385112
2029-01-29,BTC,0.13163641428671977
2029-01-29,ETH,-0.0
2029-01-29,US10Y,-0.06502274531445366
2029-01-29,CN10Y,-0.012134446568883683
2029-01-30,000300.SH,-0.0
2029-01-30,SPX,0.032161864516987645
2029-01-30,HSI,-0.0
2029-01-30,N225,0.009945279165618753
2029-01-30,SX5E,-0.0444797437717968
2029-01-30,000688.SH,0.008810985983081013
2029-01-30,SOX,0.03921600683286157
2029-01-30,NDX,0.06232908252022437
2029-01-30,XAU,-0.00982664679687491
2029-01-30,COPPER,-0.06908979379728675
2029-01-30,WTI,-0.11581533717942308
2029-01-30,BTC,0.1795551148117937
2029-01-30,ETH,-0.0
2029-01-30,US10Y,-0.07884860360010405
2029-01-30,CN10Y,-0.013958208685080395
2029-01-31,000300.SH,-0.0
2029-01-31,SPX,0.03720273435342483
2029-01-31,HSI,-0.0
2029-01-31,N225,0.013282645074919835
2029-01-31,SX5E,-0.06981901710169655
2029-01-31,000688.SH,-0.02254689856486916
2029-01-31,SOX,0.05285704174413323
2029-01-31,NDX,0.0771154123611338
2029-01-31,XAU,-0.01421971244002102
2029-01-31,COPPER,-0.07349387389056536
2029-01-31,WTI,-0.13375101652343496
2029-01-31,BTC,0.21368967144311032
2029-01-31,ETH,-0.0
2029-01-31,US10Y,-0.0634689634625841
2029-01-31,CN10Y,-0.016848022993548196
2029-02-01,000300.SH,-0.0
2029-02-01,SPX,0.032376666178073686
2029-02-01,HSI,-0.0
2029-02-01,N225,0.004043472711130105
2029-02-01,SX5E,-0.08870221330184627
2029-02-01,000688.SH,-0.021508321278161845
2029-02-01,SOX,0.07240752295367982
2029-02-01,NDX,0.07521750397552301
2029-02-01,XAU,0.012765697626007514
2029-02-01,COPPER,-0.053319527638164
2029-02-01,WTI,-0.13961352535475105
2029-02-01,BTC,0.18345844101867745
2029-02-01,ETH,-0.0
2029-02-01,US10Y,-0.08185759183678482
2029-02-01,CN10Y,0.004731874946619488
2029-02-02,000300.SH,-0.0
2029-02-02,SPX,0.030825104069239283
2029-02-02,HSI,-0.0
2029-02-02,N225,0.015411027612115723
2029-02-02,SX5E,-0.10102588946870222
2029-02-02,000688.SH,-0.009082533048337222
2029-02-02,SOX,0.05738822183032341
2029-02-02,NDX,0.05946590667495189
2029-02-02,XAU,0.007591442383917818
2029-02-02,COPPER,-0.04748423035962314
2029-02-02,WTI,-0.13368011978711894
2029-02-02,BTC,0.19530024043189298
2029-02-02,ETH,-0.0
2029-02-02,US10Y,-0.07985709416402509
2029-02-02,CN10Y,0.005147923825371969
2029-02-05,000300.SH,-0.0
2029-02-05,SPX,0.0288011104053129
2029-02-05,HSI,-0.0
2029-02-05,N225,0.0028362983613229864
2029-02-05,SX5E,-0.10344503313785584
2029-02-05,000688.SH,-0.00641884699154981
2029-02-05,SOX,0.08485765048904939
2029-02-05,NDX,0.04234552436165396
2029-02-05,XAU,-0.011013836237981406
2029-02-05,COPPER,-0.040834744510116046
2029-02-05,WTI,-0.12780524829274983
2029-02-05,BTC,0.1818077430630068
2029-02-05,ETH,-0.0
2029-02-05,US10Y,-0.09014783097344911
2029-02-05,CN10Y,0.039017213463361906
2029-02-06,000300.SH,-0.0
2029-02-06,SPX,0.009586483923007892
2029-02-06,HSI,-0.0
2029-02-06,N225,-0.008670677933326251
2029-02-06,SX5E,-0.06904786914337858
2029-02-06,000688.SH,0.059046948871750854
2029-02-06,SOX,0.06031909374471751
2029-02-06,NDX,0.03256046849899306
2029-02-06,XAU,-0.011760350636110195
2029-02-06,COPPER,-0.041450206363569
2029-02-06,WTI,-0.07711881806205524
2029-02-06,BTC,0.07062946055387091
2029-02-06,ETH,-0.0
2029-02-06,US10Y,-0.07681535785197739
2029-02-06,CN10Y,0.052720824398081775
2029-02-07,000300.SH,-0.0
2029-02-07,SPX,0.013042830077359253
2029-02-07,HSI,-0.0
2029-02-07,N225,-0.009427203784730546
2029-02-07,SX5E,-0.07786385325908642
2029-02-07,000688.SH,0.03530361718485184
2029-02-07,SOX,0.030483026440656057
2029-02-07,NDX,0.05277684388492682
2029-02-07,XAU,-0.006932099439828197
2029-02-07,COPPER,-0.06077104707990958
2029-02-07,WTI,-0.1086727329410429
2029-02-07,BTC,0.15517867328595608
2029-02-07,ETH,-0.0
2029-02-07,US10Y,-0.08674712758780792
2029-02-07,CN10Y,0.06362907321866218
2029-02-08,000300.SH,-0.0
2029-02-08,SPX,0.02588685674819252
2029-02-08,HSI,-0.0
2029-02-08,N225,-0.03784586616575887
2029-02-08,SX5E,-0.10965534587417637
2029-02-08,000688.SH,0.05853974628898754
2029-02-08,SOX,0.08052841833023475
2029-02-08,NDX,0.05212413502692493
2029-02-08,XAU,-0.020953779506986674
2029-02-08,COPPER,-0.04331740526574429
2029-02-08,WTI,-0.13337984186943627
2029-02-08,BTC,0.20010218650665682
2029-02-08,ETH,-0.0
2029-02-08,US10Y,-0.0796032389064161
2029-02-08,CN10Y,0.007574134687526615
2029-02-09,000300.SH,-0.0
2029-02-09,SPX,0.008158731345704329
2029-02-09,HSI,-0.0
2029-02-09,N225,-0.016080416783437718
2029-02-09,SX5E,-0.09861563448306872
2029-02-09,000688.SH,0.05498798621654358
2029-02-09,SOX,0.040704917064628685
2029-02-09,NDX,0.06511492687723477
2029-02-09,XAU,-0.03453288965353617
2029-02-09,COPPER,-0.036590061461781356
2029-02-09,WTI,-0.13601861138432605
2029-02-09,BTC,0.18961624306966302
2029-02-09,ETH,-0.0
2029-02-09,US10Y,-0.08078732103917245
2029-02-09,CN10Y,0.04404213023155217
2029-02-12,000300.SH,-0.0
2029-02-12,SPX,0.005180466340575731
2029-02-12,HSI,-0.0
2029-02-12,N225,-0.03915738772269272
2029-02-12,SX5E,-0.10479352909733679
2029-02-12,000688.SH,0.07116859237886107
2029-02-12,SOX,0.04762423329298356
2029-02-12,NDX,0.0777490394269612
2029-02-12,XAU,-0.031707349961738525
2029-02-12,COPPER,-0.047125536750695744
2029-02-12,WTI,-0.18483660577617345
2029-02-12,BTC,0.19781940034163048
2029-02-12,ETH,-0.0
2029-02-12,US10Y,-0.07541276184628283
2029-02-12,CN10Y,0.08349143937391115
2029-02-13,000300.SH,-0.0
2029-02-13,SPX,-0.006719697523895619
2029-02-13,HSI,-0.0
2029-02-13,N225,-0.0456184522478956
2029-02-13,SX5E,-0.0894937942749825
2029-02-13,000688.SH,0.07748479189185067
2029-02-13,SOX,0.04371472992403182
2029-02-13,NDX,-0.0021026519527425555
2029-02-13,XAU,-0.00657437319580817
2029-02-13,COPPER,-0.04550570830339767
2029-02-13,WTI,-0.232026322229422
2029-02-13,BTC,0.22239631759437695
2029-02-13,ETH,-0.0
2029-02-13,US10Y,-0.07816604592401613
2029-02-13,CN10Y,0.16261120624190345
2029-02-14,000300.SH,-0.0
2029-02-14,SPX,-0.016423544136562475
2029-02-14,HSI,-0.0
2029-02-14,N225,-0.061677563323573235
2029-02-14,SX5E,-0.07595202917391278
2029-02-14,000688.SH,0.09468336287959143
2029-02-14,SOX,0.04851097281388217
2029-02-14,NDX,0.024966478017990214
2029-02-14,XAU,-0.01831554527165779
2029-02-14,COPPER,-0.07042641742245395
2029-02-14,WTI,-0.21161591248589715
2029-02-14,BTC,0.19432880355138243
2029-02-14,ETH,-0.0
2029-02-14,US10Y,-0.07303381569273125
2029-02-14,CN10Y,0.16495521024394497
2029-02-15,000300.SH,-0.0
2029-02-15,SPX,-0.02215594361554182
2029-02-15,HSI,-0.0
2029-02-15,N225,-0.0463914897782152
2029-02-15,SX5E,-0.06488849289272508
2029-02-15,000688.SH,0.09354112710819985
2029-02-15,SOX,0.08761898783436897
2029-02-15,NDX,0.026405718941157504
2029-02-15,XAU,-0.02867723875943789
2029-02-15,COPPER,-0.09055806200582789
2029-02-15,WTI,-0.1617817969068402
2029-02-15,BTC,0.11563709803718322
2029-02-15,ETH,-0.0
2029-02-15,US10Y,-0.07970198457499819
2029-02-15,CN10Y,0.17095207661268053
2029-02-16,000300.SH,-0.0
2029-02-16,SPX,-0.011405640748593751
2029-02-16,HSI,-0.0
2029-02-16,N225,-0.055480242140141044
2029-02-16,SX5E,-0.034878325840726435
2029-02-16,000688.SH,0.04418151910524665
2029-02-16,SOX,0.02090992285149887
2029-02-16,NDX,0.028844118001061694
2029-02-16,XAU,-0.020819107091051267
2029-02-16,COPPER,-0.09272535833548062
2029-02-16,WTI,-0.10616530206266078
2029-02-16,BTC,0.12139157001027417
2029-02-16,ETH,-0.0
2029-02-16,US10Y,-0.08012960243294583
2029-02-16,CN10Y,0.18627644868352405
2029-02-19,000300.SH,-0.0
2029-02-19,SPX,0.011951117086251158
2029-02-19,HSI,-0.0
2029-02-19,N225,-0.07362801638510527
2029-02-19,SX5E,-0.018222808935050815
2029-02-19,000688.SH,0.045672672126640126
2029-02-19,SOX,0.05930549995892197
2029-02-19,NDX,0.014812729217253802
2029-02-19,XAU,-0.02147885778379914
2029-02-19,COPPER,-0.06480754503980454
2029-02-19,WTI,-0.14028484895843796
2029-02-19,BTC,0.07105591602709896
2029-02-19,ETH,-0.0
2029-02-19,US10Y,-0.08623512503600637
2029-02-19,CN10Y,0.20185926772204466
2029-02-20,000300.SH,-0.0
2029-02-20,SPX,-0.022594312826948095
2029-02-20,HSI,-0.0
2029-02-20,N225,-0.041466492529158655
2029-02-20,SX5E,-0.026852971814671896
2029-02-20,000688.SH,0.04549622372357359
2029-02-20,SOX,0.06953775082470123
2029-02-20,NDX,0.038320684532881025
2029-02-20,XAU,-0.03917440173421121
2029-02-20,COPPER,-0.040875957789601985
2029-02-20,WTI,-0.1065421061737562
2029-02-20,BTC,-0.015420437074270092
2029-02-20,ETH,-0.0
2029-02-20,US10Y,-0.10594339631752103
2029-02-20,CN10Y,0.24551541717898923
2029-02-21,000300.SH,-0.0
2029-02-21,SPX,-0.006440114437426803
2029-02-21,HSI,-0.0
2029-02-21,N225,-0.04175528537611241
2029-02-21,SX5E,-0.045967558762040964
2029-02-21,000688.SH,0.032965244077600285
2029-02-21,SOX,-0.01583347493146428
2029-02-21,NDX,0.025430231579302125
2029-02-21,XAU,-0.027540503107847197
2029-02-21,COPPER,0.004812447153967531
2029-02-21,WTI,-0.0796935332934508
2029-02-21,BTC,0.0025176514732000894
2029-02-21,ETH,-0.0
2029-02-21,US10Y,-0.0870975674575494
2029-02-21,CN10Y,0.23860246308182784
2029-02-22,000300.SH,-0.0
2029-02-22,SPX,-0.03479024124819008
2029-02-22,HSI,-0.0
2029-02-22,N225,-0.023106756058416417
2029-02-22,SX5E,-0.020325280313472457
2029-02-22,000688.SH,0.05967494262340915
2029-02-22,SOX,-0.015063768369489021
2029-02-22,NDX,0.019144056965133084
2029-02-22,XAU,0.0008008747735211638
2029-02-22,COPPER,0.006830794778914394
2029-02-22,WTI,-0.11347185821413411
2029-02-22,BTC,-0.05246058450494359
2029-02-22,ETH,-0.0
2029-02-22,US10Y,-0.06957970922154687
2029-02-22,CN10Y,0.24234752878921967
2029-02-23,000300.SH,-0.0
2029-02-23,SPX,-0.03425011541059085
2029-02-23,HSI,-0.0
2029-02-23,N225,-0.010792416733759327
2029-02-23,SX5E,-0.0010898972570128672
2029-02-23,000688.SH,0.03473890797050782
2029-02-23,SOX,-0.005460740757861519
2029-02-23,NDX,0.012406380321842743
2029-02-23,XAU,-0.01650217497072371
2029-02-23,COPPER,0.023904513721832308
2029-02-23,WTI,-0.09422491959027311
2029-02-23,BTC,-0.06172691371666329
2029-02-23,ETH,-0.0
2029-02-23,US10Y,-0.08092916332499886
2029-02-23,CN10Y,0.23392653974770744
2029-02-26,000300.SH,-0.0
2029-02-26,SPX,-0.04840729450719135
2029-02-26,HSI,-0.0
2029-02-26,N225,-0.03263866776835225
2029-02-26,SX5E,-0.010571475716827247
2029-02-26,000688.SH,0.032012881859520975
2029-02-26,SOX,-0.026310567655315437
2029-02-26,NDX,0.024030243994756575
2029-02-26,XAU,-0.01504042118739805
2029-02-26,COPPER,0.05820283872694845
2029-02-26,WTI,-0.1165759185961496
2029-02-26,BTC,-0.0178619090367484
2029-02-26,ETH,-0.0
2029-02-26,US10Y,-0.059996979454952686
2029-02-26,CN10Y,0.2131572693417137
2029-02-27,000300.SH,-0.0
2029-02-27,SPX,-0.07135317930315732
2029-02-27,HSI,-0.0
2029-02-27,N225,-0.03469049365295793
2029-02-27,SX5E,0.01177919077993417
2029-02-27,000688.SH,0.06695432647877603
2029-02-27,SOX,-0.049161260027948545
2029-02-27,NDX,0.018799684767118185
2029-02-27,XAU,-0.021779548416454908
2029-02-27,COPPER,0.08198261090139877
2029-02-27,WTI,-0.10281567757723664
2029-02-27,BTC,-0.06577221139841759
2029-02-27,ETH,-0.0
2029-02-27,US10Y,-0.04338048750028366
2029-02-27,CN10Y,0.2094370449492336
2029-02-28,000300.SH,-0.0
2029-02-28,SPX,-0.06578340820217181
2029-02-28,HSI,-0.0
2029-02-28,N225,-0.05667068245062311
2029-02-28,SX5E,0.024121837036422927
2029-02-28,000688.SH,0.0870104302163785
2029-02-28,SOX,-0.014981988584733461
2029-02-28,NDX,0.03504017417388936
2029-02-28,XAU,0.003349540017644358
2029-02-28,COPPER,0.06119400916923725
2029-02-28,WTI,-0.12177612537981891
2029-02-28,BTC,-0.11423408139125252
2029-02-28,ETH,-0.0
2029-02-28,US10Y,-0.06972916305923745
2029-02-28,CN10Y,0.23245945845426946
2029-03-01,000300.SH,-0.0
2029-03-01,SPX,-0.06557767615924817
2029-03-01,HSI,-0.0
2029-03-01,N225,-0.06885282711166522
2029-03-01,SX5E,0.05625250477987814
2029-03-01,000688.SH,0.08187985170293531
2029-03-01,SOX,-0.029404341742195195
2029-03-01,NDX,0.03237840595078946
2029-03-01,XAU,-0.03245780591736932
2029-03-01,COPPER,0.05764971353688371
2029-03-01,WTI,-0.07382387735522969
2029-03-01,BTC,-0.1271394540281035
2029-03-01,ETH,-0.0
2029-03-01,US10Y,-0.06691619209891266
2029-03-01,CN10Y,0.23601169844224243
2029-03-02,000300.SH,-0.0
2029-03-02,SPX,-0.06469499661581472
2029-03-02,HSI,-0.0
2029-03-02,N225,-0.06917551962332935
2029-03-02,SX5E,0.06218352437724088
2029-03-02,000688.SH,0.07217278302837762
2029-03-02,SOX,-0.0907935892460994
2029-03-02,NDX,0.040254051304967085
2029-03-02,XAU,-0.03198110273127053
2029-03-02,COPPER,0.0920044944437303
2029-03-02,WTI,-0.06485284409466119
2029-03-02,BTC,-0.09762974802677457
2029-03-02,ETH,-0.0
2029-03-02,US10Y,-0.0792883317804508
2029-03-02,CN10Y,0.23180127896408978
2029-03-05,000300.SH,-0.0
2029-03-05,SPX,-0.06229316558843722
2029-03-05,HSI,-0.0
2029-03-05,N225,-0.08189194667750002
2029-03-05,SX5E,0.05062464009343609
2029-03-05,000688.SH,0.07402025989577458
2029-03-05,SOX,-0.08617760557095104
2029-03-05,NDX,0.03369488006528433
2029-03-05,XAU,-0.014976646121832606
2029-03-05,COPPER,0.10348630391291064
2029-03-05,WTI,-0.04747894206865957
2029-03-05,BTC,-0.13097495620381966
2029-03-05,ETH,-0.0
2029-03-05,US10Y,-0.06429335799015236
2029-03-05,CN10Y,0.2262605362539541
2029-03-06,000300.SH,-0.0
2029-03-06,SPX,-0.023381795393164102
2029-03-06,HSI,-0.0
2029-03-06,N225,-0.07562301112581292
2029-03-06,SX5E,0.019790858060673835
2029-03-06,000688.SH,0.060737556244420184
2029-03-06,SOX,-0.09219511109234615
2029-03-06,NDX,0.054182083346623916
2029-03-06,XAU,-0.02409016375127052
2029-03-06,COPPER,0.10132354368260253
2029-03-06,WTI,-0.09958123784606904
2029-03-06,BTC,-0.05298243771783431
2029-03-06,ETH,-0.0
2029-03-06,US10Y,-0.06806538465272466
2029-03-06,CN10Y,0.19988510024490658
2029-03-07,000300.SH,-0.0
2029-03-07,SPX,-0.020283909487813244
2029-03-07,HSI,-0.0
2029-03-07,N225,-0.05230152435529671
2029-03-07,SX5E,0.04245999885903263
2029-03-07,000688.SH,0.050100232686149944
2029-03-07,SOX,-0.1067763977684539
2029-03-07,NDX,0.05148786511197191
2029-03-07,XAU,-0.0017638881901732711
2029-03-07,COPPER,0.09043081415469562
2029-03-07,WTI,-0.0820496924481719
2029-03-07,BTC,-0.13120970970210066
2029-03-07,ETH,-0.0
2029-03-07,US10Y,-0.06490983993036116
2029-03-07,CN10Y,0.2248160510705238
2029-03-08,000300.SH,-0.0
2029-03-08,SPX,-0.022529366942502488
2029-03-08,HSI,-0.0
2029-03-08,N225,-0.03335580613776482
2029-03-08,SX5E,0.06903581960048716
2029-03-08,000688.SH,0.014413876588757143
2029-03-08,SOX,-0.09283335408123572
2029-03-08,NDX,0.028198208692535795
2029-03-08,XAU,-0.008155543447342048
2029-03-08,COPPER,0.07727539384145987
2029-03-08,WTI,-0.048435076768768535
2029-03-08,BTC,-0.1254748263455686
2029-03-08,ETH,-0.0
2029-03-08,US10Y,-0.07051534036815624
2029-03-08,CN10Y,0.21237601536810158
2029-03-09,000300.SH,-0.0
2029-03-09,SPX,-0.03239588070748338
2029-03-09,HSI,-0.0
2029-03-09,N225,-0.03254536676275997
2029-03-09,SX5E,0.05468391701717576
2029-03-09,000688.SH,0.01925270294679773
2029-03-09,SOX,-0.07601872417571322
2029-03-09,NDX,0.03189542106619104
2029-03-09,XAU,0.014670455168959033
2029-03-09,COPPER,0.06821851069585995
2029-03-09,WTI,0.0034042806717145303
2029-03-09,BTC,-0.15043311751615368
2029-03-09,ETH,-0.0
2029-03-09,US10Y,-0.0784698942822452
2029-03-09,CN10Y,0.17773769587765975
2029-03-12,000300.SH,-0.0
2029-03-12,SPX,-0.016177157078068487
2029-03-12,HSI,-0.0
2029-03-12,N225,-0.039673174484405715
2029-03-12,SX5E,0.04196851754142823
2029-03-12,000688.SH,-0.006693756463748408
2029-03-12,SOX,-0.04185316652266177
2029-03-12,NDX,0.026549725869009704
2029-03-12,XAU,0.03978682718261581
2029-03-12,COPPER,0.036530228283139544
2029-03-12,WTI,0.03704613861286675
2029-03-12,BTC,-0.1871787424670228
2029-03-12,ETH,-0.0
2029-03-12,US10Y,-0.08442318578885152
2029-03-12,CN10Y,0.19411774531569959
2029-03-13,000300.SH,-0.0
2029-03-13,SPX,-0.019473241772905846
2029-03-13,HSI,-0.0
2029-03-13,N225,-0.01922118350126123
2029-03-13,SX5E,0.04980675433139835
2029-03-13,000688.SH,0.015500320934657485
2029-03-13,SOX,-0.04832797895893016
2029-03-13,NDX,0.04187523972999703
2029-03-13,XAU,0.019010118890977094
2029-03-13,COPPER,0.06790785028812392
2029-03-13,WTI,0.024665188677085136
2029-03-13,BTC,-0.23179609491611494
2029-03-13,ETH,-0.0
2029-03-13,US10Y,-0.05705440980343256
2029-03-13,CN10Y,0.15710743610040714
2029-03-14,000300.SH,-0.0
2029-03-14,SPX,0.007841750503841319
2029-03-14,HSI,-0.0
2029-03-14,N225,-0.006833923743344573
2029-03-14,SX5E,0.04206093389154829
2029-03-14,000688.SH,-0.043985268452946494
2029-03-14,SOX,-0.011339820261114152
2029-03-14,NDX,0.017153634328619223
2029-03-14,XAU,0.018000982883942154
2029-03-14,COPPER,0.1052987980159654
2029-03-14,WTI,-0.006856300787464872
2029-03-14,BTC,-0.18416222487894546
2029-03-14,ETH,-0.0
2029-03-14,US10Y,-0.046331506842428344
2029-03-14,CN10Y,0.10915294534232857
2029-03-15,000300.SH,-0.0
2029-03-15,SPX,-0.013477425988351355
2029-03-15,HSI,-0.0
2029-03-15,N225,0.0038795630051374763
2029-03-15,SX5E,0.020773075324992216
2029-03-15,000688.SH,-0.022634515409058954
2029-03-15,SOX,-0.019063105053904874
2029-03-15,NDX,0.004055443051353228
2029-03-15,XAU,0.019144949679531304
2029-03-15,COPPER,0.10137990497687842
2029-03-15,WTI,-0.0797904338921122
2029-03-15,BTC,-0.12266428433811732
2029-03-15,ETH,-0.0
2029-03-15,US10Y,-0.011942297714905414
2029-03-15,CN10Y,0.12033912635855912
2029-03-16,000300.SH,-0.0
2029-03-16,SPX,-0.02384581894346127
2029-03-16,HSI,-0.0
2029-03-16,N225,-0.0013771166087654663
2029-03-16,SX5E,-0.012582236808162481
2029-03-16,000688.SH,0.0192894589196406
2029-03-16,SOX,0.050246453225717094
2029-03-16,NDX,-0.03302540911071254
2029-03-16,XAU,0.0056573187911973626
2029-03-16,COPPER,0.111506633634592
2029-03-16,WTI,-0.10235856863589718
2029-03-16,BTC,-0.08836120840005887
2029-03-16,ETH,-0.0
2029-03-16,US10Y,-0.02037793997766604
2029-03-16,CN10Y,0.09522843391357488
2029-03-19,000300.SH,-0.0
2029-03-19,SPX,-0.021746380678535935
2029-03-19,HSI,-0.0
2029-03-19,N225,0.0277133517950578
2029-03-19,SX5E,-0.032620728665324436
2029-03-19,000688.SH,0.027703057180819432
2029-03-19,SOX,0.001668788053324488
2029-03-19,NDX,-0.011785437028447775
2029-03-19,XAU,-0.006187858081781432
2029-03-19,COPPER,0.11543529297525676
2029-03-19,WTI,-0.04159275604632105
2029-03-19,BTC,-0.11279724090294978
2029-03-19,ETH,-0.0
2029-03-19,US10Y,-0.0017008969971423274
2029-03-19,CN10Y,0.05591080839604064
2029-03-20,000300.SH,-0.0
2029-03-20,SPX,0.009728573236807954
2029-03-20,HSI,-0.0
2029-03-20,N225,0.003024099415906995
2029-03-20,SX5E,-0.04441264834144117
2029-03-20,000688.SH,0.05536506595209769
2029-03-20,SOX,-0.037923023071741044
2029-03-20,NDX,-0.024364278688457374
2029-03-20,XAU,0.02299180366081119
2029-03-20,COPPER,0.08905414367650806
2029-03-20,WTI,-0.04004054276673087
2029-03-20,BTC,-0.11111390629469994
2029-03-20,ETH,-0.0
2029-03-20,US10Y,0.0034926054740942953
2029-03-20,CN10Y,0.07419810774684307
2029-03-21,000300.SH,-0.0
2029-03-21,SPX,0.0003015374488199848
2029-03-21,HSI,-0.0
2029-03-21,N225,0.008433487807448547
2029-03-21,SX5E,-0.04506788307844879
2029-03-21,000688.SH,0.05610156791838031
2029-03-21,SOX,0.023232900282697234
2029-03-21,NDX,-0.02890682127141031
2029-03-21,XAU,0.0329531770427023
2029-03-21,COPPER,0.07317909086032416
2029-03-21,WTI,-0.0994332728745771
2029-03-21,BTC,-0.060076347431163496
2029-03-21,ETH,-0.0
2029-03-21,US10Y,-0.00974562888064805
2029-03-21,CN10Y,0.04902819217587455
2029-03-22,000300.SH,-0.0
2029-03-22,SPX,-0.0012649234087171342
2029-03-22,HSI,-0.0
2029-03-22,N225,-0.02407127745784449
2029-03-22,SX5E,-0.05235822491732841
2029-03-22,000688.SH,0.0606499437558726
2029-03-22,SOX,0.030335130420181072
2029-03-22,NDX,-0.05360623733048659
2029-03-22,XAU,0.025906074180520048
2029-03-22,COPPER,0.05918575995677435
2029-03-22,WTI,-0.07817199147766231
2029-03-22,BTC,0.015090742563912494
2029-03-22,ETH,-0.0
2029-03-22,US10Y,-0.006377076039523762
2029-03-22,CN10Y,0.024682079754303907
2029-03-23,000300.SH,-0.0
2029-03-23,SPX,-0.006539989891507045
2029-03-23,HSI,-0.0
2029-03-23,N225,0.004538483890177733
2029-03-23,SX5E,-0.05561915032761724
2029-03-23,000688.SH,0.034778245979710506
2029-03-23,SOX,0.01567547162794791
2029-03-23,NDX,-0.0766414503422242
2029-03-23,XAU,0.043682399081837124
2029-03-23,COPPER,0.07107897920298019
2029-03-23,WTI,-0.14448034502486812
2029-03-23,BTC,0.0754712177114144
2029-03-23,ETH,-0.0
2029-03-23,US10Y,0.010001774725129536
2029-03-23,CN10Y,0.028054363367019775
2029-03-26,000300.SH,-0.0
2029-03-26,SPX,-0.01432472067797709
2029-03-26,HSI,-0.0
2029-03-26,N225,-0.0008070171174147218
2029-03-26,SX5E,-0.018315645181789943
2029-03-26,000688.SH,0.012020552787723708
2029-03-26,SOX,0.06321193269269457
2029-03-26,NDX,-0.0886781515636407
2029-03-26,XAU,0.05404547334455227
2029-03-26,COPPER,0.060308374341235114
2029-03-26,WTI,-0.21417858202704232
2029-03-26,BTC,0.09466262137440819
2029-03-26,ETH,-0.0
2029-03-26,US10Y,0.02035964738653308
2029-03-26,CN10Y,0.0316955146407181
2029-03-27,000300.SH,-0.0
2029-03-27,SPX,-0.00013105125351456793
2029-03-27,HSI,-0.0
2029-03-27,N225,-0.03044468130001668
2029-03-27,SX5E,-0.015536174646535183
2029-03-27,000688.SH,-0.01764000539348269
2029-03-27,SOX,0.07191379620857755
2029-03-27,NDX,-0.05636904545195439
2029-03-27,XAU,0.059265540450674836
2029-03-27,COPPER,0.049172029066137574
2029-03-27,WTI,-0.14963620091752927
2029-03-27,BTC,0.06694119622859329
2029-03-27,ETH,-0.0
2029-03-27,US10Y,0.0038385195431095333
2029-03-27,CN10Y,0.018626077465938713
2029-03-28,000300.SH,-0.0
2029-03-28,SPX,-0.017377704000950286
2029-03-28,HSI,-0.0
2029-03-28,N225,-0.037119690604769315
2029-03-28,SX5E,-0.018988823759010797
2029-03-28,000688.SH,-0.038678796036485934
2029-03-28,SOX,0.07173518513047086
2029-03-28,NDX,-0.050630411583254306
2029-03-28,XAU,0.03203224325147797
2029-03-28,COPPER,0.07466830037175783
2029-03-28,WTI,-0.120727228098837
2029-03-28,BTC,0.1074612145851137
2029-03-28,ETH,-0.0
2029-03-28,US10Y,0.0013973103244067676
2029-03-28,CN10Y,-0.0037715995799209
2029-03-29,000300.SH,-0.0
2029-03-29,SPX,-0.020524362889284806
2029-03-29,HSI,-0.0
2029-03-29,N225,-0.006781089951863802
2029-03-29,SX5E,-0.03617352634635479
2029-03-29,000688.SH,-0.055002006574589465
2029-03-29,SOX,0.0644082312279899
2029-03-29,NDX,-0.06462098332178703
2029-03-29,XAU,0.052516178298642066
2029-03-29,COPPER,0.0509322764721757
2029-03-29,WTI,-0.10309814292167277
2029-03-29,BTC,0.12778218279926767
2029-03-29,ETH,-0.0
2029-03-29,US10Y,0.03536972744670666
2029-03-29,CN10Y,-0.04480848423923307
2029-03-30,000300.SH,-0.0
2029-03-30,SPX,-0.024152251907157744
2029-03-30,HSI,-0.0
2029-03-30,N225,-0.01374566583286946
2029-03-30,SX5E,-0.02262075319157413
2029-03-30,000688.SH,-0.00873494839587231
2029-03-30,SOX,0.08768185213602027
2029-03-30,NDX,-0.07019193082036955
2029-03-30,XAU,0.048241568915254766
2029-03-30,COPPER,0.018982671360392975
2029-03-30,WTI,-0.18994867100915255
2029-03-30,BTC,0.16297929064869443
2029-03-30,ETH,-0.0
2029-03-30,US10Y,0.03732942544251599
2029-03-30,CN10Y,-0.025820587345889226
2029-04-02,000300.SH,-0.0
2029-04-02,SPX,-0.022286938845537806
2029-04-02,HSI,-0.0
2029-04-02,N225,0.016612682264605914
2029-04-02,SX5E,-0.0015270457434010233
2029-04-02,000688.SH,-0.02465533026522285
2029-04-02,SOX,0.025336297281289076
2029-04-02,NDX,-0.056609639417007696
2029-04-02,XAU,0.030799529592199677
2029-04-02,COPPER,0.028143805743238486
2029-04-02,WTI,-0.20847953504341474
2029-04-02,BTC,0.2109433694056856
2029-04-02,ETH,-0.0
2029-04-02,US10Y,0.04577827178197185
2029-04-02,CN10Y,-0.044055466754414255
2029-04-03,000300.SH,-0.0
2029-04-03,SPX,-0.039591962293475946
2029-04-03,HSI,-0.0
2029-04-03,N225,-0.003394844322889296
2029-04-03,SX5E,0.027034741488703436
2029-04-03,000688.SH,-0.0033377268176207064
2029-04-03,SOX,0.03203095554855695
2029-04-03,NDX,-0.055077231336934124
2029-04-03,XAU,0.05753759093969763
2029-04-03,COPPER,0.003430115339145324
2029-04-03,WTI,-0.1860467088618338
2029-04-03,BTC,0.1676270162482885
2029-04-03,ETH,-0.0
2029-04-03,US10Y,0.03821763940248687
2029-04-03,CN10Y,-0.038429585334130094
2029-04-04,000300.SH,-0.0
2029-04-04,SPX,-0.013896269565590095
2029-04-04,HSI,-0.0
2029-04-04,N225,-0.05374500223204459
2029-04-04,SX5E,0.019114012266321836
2029-04-04,000688.SH,0.017578262080718908
2029-04-04,SOX,0.06773070537646594
2029-04-04,NDX,-0.05485447484180661
2029-04-04,XAU,0.034120642460721586
2029-04-04,COPPER,0.006396274476170645
2029-04-04,WTI,-0.13910939887765808
2029-04-04,BTC,0.17874947775029093
2029-04-04,ETH,-0.0
2029-04-04,US10Y,0.042973343053793446
2029-04-04,CN10Y,-0.10505757194738702
2029-04-05,000300.SH,-0.0
2029-04-05,SPX,-0.010667083908035415
2029-04-05,HSI,-0.0
2029-04-05,N225,-0.04418164342215607
2029-04-05,SX5E,0.022553685922917777
2029-04-05,000688.SH,0.029876566192625603
2029-04-05,SOX,0.05212711114514997
2029-04-05,NDX,-0.04239575456912689
2029-04-05,XAU,0.06318751191001548
2029-04-05,COPPER,-0.004719409705650426
2029-04-05,WTI,-0.16780591087210545
2029-04-05,BTC,0.1471443206614693
2029-04-05,ETH,-0.0
2029-04-05,US10Y,0.05045308331702811
2029-04-05,CN10Y,-0.09557247667213538
2029-04-06,000300.SH,-0.0
2029-04-06,SPX,0.0046398286071039135
2029-04-06,HSI,-0.0
2029-04-06,N225,-0.05226647536503301
2029-04-06,SX5E,0.02239047022702375
2029-04-06,000688.SH,0.046768079949217216
2029-04-06,SOX,0.02685204272585108
2029-04-06,NDX,-0.012381686425314821
2029-04-06,XAU,0.04457838090373895
2029-04-06,COPPER,-0.004014437521736017
2029-04-06,WTI,-0.19362674036025837
2029-04-06,BTC,0.19475499566430238
2029-04-06,ETH,-0.0
2029-04-06,US10Y,0.0400390718021545
2029-04-06,CN10Y,-0.117733530207052
2029-04-09,000300.SH,-0.0
2029-04-09,SPX,0.004090601039757574
2029-04-09,HSI,-0.0
2029-04-09,N225,-0.025770689296730168
2029-04-09,SX5E,0.02381319230500377
2029-04-09,000688.SH,0.05390898265902242
2029-04-09,SOX,0.0013433892850315387
2029-04-09,NDX,-0.017357755128574015
2029-04-09,XAU,0.006089676070528759
2029-04-09,COPPER,0.01822932511150544
2029-04-09,WTI,-0.2093436165275467
2029-04-09,BTC,0.26857193665983053
2029-04-09,ETH,-0.0
2029-04-09,US10Y,0.04918814555610868
2029-04-09,CN10Y,-0.17276318773394056
2029-04-10,000300.SH,-0.0
2029-04-10,SPX,0.02029798075807012
2029-04-10,HSI,-0.0
2029-04-10,N225,-0.023548267306239212
2029-04-10,SX5E,0.02166088860627356
2029-04-10,000688.SH,0.010229772333828414
2029-04-10,SOX,-0.026030890940306334
2029-04-10,NDX,0.013968959194082163
2029-04-10,XAU,-0.0027659486542476706
2029-04-10,COPPER,-0.01379719570470227
2029-04-10,WTI,-0.15032726632283624
2029-04-10,BTC,0.2721360303853348
2029-04-10,ETH,-0.0
2029-04-10,US10Y,0.05943106591946676
2029-04-10,CN10Y,-0.18125512826872667
2029-04-11,000300.SH,-0.0
2029-04-11,SPX,0.007127321361716316
2029-04-11,HSI,-0.0
2029-04-11,N225,-0.03412709140255251
2029-04-11,SX5E,0.036676585224775723
2029-04-11,000688.SH,0.040029386807907595
2029-04-11,SOX,-0.06715896335478036
2029-04-11,NDX,0.012669749909154086
2029-04-11,XAU,-0.01577377968592713
2029-04-11,COPPER,-0.034459659058730004
2029-04-11,WTI,-0.10273989940633294
2029-04-11,BTC,0.28127185098891383
2029-04-11,ETH,-0.0
2029-04-11,US10Y,0.030731835607654714
2029-04-11,CN10Y,-0.15424733699180296
2029-04-12,000300.SH,-0.0
2029-04-12,SPX,0.003690390927546614
2029-04-12,HSI,-0.0
2029-04-12,N225,-0.07333342043544039
2029-04-12,SX5E,0.04064777523385445
2029-04-12,000688.SH,0.011400234155438109
2029-04-12,SOX,-0.06411296264617389
2029-04-12,NDX,0.014126017801005773
2029-04-12,XAU,-0.00565336162461459
2029-04-12,COPPER,-0.009646535262863529
2029-04-12,WTI,0.008400988989001844
2029-04-12,BTC,0.24720565929045996
2029-04-12,ETH,-0.0
2029-04-12,US10Y,0.00592839762801645
2029-04-12,CN10Y,-0.17865318405623565
2029-04-13,000300.SH,-0.0
2029-04-13,SPX,-0.01638566420112861
2029-04-13,HSI,-0.0
2029-04-13,N225,-0.0828429023388249
2029-04-13,SX5E,0.06999898036807395
2029-04-13,000688.SH,-0.006682623714114785
2029-04-13,SOX,-0.08886597094068344
2029-04-13,NDX,0.0025402532229432256
2029-04-13,XAU,0.020912402021332516
2029-04-13,COPPER,-0.007987764516193274
2029-04-13,WTI,0.006100042705588695
2029-04-13,BTC,0.2660305064612537
2029-04-13,ETH,-0.0
2029-04-13,US10Y,0.003073278723327841
2029-04-13,CN10Y,-0.16589053779157834
2029-04-16,000300.SH,-0.0
2029-04-16,SPX,-0.016993620487329004
2029-04-16,HSI,-0.0
2029-04-16,N225,-0.06372747857530925
2029-04-16,SX5E,0.08259410379454069
2029-04-16,000688.SH,-0.024342980099554316
2029-04-16,SOX,-0.01766286609670068
2029-04-16,NDX,-0.004942412584754192
2029-04-16,XAU,0.02245070535625928
2029-04-16,COPPER,-0.02332755471715437
2029-04-16,WTI,-0.09098137429817926
2029-04-16,BTC,0.23776625450758213
2029-04-16,ETH,-0.0
2029-04-16,US10Y,0.0031952983108640663
2029-04-16,CN10Y,-0.10402807511026779
2029-04-17,000300.SH,-0.0
2029-04-17,SPX,-0.00993884999159401
2029-04-17,HSI,-0.0
2029-04-17,N225,-0.07466755561382157
2029-04-17,SX5E,0.08847244008241718
2029-04-17,000688.SH,-0.06491483995177444
2029-04-17,SOX,-0.023768941519717812
2029-04-17,NDX,-0.0008238454181413073
2029-04-17,XAU,-0.003918782662634707
2029-04-17,COPPER,0.014692269868021472
2029-04-17,WTI,-0.04042834959729308
2029-04-17,BTC,0.25276690524918555
2029-04-17,ETH,-0.0
2029-04-17,US10Y,0.003185593630745937
2029-04-17,CN10Y,-0.14065604407539634
2029-04-18,000300.SH,-0.0
2029-04-18,SPX,0.009216442639459768
2029-04-18,HSI,-0.0
2029-04-18,N225,-0.084516485274008
2029-04-18,SX5E,0.09443887499778954
2029-04-18,000688.SH,-0.06553820231502921
2029-04-18,SOX,-0.024974047576521028
2029-04-18,NDX,-0.00711678480208465
2029-04-18,XAU,-0.007783548804117041
2029-04-18,COPPER,0.024144993937626216
2029-04-18,WTI,-0.059000054055764396
2029-04-18,BTC,0.23444983069220318
2029-04-18,ETH,-0.0
2029-04-18,US10Y,-0.0028415172183515088
2029-04-18,CN10Y,-0.1104795022212063
2029-04-19,000300.SH,-0.0
2029-04-19,SPX,0.03099633422428954
2029-04-19,HSI,-0.0
2029-04-19,N225,-0.054263074128908385
2029-04-19,SX5E,0.11272874710756711
2029-04-19,000688.SH,-0.08455905839274969
2029-04-19,SOX,-0.05943121131807982
2029-04-19,NDX,-0.028787518811258767
2029-04-19,XAU,-0.02798116899362603
2029-04-19,COPPER,0.021452329320308182
2029-04-19,WTI,-0.019824147738415093
2029-04-19,BTC,0.2336099992502651
2029-04-19,ETH,-0.0
2029-04-19,US10Y,-0.026895728188102017
2029-04-19,CN10Y,-0.09704550233129579
2029-04-20,000300.SH,-0.0
2029-04-20,SPX,0.03751991813488879
2029-04-20,HSI,-0.0
2029-04-20,N225,-0.0752792900405999
2029-04-20,SX5E,0.11838543360256865
2029-04-20,000688.SH,-0.08850443956400225
2029-04-20,SOX,-0.08771639029687751
2029-04-20,NDX,-0.013853885764857434
2029-04-20,XAU,-0.03455809317307471
2029-04-20,COPPER,0.0033229322486647435
2029-04-20,WTI,0.03498698815270615
2029-04-20,BTC,0.21907870310060262
2029-04-20,ETH,-0.0
2029-04-20,US10Y,-0.02414890923545062
2029-04-20,CN10Y,-0.0892329671645735
2029-04-23,000300.SH,-0.0
2029-04-23,SPX,0.04857623645706064
2029-04-23,HSI,-0.0
2029-04-23,N225,-0.07997050604822747
2029-04-23,SX5E,0.08856900987294011
2029-04-23,000688.SH,-0.11540668483300667
2029-04-23,SOX,-0.11501609882501423
2029-04-23,NDX,-0.016623969316026006
2029-04-23,XAU,-0.03991733988003473
2029-04-23,COPPER,0.033525780496685274
2029-04-23,WTI,0.11975168373522811
2029-04-23,BTC,0.1624054540955514
2029-04-23,ETH,-0.0
2029-04-23,US10Y,-0.026303675614060464
2029-04-23,CN10Y,-0.059589890141101234
2029-04-24,000300.SH,-0.0
2029-04-24,SPX,0.040594185741304634
2029-04-24,HSI,-0.0
2029-04-24,N225,-0.06593528814149371
2029-04-24,SX5E,0.09861293316136142
2029-04-24,000688.SH,-0.09537137878212354
2029-04-24,SOX,-0.09345858021514676
2029-04-24,NDX,-0.05612582618673104
2029-04-24,XAU,-0.03429282978604281
2029-04-24,COPPER,0.026388501961538618
2029-04-24,WTI,0.07387754359599025
2029-04-24,BTC,0.19964170767329437
2029-04-24,ETH,-0.0
2029-04-24,US10Y,-0.005233272656012925
2029-04-24,CN10Y,-0.08869769636594158
2029-04-25,000300.SH,-0.0
2029-04-25,SPX,0.075736526285143
2029-04-25,HSI,-0.0
2029-04-25,N225,-0.05659428142156221
2029-04-25,SX5E,0.10112550815912934
2029-04-25,000688.SH,-0.06561242792141353
2029-04-25,SOX,-0.1030687457075904
2029-04-25,NDX,-0.0678234883336833
2029-04-25,XAU,-0.010099955738511437
2029-04-25,COPPER,-0.008529220772878586
2029-04-25,WTI,0.04528573203370805
2029-04-25,BTC,0.15870388588979822
2029-04-25,ETH,-0.0
2029-04-25,US10Y,0.004531219029245563
2029-04-25,CN10Y,-0.07365475150138964
2029-04-26,000300.SH,-0.0
2029-04-26,SPX,0.05527038604723836
2029-04-26,HSI,-0.0
2029-04-26,N225,-0.0886241618928346
2029-04-26,SX5E,0.12310378794692012
2029-04-26,000688.SH,-0.047533252131906685
2029-04-26,SOX,-0.12268494824371279
2029-04-26,NDX,-0.043571470806086345
2029-04-26,XAU,-0.0011853320797954314
2029-04-26,COPPER,0.005789397003660584
2029-04-26,WTI,-0.011297888176069422
2029-04-26,BTC,0.1965001816575964
2029-04-26,ETH,-0.0
2029-04-26,US10Y,-0.02247013763115539
2029-04-26,CN10Y,-0.04329656169386022
2029-04-27,000300.SH,-0.0
2029-04-27,SPX,0.043215349089499894
2029-04-27,HSI,-0.0
2029-04-27,N225,-0.08935168524255818
2029-04-27,SX5E,0.13917721857861706
2029-04-27,000688.SH,-0.057712772113964694
2029-04-27,SOX,-0.1100323538182406
2029-04-27,NDX,-0.019944354151387747
2029-04-27,XAU,-0.0019234440886031386
2029-04-27,COPPER,0.011366901860828536
2029-04-27,WTI,0.02661743553586801
2029-04-27,BTC,0.15089941165945106
2029-04-27,ETH,-0.0
2029-04-27,US10Y,-0.03101306797641174
2029-04-27,CN10Y,-0.06129863933310115
2029-04-30,000300.SH,-0.0
2029-04-30,SPX,0.06799145627301045
2029-04-30,HSI,-0.0
2029-04-30,N225,-0.08805149930292167
2029-04-30,SX5E,0.12617636219319692
2029-04-30,000688.SH,-0.045182533929666716
2029-04-30,SOX,-0.04221620036764348
2029-04-30,NDX,-0.018506142332013586
2029-04-30,XAU,-0.009419222248998339
2029-04-30,COPPER,-0.006662005733511663
2029-04-30,WTI,0.04533606105850753
2029-04-30,BTC,0.11069305131950963
2029-04-30,ETH,-0.0
2029-04-30,US10Y,-0.06477051042616408
2029-04-30,CN10Y,-0.07538881650330903
2029-05-01,000300.SH,-0.0
2029-05-01,SPX,0.07084596008298036
2029-05-01,HSI,-0.0
2029-05-01,N225,-0.11650258796514695
2029-05-01,SX5E,0.11006559896458348
2029-05-01,000688.SH,-0.05617038278803447
2029-05-01,SOX,0.003942883362231482
2029-05-01,NDX,-0.03981188632692941
2029-05-01,XAU,-0.011854350751376811
2029-05-01,COPPER,0.027476169683344175
2029-05-01,WTI,0.030409573453037537
2029-05-01,BTC,0.1140565501528086
2029-05-01,ETH,-0.0
2029-05-01,US10Y,-0.06270214538311814
2029-05-01,CN10Y,-0.06975538248438419
2029-05-02,000300.SH,-0.0
2029-05-02,SPX,0.05485791403380452
2029-05-02,HSI,-0.0
2029-05-02,N225,-0.08408185699061545
2029-05-02,SX5E,0.08946840728830713
2029-05-02,000688.SH,-0.013549386155999738
2029-05-02,SOX,0.01390385714117218
2029-05-02,NDX,-0.04431194879625941
2029-05-02,XAU,0.006944917767701847
2029-05-02,COPPER,0.024985758033358795
2029-05-02,WTI,-0.0352972828834668
2029-05-02,BTC,0.10017041405493379
2029-05-02,ETH,-0.0
2029-05-02,US10Y,-0.06604965143733615
2029-05-02,CN10Y,-0.047041142055605736
2029-05-03,000300.SH,-0.0
2029-05-03,SPX,0.04650346611233859
2029-05-03,HSI,-0.0
2029-05-03,N225,-0.11300535971273024
2029-05-03,SX5E,0.07765720046282873
2029-05-03,000688.SH,-0.036990634024622944
2029-05-03,SOX,0.04851459195508925
2029-05-03,NDX,-0.04464268836407784
2029-05-03,XAU,-0.035449390632631674
2029-05-03,COPPER,0.04849749484745246
2029-05-03,WTI,-0.03402054351821799
2029-05-03,BTC,0.12533280648206857
2029-05-03,ETH,-0.0
2029-05-03,US10Y,-0.07746220809876563
2029-05-03,CN10Y,-0.004934735508736347
2029-05-04,000300.SH,-0.0
2029-05-04,SPX,0.028862778170182422
2029-05-04,HSI,-0.0
2029-05-04,N225,-0.08816278813452848
2029-05-04,SX5E,0.062111455193466954
2029-05-04,000688.SH,-0.05964912746565816
2029-05-04,SOX,0.10940915943984889
2029-05-04,NDX,-0.09219187210446887
2029-05-04,XAU,-0.017391736997559953
2029-05-04,COPPER,0.06245175468293191
2029-05-04,WTI,0.005296808774310902
2029-05-04,BTC,0.06698642944038918
2029-05-04,ETH,-0.0
2029-05-04,US10Y,-0.06509118830026352
2029-05-04,CN10Y,-0.012631672698656721
2029-05-07,000300.SH,-0.0
2029-05-07,SPX,0.04522408846070761
2029-05-07,HSI,-0.0
2029-05-07,N225,-0.09855538741829191
2029-05-07,SX5E,0.07723684058365658
2029-05-07,000688.SH,-0.07276303461779252
2029-05-07,SOX,0.13019125711129545
2029-05-07,NDX,-0.08894923830156683
2029-05-07,XAU,-5.117158579564726e-05
2029-05-07,COPPER,0.07454749893895513
2029-05-07,WTI,0.00957927898272137
2029-05-07,BTC,-0.011927844410815947
2029-05-07,ETH,-0.0
2029-05-07,US10Y,-0.061234397278053056
2029-05-07,CN10Y,-0.0032978904650246537
2029-05-08,000300.SH,-0.0
2029-05-08,SPX,0.0626010151792142
2029-05-08,HSI,-0.0
2029-05-08,N225,-0.09126589633553006
2029-05-08,SX5E,0.08088703932653976
2029-05-08,000688.SH,-0.06837116582361069
2029-05-08,SOX,0.2170129438602952
2029-05-08,NDX,-0.1157046027962476
2029-05-08,XAU,0.0032090352517881848
2029-05-08,COPPER,0.07802712011891086
2029-05-08,WTI,-0.028957767147151363
2029-05-08,BTC,-0.06271977365448174
2029-05-08,ETH,-0.0
2029-05-08,US10Y,-0.08513261662316081
2029-05-08,CN10Y,0.01041466864343064
2029-05-09,000300.SH,-0.0
2029-05-09,SPX,0.06364764519370252
2029-05-09,HSI,-0.0
2029-05-09,N225,-0.08369280703004771
2029-05-09,SX5E,0.07188169799228529
2029-05-09,000688.SH,-0.07737876819230627
2029-05-09,SOX,0.21821798929220626
2029-05-09,NDX,-0.08889361186651158
2029-05-09,XAU,0.005551148584435586
2029-05-09,COPPER,0.06783868169491612
2029-05-09,WTI,-0.057067810657433014
2029-05-09,BTC,-0.08374430101975332
2029-05-09,ETH,-0.0
2029-05-09,US10Y,-0.07418454255786078
2029-05-09,CN10Y,0.03782467856636427
2029-05-10,000300.SH,-0.0
2029-05-10,SPX,0.05768578429780268
2029-05-10,HSI,-0.0
2029-05-10,N225,-0.07840776461341811
2029-05-10,SX5E,0.0729669987150535
2029-05-10,000688.SH,-0.05485016364788936
2029-05-10,SOX,0.22988867174379274
2029-05-10,NDX,-0.07395781412109083
2029-05-10,XAU,0.005416367871299869
2029-05-10,COPPER,0.05200261002486486
2029-05-10,WTI,-0.0768337276831091
2029-05-10,BTC,-0.11510028181069475
2029-05-10,ETH,-0.0
2029-05-10,US10Y,-0.07649127893388473
2029-05-10,CN10Y,0.05768059815727129
2029-05-11,000300.SH,-0.0
2029-05-11,SPX,0.06481288462986431
2029-05-11,HSI,-0.0
2029-05-11,N225,-0.07895964433105152
2029-05-11,SX5E,0.05663954205849317
2029-05-11,000688.SH,-0.04365323584184983
2029-05-11,SOX,0.2594992350267347
2029-05-11,NDX,-0.011154011972119661
2029-05-11,XAU,-0.027886353255334714
2029-05-11,COPPER,0.034843687147484606
2029-05-11,WTI,-0.08314849195016674
2029-05-11,BTC,-0.1573926186580677
2029-05-11,ETH,-0.0
2029-05-11,US10Y,-0.05494051358277174
2029-05-11,CN10Y,0.04133952072878363
2029-05-14,000300.SH,-0.0
2029-05-14,SPX,0.046341861379822206
2029-05-14,HSI,-0.0
2029-05-14,N225,-0.1113593987278006
2029-05-14,SX5E,0.05696751674633459
2029-05-14,000688.SH,-0.052291856242313854
2029-05-14,SOX,0.2548561994548997
2029-05-14,NDX,-0.013576961619196824
2029-05-14,XAU,-0.0390404089180674
2029-05-14,COPPER,0.041243839269903396
2029-05-14,WTI,-0.003023534330940582
2029-05-14,BTC,-0.0917923446431927
2029-05-14,ETH,-0.0
2029-05-14,US10Y,-0.07881246936907119
2029-05-14,CN10Y,-0.00951244300037814
2029-05-15,000300.SH,-0.0
2029-05-15,SPX,0.038911751735898246
2029-05-15,HSI,-0.0
2029-05-15,N225,-0.0575873554288831
2029-05-15,SX5E,0.0659164924590199
2029-05-15,000688.SH,0.009033408082576126
2029-05-15,SOX,0.23873524238176225
2029-05-15,NDX,-0.03649359126107661
2029-05-15,XAU,-0.011724704151398417
2029-05-15,COPPER,0.01910646289714562
2029-05-15,WTI,-0.07180468968747458
2029-05-15,BTC,-0.11789342449544099
2029-05-15,ETH,-0.0
2029-05-15,US10Y,-0.0835818274285462
2029-05-15,CN10Y,0.0073822348964145655
2029-05-16,000300.SH,-0.0
2029-05-16,SPX,0.02217430934529165
2029-05-16,HSI,-0.0
2029-05-16,N225,-0.08793100202740578
2029-05-16,SX5E,0.05475160102767079
2029-05-16,000688.SH,0.015220418904555395
2029-05-16,SOX,0.2541645342971112
2029-05-16,NDX,-0.05261863263766346
2029-05-16,XAU,-0.024761652312495296
2029-05-16,COPPER,-0.01593026403664003
2029-05-16,WTI,0.024378065277821603
2029-05-16,BTC,-0.12921093523328472
2029-05-16,ETH,-0.0
2029-05-16,US10Y,-0.06998032988919523
2029-05-16,CN10Y,0.009743887284230143
2029-05-17,000300.SH,-0.0
2029-05-17,SPX,0.005398961412747906
2029-05-17,HSI,-0.0
2029-05-17,N225,-0.1348518992186665
2029-05-17,SX5E,0.03158931439935466
2029-05-17,000688.SH,0.009362286743613609
2029-05-17,SOX,0.25185385282011863
2029-05-17,NDX,-0.03447461064877676
2029-05-17,XAU,-0.025596605722907916
2029-05-17,COPPER,-0.004090232073940736
2029-05-17,WTI,0.062280979477269564
2029-05-17,BTC,-0.12148490974897697
2029-05-17,ETH,-0.0
2029-05-17,US10Y,-0.05220630772791684
2029-05-17,CN10Y,0.01221917028807733
2029-05-18,000300.SH,-0.0
2029-05-18,SPX,0.01387662111855699
2029-05-18,HSI,-0.0
2029-05-18,N225,-0.14385689596552587
2029-05-18,SX5E,0.03483255467168918
2029-05-18,000688.SH,0.0009025053615613308
2029-05-18,SOX,0.24844416969971744
2029-05-18,NDX,-0.028510278103838504
2029-05-18,XAU,-0.03674833295602491
2029-05-18,COPPER,-0.006128629993225327
2029-05-18,WTI,0.08445145384702858
2029-05-18,BTC,-0.11016866516024393
2029-05-18,ETH,-0.0
2029-05-18,US10Y,-0.0345652576758837
2029-05-18,CN10Y,-0.02252924484381705
2029-05-21,000300.SH,-0.0
2029-05-21,SPX,0.038718237961552174
2029-05-21,HSI,-0.0
2029-05-21,N225,-0.13740157111455512
2029-05-21,SX5E,0.042303555995986765
2029-05-21,000688.SH,0.026468167039069703
2029-05-21,SOX,0.2351830290907679
2029-05-21,NDX,-0.014734909774630132
2029-05-21,XAU,-0.028653937236794436
2029-05-21,COPPER,-0.040085591251606746
2029-05-21,WTI,0.07084933517636958
2029-05-21,BTC,-0.11035104172313942
2029-05-21,ETH,-0.0
2029-05-21,US10Y,-0.029306790158504892
2029-05-21,CN10Y,-0.05298848400451983
2029-05-22,000300.SH,-0.0
2029-05-22,SPX,0.06935044017589104
2029-05-22,HSI,-0.0
2029-05-22,N225,-0.13003729949647833
2029-05-22,SX5E,0.03249730767980473
2029-05-22,000688.SH,0.048976110329731135
2029-05-22,SOX,0.2336569871369279
2029-05-22,NDX,-0.0032936078916865306
2029-05-22,XAU,-0.03136636254985736
2029-05-22,COPPER,-0.056132260637983405
2029-05-22,WTI,0.03259304602762307
2029-05-22,BTC,-0.1472066242304704
2029-05-22,ETH,-0.0
2029-05-22,US10Y,-0.03321671469541486
2029-05-22,CN10Y,-0.015821021848091442
2029-05-23,000300.SH,-0.0
2029-05-23,SPX,0.06616833950513863
2029-05-23,HSI,-0.0
2029-05-23,N225,-0.1281050044341855
2029-05-23,SX5E,0.04708936741550756
2029-05-23,000688.SH,0.03702455501340421
2029-05-23,SOX,0.17530400018261225
2029-05-23,NDX,-0.016980634833181723
2029-05-23,XAU,-0.04907861048878753
2029-05-23,COPPER,-0.03855047527570679
2029-05-23,WTI,0.06360651794760658
2029-05-23,BTC,-0.13992725433025108
2029-05-23,ETH,-0.0
2029-05-23,US10Y,-0.03384340312368754
2029-05-23,CN10Y,0.017292602421528223
2029-05-24,000300.SH,-0.0
2029-05-24,SPX,0.09361772598336598
2029-05-24,HSI,-0.0
2029-05-24,N225,-0.09988219872356278
2029-05-24,SX5E,0.01317790289582365
2029-05-24,000688.SH,0.02654484634621419
2029-05-24,SOX,0.17855597436412313
2029-05-24,NDX,0.002091563844880469
2029-05-24,XAU,-0.060677937263018226
2029-05-24,COPPER,-0.030998704397877698
2029-05-24,WTI,0.07985560905204987
2029-05-24,BTC,-0.1619730292586354
2029-05-24,ETH,-0.0
2029-05-24,US10Y,-0.030462230130827953
2029-05-24,CN10Y,-0.009849522712537149
2029-05-25,000300.SH,-0.0
2029-05-25,SPX,0.10305384122292771
2029-05-25,HSI,-0.0
2029-05-25,N225,-0.10488707978776696
2029-05-25,SX5E,-0.019093737064770605
2029-05-25,000688.SH,-0.009954690598850981
2029-05-25,SOX,0.17206858910123302
2029-05-25,NDX,0.007840630625538234
2029-05-25,XAU,-0.03922055332910245
2029-05-25,COPPER,-0.024545087904662193
2029-05-25,WTI,0.15274371035960804
2029-05-25,BTC,-0.21407083831532178
2029-05-25,ETH,-0.0
2029-05-25,US10Y,-0.010441350000045875
2029-05-25,CN10Y,-0.013493434308790147
2029-05-28,000300.SH,-0.0
2029-05-28,SPX,0.09051704636024056
2029-05-28,HSI,-0.0
2029-05-28,N225,-0.1067370875584164
2029-05-28,SX5E,0.009748761407552016
2029-05-28,000688.SH,0.01153078747606889
2029-05-28,SOX,0.1809474203834559
2029-05-28,NDX,-0.012803682955657557
2029-05-28,XAU,-0.001778340266841899
2029-05-28,COPPER,-0.046235187368931556
2029-05-28,WTI,0.10053861764460179
2029-05-28,BTC,-0.1811579913002308
2029-05-28,ETH,-0.0
2029-05-28,US10Y,-0.00845548354940976
2029-05-28,CN10Y,-0.03611486027243595
2029-05-29,000300.SH,-0.0
2029-05-29,SPX,0.09507433678098073
2029-05-29,HSI,-0.0
2029-05-29,N225,-0.06756344365830005
2029-05-29,SX5E,0.02461121193165361
2029-05-29,000688.SH,0.0065282637376321215
2029-05-29,SOX,0.11746957887902604
2029-05-29,NDX,-0.01278517695664573
2029-05-29,XAU,-0.00612925185866422
2029-05-29,COPPER,-0.07733924104022577
2029-05-29,WTI,0.10215395034119977
2029-05-29,BTC,-0.10310355851043881
2029-05-29,ETH,-0.0
2029-05-29,US10Y,-0.008087957022899751
2029-05-29,CN10Y,-0.07082871262332309
2029-05-30,000300.SH,-0.0
2029-05-30,SPX,0.09975455643973724
2029-05-30,HSI,-0.0
2029-05-30,N225,-0.05807992347990385
2029-05-30,SX5E,0.04989016092375269
2029-05-30,000688.SH,-0.017236518069132144
2029-05-30,SOX,0.10490824191672957
2029-05-30,NDX,-0.020314140971595125
2029-05-30,XAU,-0.015665305119232108
2029-05-30,COPPER,-0.057474818904358946
2029-05-30,WTI,0.14252342581487507
2029-05-30,BTC,-0.16623713286098313
2029-05-30,ETH,-0.0
2029-05-30,US10Y,-0.012532139835900267
2029-05-30,CN10Y,-0.0495364058539932
2029-05-31,000300.SH,-0.0
2029-05-31,SPX,0.10845967699174966
2029-05-31,HSI,-0.0
2029-05-31,N225,-0.047217176242001876
2029-05-31,SX5E,0.04738772841941312
2029-05-31,000688.SH,-0.010101632067065557
2029-05-31,SOX,0.08072364555180521
2029-05-31,NDX,-0.004170865527741539
2029-05-31,XAU,0.027873396618925447
2029-05-31,COPPER,-0.0601532330864973
2029-05-31,WTI,0.16173095049569186
2029-05-31,BTC,-0.20002815174603392
2029-05-31,ETH,-0.0
2029-05-31,US10Y,-0.018411548918270848
2029-05-31,CN10Y,-0.08609279048997809
2029-06-01,000300.SH,-0.0
2029-06-01,SPX,0.10849942509646773
2029-06-01,HSI,-0.0
2029-06-01,N225,-0.03532203970515164
2029-06-01,SX5E,0.055338708719023036
2029-06-01,000688.SH,0.031122838122675533
2029-06-01,SOX,0.07420837481159076
2029-06-01,NDX,0.0070448502132324405
2029-06-01,XAU,0.022149335302624244
2029-06-01,COPPER,-0.096153797179468
2029-06-01,WTI,0.10152033439550992
2029-06-01,BTC,-0.1637828831228048
2029-06-01,ETH,-0.0
2029-06-01,US10Y,-0.025788111977039348
2029-06-01,CN10Y,-0.07883703467666375
2029-06-04,000300.SH,-0.0
2029-06-04,SPX,0.0701572248786687
2029-06-04,HSI,-0.0
2029-06-04,N225,-0.04860322067970671
2029-06-04,SX5E,0.04133866869646103
2029-06-04,000688.SH,0.06589959513049916
2029-06-04,SOX,0.06489850167324995
2029-06-04,NDX,0.01886440531926186
2029-06-04,XAU,0.020597530867713966
2029-06-04,COPPER,-0.08462026299822857
2029-06-04,WTI,0.08621304387457615
2029-06-04,BTC,-0.17024587729873805
2029-06-04,ETH,-0.0
2029-06-04,US10Y,-0.020821666553707742
2029-06-04,CN10Y,-0.043677942910054904
2029-06-05,000300.SH,-0.0
2029-06-05,SPX,0.06431819455964909
2029-06-05,HSI,-0.0
2029-06-05,N225,-0.0400070519959618
2029-06-05,SX5E,0.031266083406057577
2029-06-05,000688.SH,0.08693786159936871
2029-06-05,SOX,-0.04064932191210619
2029-06-05,NDX,0.02898065143979956
2029-06-05,XAU,0.053310381986669375
2029-06-05,COPPER,-0.11527389488028646
2029-06-05,WTI,0.0806127500786951
2029-06-05,BTC,-0.09882206844423416
2029-06-05,ETH,-0.0
2029-06-05,US10Y,0.00019265975498666994
2029-06-05,CN10Y,-0.05086624559264267
2029-06-06,000300.SH,-0.0
2029-06-06,SPX,0.08410294913660753
2029-06-06,HSI,-0.0
2029-06-06,N225,-0.02978598693844885
2029-06-06,SX5E,0.024125089848299208
2029-06-06,000688.SH,0.14646616084722053
2029-06-06,SOX,-0.04216807522564784
2029-06-06,NDX,-0.011635488555533098
2029-06-06,XAU,0.046271726244071325
2029-06-06,COPPER,-0.10635971165557197
2029-06-06,WTI,0.062347508647987354
2029-06-06,BTC,-0.08499887550005439
2029-06-06,ETH,-0.0
2029-06-06,US10Y,0.013086349418313954
2029-06-06,CN10Y,-0.1014516462672482
2029-06-07,000300.SH,-0.0
2029-06-07,SPX,0.10010213197409526
2029-06-07,HSI,-0.0
2029-06-07,N225,-0.008553878648491768
2029-06-07,SX5E,0.035266993650542616
2029-06-07,000688.SH,0.09860152298890326
2029-06-07,SOX,-0.07251885017236019
2029-06-07,NDX,-0.0217885835095959
2029-06-07,XAU,0.03345383931191569
2029-06-07,COPPER,-0.07887053796018803
2029-06-07,WTI,0.04514384373549917
2029-06-07,BTC,-0.02820400274192343
2029-06-07,ETH,-0.0
2029-06-07,US10Y,0.015618480475122366
2029-06-07,CN10Y,-0.11825095910352341
2029-06-08,000300.SH,-0.0
2029-06-08,SPX,0.1132180357363604
2029-06-08,HSI,-0.0
2029-06-08,N225,0.014917226519056038
2029-06-08,SX5E,0.03379184925269085
2029-06-08,000688.SH,0.09717996283381014
2029-06-08,SOX,-0.12646260150851846
2029-06-08,NDX,-0.026217598548762697
2029-06-08,XAU,0.060043350677217076
2029-06-08,COPPER,-0.052628818135445975
2029-06-08,WTI,0.03688127302480938
2029-06-08,BTC,-0.052005538659675235
2029-06-08,ETH,-0.0
2029-06-08,US10Y,0.024242948998997295
2029-06-08,CN10Y,-0.12296009019054337
2029-06-11,000300.SH,-0.0
2029-06-11,SPX,0.11944290153903735
2029-06-11,HSI,-0.0
2029-06-11,N225,0.05311668592061724
2029-06-11,SX5E,0.034591181040153365
2029-06-11,000688.SH,0.058203688309552894
2029-06-11,SOX,-0.15626793795499502
2029-06-11,NDX,-0.013246392333209142
2029-06-11,XAU,0.059204371748043876
2029-06-11,COPPER,-0.05265722009691837
2029-06-11,WTI,0.008907191041904485
2029-06-11,BTC,-0.0655055147620569
2029-06-11,ETH,-0.0
2029-06-11,US10Y,0.0339741463767598
2029-06-11,CN10Y,-0.0797631008288936
2029-06-12,000300.SH,-0.0
2029-06-12,SPX,0.11258131380719258
2029-06-12,HSI,-0.0
2029-06-12,N225,0.02819361444528835
2029-06-12,SX5E,0.027045524414169284
2029-06-12,000688.SH,0.03659931093591966
2029-06-12,SOX,-0.1328073561657471
2029-06-12,NDX,0.0019827773558369604
2029-06-12,XAU,0.03574244186450134
2029-06-12,COPPER,-0.05072027082572661
2029-06-12,WTI,0.011300092349954806
2029-06-12,BTC,0.01868944666334902
2029-06-12,ETH,-0.0
2029-06-12,US10Y,0.03271357789813307
2029-06-12,CN10Y,-0.12132047274287443
2029-06-13,000300.SH,-0.0
2029-06-13,SPX,0.13098876181668392
2029-06-13,HSI,-0.0
2029-06-13,N225,0.03355157208929563
2029-06-13,SX5E,0.03618095957369595
2029-06-13,000688.SH,-0.0272607016798338
2029-06-13,SOX,-0.17934922904511263
2029-06-13,NDX,0.019893319167473326
2029-06-13,XAU,0.04669898273241225
2029-06-13,COPPER,-0.025652100487533497
2029-06-13,WTI,0.035387502234843965
2029-06-13,BTC,0.049202369541792385
2029-06-13,ETH,-0.0
2029-06-13,US10Y,0.04156226142071361
2029-06-13,CN10Y,-0.16120369736443277
2029-06-14,000300.SH,-0.0
2029-06-14,SPX,0.13366482046678946
2029-06-14,HSI,-0.0
2029-06-14,N225,0.09024074922421033
2029-06-14,SX5E,0.037455731614545
2029-06-14,000688.SH,-0.05454040194552122
2029-06-14,SOX,-0.12022084282847322
2029-06-14,NDX,0.045612397775433786
2029-06-14,XAU,0.06070462941025339
2029-06-14,COPPER,-0.021683353566356665
2029-06-14,WTI,-0.06910082907336718
2029-06-14,BTC,0.0228254040255398
2029-06-14,ETH,-0.0
2029-06-14,US10Y,0.04517939261076348
2029-06-14,CN10Y,-0.17013769771381687
2029-06-15,000300.SH,-0.0
2029-06-15,SPX,0.1239777373767826
2029-06-15,HSI,-0.0
2029-06-15,N225,0.09655615526837502
2029-06-15,SX5E,0.009054253673613462
2029-06-15,000688.SH,-0.03566604957496102
2029-06-15,SOX,-0.07627159476662584
2029-06-15,NDX,0.05026474548241794
2029-06-15,XAU,0.0748458257289266
2029-06-15,COPPER,-0.02124101657328193
2029-06-15,WTI,-0.1151453412069911
2029-06-15,BTC,-0.008865377263100377
2029-06-15,ETH,-0.0
2029-06-15,US10Y,0.04129291834143739
2029-06-15,CN10Y,-0.13880225648659053
2029-06-18,000300.SH,-0.0
2029-06-18,SPX,0.10765811580898037
2029-06-18,HSI,-0.0
2029-06-18,N225,0.10878420617375555
2029-06-18,SX5E,0.014735830426463321
2029-06-18,000688.SH,0.03384742490715714
2029-06-18,SOX,-0.059923295747456515
2029-06-18,NDX,0.020488585738388368
2029-06-18,XAU,0.0688088319355907
2029-06-18,COPPER,-0.009673870651165813
2029-06-18,WTI,-0.17772321325154974
2029-06-18,BTC,0.025845516556007392
2029-06-18,ETH,-0.0
2029-06-18,US10Y,0.018772358509956455
2029-06-18,CN10Y,-0.1516204904061258
2029-06-19,000300.SH,-0.0
2029-06-19,SPX,0.084113122647606
2029-06-19,HSI,-0.0
2029-06-19,N225,0.10788219934157076
2029-06-19,SX5E,0.01544306679177429
2029-06-19,000688.SH,0.017578459286776045
2029-06-19,SOX,-0.05938486559649809
2029-06-19,NDX,0.023101037725608425
2029-06-19,XAU,0.0636041857936195
2029-06-19,COPPER,0.0002906689186759053
2029-06-19,WTI,-0.18813912563444996
2029-06-19,BTC,0.05398204262289038
2029-06-19,ETH,-0.0
2029-06-19,US10Y,0.008151570363926585
2029-06-19,CN10Y,-0.12662236226150003
2029-06-20,000300.SH,-0.0
2029-06-20,SPX,0.0608294159732077
2029-06-20,HSI,-0.0
2029-06-20,N225,0.1092562557452911
2029-06-20,SX5E,0.012337117976734069
2029-06-20,000688.SH,0.024412885333433935
2029-06-20,SOX,-0.025288425956308546
2029-06-20,NDX,-0.009624464222351713
2029-06-20,XAU,0.07846444691767179
2029-06-20,COPPER,-0.02348075840568532
2029-06-20,WTI,-0.14773917760478095
2029-06-20,BTC,0.08400984804802127
2029-06-20,ETH,-0.0
2029-06-20,US10Y,0.008653230282131148
2029-06-20,CN10Y,-0.1718303740873624
2029-06-21,000300.SH,-0.0
2029-06-21,SPX,0.046248687217673515
2029-06-21,HSI,-0.0
2029-06-21,N225,0.12496953583127998
2029-06-21,SX5E,0.026503346698981654
2029-06-21,000688.SH,0.05188283817406271
2029-06-21,SOX,-0.018753816427156803
2029-06-21,NDX,-0.02707419754753479
2029-06-21,XAU,0.05675866736777356
2029-06-21,COPPER,-0.038870128933979134
2029-06-21,WTI,-0.17544797476751742
2029-06-21,BTC,0.06888053443804401
2029-06-21,ETH,-0.0
2029-06-21,US10Y,0.002527214506417212
2029-06-21,CN10Y,-0.11762470655803939
2029-06-22,000300.SH,-0.0
2029-06-22,SPX,0.04916455377356134
2029-06-22,HSI,-0.0
2029-06-22,N225,0.10642962307152412
2029-06-22,SX5E,0.056088122833520354
2029-06-22,000688.SH,0.05997313686782592
2029-06-22,SOX,-0.00516893548340595
2029-06-22,NDX,-0.057226016446967606
2029-06-22,XAU,0.04299902147852525
2029-06-22,COPPER,-0.062491708005452985
2029-06-22,WTI,-0.20303731814842932
2029-06-22,BTC,0.1309065388290559
2029-06-22,ETH,-0.0
2029-06-22,US10Y,-0.011043884400614969
2029-06-22,CN10Y,-0.10659313436913427
2029-06-25,000300.SH,-0.0
2029-06-25,SPX,0.03227071974678912
2029-06-25,HSI,-0.0
2029-06-25,N225,0.10195015918092616
2029-06-25,SX5E,0.02787045124880945
2029-06-25,000688.SH,0.06005274223781723
2029-06-25,SOX,-0.03665558721676496
2029-06-25,NDX,-0.027517436273554102
2029-06-25,XAU,0.010109423119996953
2029-06-25,COPPER,-0.02831939399530156
2029-06-25,WTI,-0.18111660804508
2029-06-25,BTC,0.09562684144793065
2029-06-25,ETH,-0.0
2029-06-25,US10Y,0.003082974418380421
2029-06-25,CN10Y,-0.057354285869940354
2029-06-26,000300.SH,-0.0
2029-06-26,SPX,0.021123162998440772
2029-06-26,HSI,-0.0
2029-06-26,N225,0.10879890688812503
2029-06-26,SX5E,0.03786654206089063
2029-06-26,000688.SH,0.07946174013347891
2029-06-26,SOX,0.005579217489868921
2029-06-26,NDX,-0.036637359093626316
2029-06-26,XAU,0.01503881098591208
2029-06-26,COPPER,-0.032889070832963566
2029-06-26,WTI,-0.20322518596699043
2029-06-26,BTC,0.004291103286753466
2029-06-26,ETH,-0.0
2029-06-26,US10Y,-0.0017313521174861582
2029-06-26,CN10Y,0.002323484167606721
2029-06-27,000300.SH,-0.0
2029-06-27,SPX,-0.01814983931541682
2029-06-27,HSI,-0.0
2029-06-27,N225,0.07386419782218313
2029-06-27,SX5E,0.03908305777224558
2029-06-27,000688.SH,0.04924735003395907
2029-06-27,SOX,0.0012510207571540342
2029-06-27,NDX,-0.02946376790598352
2029-06-27,XAU,0.019002176328882993
2029-06-27,COPPER,-0.009845481269289972
2029-06-27,WTI,-0.2540592511679071
2029-06-27,BTC,0.12383410534804717
2029-06-27,ETH,-0.0
2029-06-27,US10Y,0.013719853059852849
2029-06-27,CN10Y,-0.008483421463715606
2029-06-28,000300.SH,-0.0
2029-06-28,SPX,0.0018758403699342292
2029-06-28,HSI,-0.0
2029-06-28,N225,0.07119083098065444
2029-06-28,SX5E,0.044895595431940924
2029-06-28,000688.SH,0.0725333569898673
2029-06-28,SOX,-0.02663475928250119
2029-06-28,NDX,-0.04036016990134498
2029-06-28,XAU,-0.006919132322220231
2029-06-28,COPPER,-0.008291904704335645
2029-06-28,WTI,-0.2609720215988598
2029-06-28,BTC,0.11859681257361983
2029-06-28,ETH,-0.0
2029-06-28,US10Y,0.031100121517015897
2029-06-28,CN10Y,0.0029854299462417286
2029-06-29,000300.SH,-0.0
2029-06-29,SPX,0.012317454434910247
2029-06-29,HSI,-0.0
2029-06-29,N225,0.07683659582174217
2029-06-29,SX5E,0.02250207315334084
2029-06-29,000688.SH,0.04143069227481546
2029-06-29,SOX,-0.07008168653415597
2029-06-29,NDX,-0.06952818937248247
2029-06-29,XAU,-0.029037634614699347
2029-06-29,COPPER,0.009874461863310209
2029-06-29,WTI,-0.22895181245291776
2029-06-29,BTC,0.15606782988044485
2029-06-29,ETH,-0.0
2029-06-29,US10Y,0.04179795184389719
2029-06-29,CN10Y,0.0367722637018084
2029-07-02,000300.SH,-0.0
2029-07-02,SPX,0.019133918976104385
2029-07-02,HSI,-0.0
2029-07-02,N225,0.08614184336221141
2029-07-02,SX5E,0.05054982813788925
2029-07-02,000688.SH,0.013708081115265714
2029-07-02,SOX,-0.07102724482480922
2029-07-02,NDX,-0.06222165094420506
2029-07-02,XAU,-0.0213224324080301
2029-07-02,COPPER,-0.004421016397091063
2029-07-02,WTI,-0.19983805624752898
2029-07-02,BTC,0.18004791094428899
2029-07-02,ETH,-0.0
2029-07-02,US10Y,0.0285770418642814
2029-07-02,CN10Y,-0.01932822357836222
2029-07-03,000300.SH,-0.0
2029-07-03,SPX,0.013109432724039846
2029-07-03,HSI,-0.0
2029-07-03,N225,0.051314324521478716
2029-07-03,SX5E,0.05145254351487542
2029-07-03,000688.SH,-0.00130016695649588
2029-07-03,SOX,0.008787181686006486
2029-07-03,NDX,-0.05252861820159972
2029-07-03,XAU,-0.040283791795727886
2029-07-03,COPPER,0.04296413297927818
2029-07-03,WTI,-0.21520358524547284
2029-07-03,BTC,0.16441285292205166
2029-07-03,ETH,-0.0
2029-07-03,US10Y,0.007607532505009223
2029-07-03,CN10Y,-0.030331838653430074
2029-07-04,000300.SH,-0.0
2029-07-04,SPX,-0.0018640292759717412
2029-07-04,HSI,-0.0
2029-07-04,N225,0.05505146066186571
2029-07-04,SX5E,0.055282169235487316
2029-07-04,000688.SH,-0.0046234446329446
2029-07-04,SOX,0.0022082041566922114
2029-07-04,NDX,-0.01896851498380193
2029-07-04,XAU,-0.03964140118543626
2029-07-04,COPPER,0.02013088833626305
2029-07-04,WTI,-0.18369810769313658
2029-07-04,BTC,0.13470361824273014
2029-07-04,ETH,-0.0
2029-07-04,US10Y,0.011936097944566647
2029-07-04,CN10Y,-0.030516940806300217
2029-07-05,000300.SH,-0.0
2029-07-05,SPX,-0.004529549494166604
2029-07-05,HSI,-0.0
2029-07-05,N225,0.03845371184275953
2029-07-05,SX5E,0.03621569358635212
2029-07-05,000688.SH,0.03212590348485404
2029-07-05,SOX,0.09993646392342834
2029-07-05,NDX,-0.007785167239720718
2029-07-05,XAU,-0.03655889183105346
2029-07-05,COPPER,-0.023051102786633464
2029-07-05,WTI,-0.21070285988371246
2029-07-05,BTC,0.1298178713944857
2029-07-05,ETH,-0.0
2029-07-05,US10Y,-0.011062130132198235
2029-07-05,CN10Y,-0.04285994286438108
2029-07-06,000300.SH,-0.0
2029-07-06,SPX,-0.014383704753948106
2029-07-06,HSI,-0.0
2029-07-06,N225,0.017852855573532316
2029-07-06,SX5E,0.026552911225883994
2029-07-06,000688.SH,0.06956740901862882
2029-07-06,SOX,0.1419582099325349
2029-07-06,NDX,-0.035145898402164984
2029-07-06,XAU,-0.05503652510904044
2029-07-06,COPPER,-0.012455231195702049
2029-07-06,WTI,-0.2066233680490694
2029-07-06,BTC,0.13310719501949583
2029-07-06,ETH,-0.0
2029-07-06,US10Y,-0.015839473935556243
2029-07-06,CN10Y,-0.049554379324581586
2029-07-09,000300.SH,-0.0
2029-07-09,SPX,-0.030820510217051064
2029-07-09,HSI,-0.0
2029-07-09,N225,0.016879721450398833
2029-07-09,SX5E,0.03364560447684592
2029-07-09,000688.SH,0.0927909020769866
2029-07-09,SOX,0.1179991239646778
2029-07-09,NDX,-0.048347495343557596
2029-07-09,XAU,-0.038510459740695537
2029-07-09,COPPER,0.012047593652423099
2029-07-09,WTI,-0.15997713248080644
2029-07-09,BTC,0.10112606632011614
2029-07-09,ETH,-0.0
2029-07-09,US10Y,-0.017361768714947597
2029-07-09,CN10Y,-0.07947164544437842
2029-07-10,000300.SH,-0.0
2029-07-10,SPX,-0.032652193183490115
2029-07-10,HSI,-0.0
2029-07-10,N225,0.026439698877593346
2029-07-10,SX5E,0.03468127071564661
2029-07-10,000688.SH,0.07708550223994415
2029-07-10,SOX,0.12185697858808069
2029-07-10,NDX,-0.04286239395019153
2029-07-10,XAU,-0.04445159901316837
2029-07-10,COPPER,8.73089151749145e-05
2029-07-10,WTI,-0.12429309714965725
2029-07-10,BTC,0.07535346519870535
2029-07-10,ETH,-0.0
2029-07-10,US10Y,-0.0021516781778993695
2029-07-10,CN10Y,-0.08909326306072884
2029-07-11,000300.SH,-0.0
2029-07-11,SPX,-0.06453936209945457
2029-07-11,HSI,-0.0
2029-07-11,N225,0.037562422789036265
2029-07-11,SX5E,0.026449265038156537
2029-07-11,000688.SH,0.13101950714770116
2029-07-11,SOX,0.18118929672821413
2029-07-11,NDX,-0.052406399056688764
2029-07-11,XAU,-0.05125525667250285
2029-07-11,COPPER,0.005289973229915855
2029-07-11,WTI,-0.2237976616957771
2029-07-11,BTC,0.048117064280804006
2029-07-11,ETH,-0.0
2029-07-11,US10Y,0.005455886971305206
2029-07-11,CN10Y,-0.04308473666070203
2029-07-12,000300.SH,-0.0
2029-07-12,SPX,-0.0712068231849964
2029-07-12,HSI,-0.0
2029-07-12,N225,0.003502682058242397
2029-07-12,SX5E,0.02394093537821699
2029-07-12,000688.SH,0.17657971589183685
2029-07-12,SOX,0.14731286130850108
2029-07-12,NDX,-0.07204962453711031
2029-07-12,XAU,-0.07389300390141758
2029-07-12,COPPER,0.01828948497759942
2029-07-12,WTI,-0.17745659312676287
2029-07-12,BTC,0.04789145062070841
2029-07-12,ETH,-0.0
2029-07-12,US10Y,0.0025163932710684602
2029-07-12,CN10Y,-0.025427478755879848
2029-07-13,000300.SH,-0.0
2029-07-13,SPX,-0.07613822403938969
2029-07-13,HSI,-0.0
2029-07-13,N225,0.004331216199533862
2029-07-13,SX5E,0.04454997967688797
2029-07-13,000688.SH,0.19251313153065386
2029-07-13,SOX,0.12255603087565516
2029-07-13,NDX,-0.07735762561026562
2029-07-13,XAU,-0.08232506069373577
2029-07-13,COPPER,0.033109845971074726
2029-07-13,WTI,-0.12413872343336115
2029-07-13,BTC,-0.012084502043945212
2029-07-13,ETH,-0.0
2029-07-13,US10Y,-0.002737620954497941
2029-07-13,CN10Y,-0.02227844747860465
2029-07-16,000300.SH,-0.0
2029-07-16,SPX,-0.08395042979124179
2029-07-16,HSI,-0.0
2029-07-16,N225,0.00420688857340217
2029-07-16,SX5E,0.03716712956359046
2029-07-16,000688.SH,0.11864968342522161
2029-07-16,SOX,0.11768144558285433
2029-07-16,NDX,-0.0577428024790344
2029-07-16,XAU,-0.09014907048672033
2029-07-16,COPPER,0.03678679619717928
2029-07-16,WTI,-0.02718506317461765
2029-07-16,BTC,-0.040054437240959
2029-07-16,ETH,-0.0
2029-07-16,US10Y,0.008885279327233651
2029-07-16,CN10Y,-0.024295419496904894
2029-07-17,000300.SH,-0.0
2029-07-17,SPX,-0.08871581256323474
2029-07-17,HSI,-0.0
2029-07-17,N225,0.026063693145124134
2029-07-17,SX5E,0.030788859174844866
2029-07-17,000688.SH,0.07280471720891937
2029-07-17,SOX,0.11268931448666297
2029-07-17,NDX,-0.023230452261052057
2029-07-17,XAU,-0.09220049714733235
2029-07-17,COPPER,0.045141383166893694
2029-07-17,WTI,-0.030634363980332584
2029-07-17,BTC,-0.0351496494594078
2029-07-17,ETH,-0.0
2029-07-17,US10Y,0.015561382830124648
2029-07-17,CN10Y,-0.03311857460120601
2029-07-18,000300.SH,-0.0
2029-07-18,SPX,-0.07355490937651817
2029-07-18,HSI,-0.0
2029-07-18,N225,0.05445703680086954
2029-07-18,SX5E,0.043819265212534764
2029-07-18,000688.SH,0.09893416120158588
2029-07-18,SOX,0.12172569252883352
2029-07-18,NDX,0.02215579712711087
2029-07-18,XAU,-0.11642613883175411
2029-07-18,COPPER,0.07610952538807164
2029-07-18,WTI,-0.09591683087436173
2029-07-18,BTC,-0.10020636651148263
2029-07-18,ETH,-0.0
2029-07-18,US10Y,0.014919056794719884
2029-07-18,CN10Y,-0.04601628945960701
2029-07-19,000300.SH,-0.0
2029-07-19,SPX,-0.0792589617612039
2029-07-19,HSI,-0.0
2029-07-19,N225,0.030589496433615054
2029-07-19,SX5E,0.06298419871041525
2029-07-19,000688.SH,0.12489480944732387
2029-07-19,SOX,0.14921554807423612
2029-07-19,NDX,-0.023416931496475654
2029-07-19,XAU,-0.07764814574467696
2029-07-19,COPPER,0.09519203577038002
2029-07-19,WTI,-0.1254291631905349
2029-07-19,BTC,-0.11564854171651316
2029-07-19,ETH,-0.0
2029-07-19,US10Y,0.03264874287693761
2029-07-19,CN10Y,-0.0741230874035047
2029-07-20,000300.SH,-0.0
2029-07-20,SPX,-0.08443297671268324
2029-07-20,HSI,-0.0
2029-07-20,N225,0.04577890082575222
2029-07-20,SX5E,0.03216312887801051
2029-07-20,000688.SH,0.12701278075654987
2029-07-20,SOX,0.14661824844442348
2029-07-20,NDX,-0.0018524045000523522
2029-07-20,XAU,-0.074363044613761
2029-07-20,COPPER,0.12564044925766985
2029-07-20,WTI,-0.14477148496432693
2029-07-20,BTC,-0.13873888039788268
2029-07-20,ETH,-0.0
2029-07-20,US10Y,0.03794602979635677
2029-07-20,CN10Y,-0.07100074677005858
2029-07-23,000300.SH,-0.0
2029-07-23,SPX,-0.08024143097447642
2029-07-23,HSI,-0.0
2029-07-23,N225,0.03364491356436497
2029-07-23,SX5E,0.04044101371766756
2029-07-23,000688.SH,0.1385146735586658
2029-07-23,SOX,0.11985267632537597
2029-07-23,NDX,-0.010091161294997573
2029-07-23,XAU,-0.05416091607768927
2029-07-23,COPPER,0.12938691539315406
2029-07-23,WTI,-0.14656141164705166
2029-07-23,BTC,-0.12384891578605765
2029-07-23,ETH,-0.0
2029-07-23,US10Y,0.029999041640953274
2029-07-23,CN10Y,-0.07693539841990861
2029-07-24,000300.SH,-0.0
2029-07-24,SPX,-0.06240949847945444
2029-07-24,HSI,-0.0
2029-07-24,N225,0.011133910580670585
2029-07-24,SX5E,0.012495362049043602
2029-07-24,000688.SH,0.1304237198815888
2029-07-24,SOX,0.0947359350431157
2029-07-24,NDX,0.004759285629398215
2029-07-24,XAU,-0.04586162255880084
2029-07-24,COPPER,0.12422654465648438
2029-07-24,WTI,-0.16710122181413445
2029-07-24,BTC,-0.04758858192415308
2029-07-24,ETH,-0.0
2029-07-24,US10Y,0.02684244981676874
2029-07-24,CN10Y,-0.08165628288052748
2029-07-25,000300.SH,-0.0
2029-07-25,SPX,-0.034766527745078164
2029-07-25,HSI,-0.0
2029-07-25,N225,0.0325081518018663
2029-07-25,SX5E,-0.028373113455170636
2029-07-25,000688.SH,0.15874233212376698
2029-07-25,SOX,0.1189486670373287
2029-07-25,NDX,-0.035227160848379714
2029-07-25,XAU,-0.04150288044458825
2029-07-25,COPPER,0.08819464488768286
2029-07-25,WTI,-0.12763234341594973
2029-07-25,BTC,-0.08487817244207972
2029-07-25,ETH,-0.0
2029-07-25,US10Y,0.00644790826558856
2029-07-25,CN10Y,-0.05246150576499006
2029-07-26,000300.SH,-0.0
2029-07-26,SPX,-0.057289040198257736
2029-07-26,HSI,-0.0
2029-07-26,N225,0.013439368658889964
2029-07-26,SX5E,-0.01150933208013082
2029-07-26,000688.SH,0.1397486491410523
2029-07-26,SOX,0.13594211680024074
2029-07-26,NDX,-0.017860587251915624
2029-07-26,XAU,-0.028952232344605273
2029-07-26,COPPER,0.07621595032829981
2029-07-26,WTI,-0.11073660681983562
2029-07-26,BTC,-0.07366560332111709
2029-07-26,ETH,-0.0
2029-07-26,US10Y,0.0015019239523954456
2029-07-26,CN10Y,-0.06683460686501891
2029-07-27,000300.SH,-0.0
2029-07-27,SPX,-0.052689402071162406
2029-07-27,HSI,-0.0
2029-07-27,N225,-0.017500342116107438
2029-07-27,SX5E,-0.007139891005203345
2029-07-27,000688.SH,0.1419603934811561
2029-07-27,SOX,0.16222618852242546
2029-07-27,NDX,0.05027926136065413
2029-07-27,XAU,0.01140002120836257
2029-07-27,COPPER,0.044456334206636985
2029-07-27,WTI,-0.08691685864006617
2029-07-27,BTC,-0.15858829171025757
2029-07-27,ETH,-0.0
2029-07-27,US10Y,0.002777405547027715
2029-07-27,CN10Y,-0.09026481878346844
2029-07-30,000300.SH,-0.0
2029-07-30,SPX,-0.024525829300788827
2029-07-30,HSI,-0.0
2029-07-30,N225,-0.04224911322206532
2029-07-30,SX5E,-0.027488102467658183
2029-07-30,000688.SH,0.18291394795727514
2029-07-30,SOX,0.10848966751050454
2029-07-30,NDX,0.030781731071730715
2029-07-30,XAU,-0.0034000301033925463
2029-07-30,COPPER,0.07193118758269373
2029-07-30,WTI,-0.04936438926257869
2029-07-30,BTC,-0.19789873373058833
2029-07-30,ETH,-0.0
2029-07-30,US10Y,0.01017453472543372
2029-07-30,CN10Y,-0.05936487076056752
2029-07-31,000300.SH,-0.0
2029-07-31,SPX,-0.03318134672038482
2029-07-31,HSI,-0.0
2029-07-31,N225,-0.01580043700599835
2029-07-31,SX5E,-0.01651799032821643
2029-07-31,000688.SH,0.24912569442644922
2029-07-31,SOX,0.036944096501175874
2029-07-31,NDX,0.0321336646240868
2029-07-31,XAU,-0.010035830382589025
2029-07-31,COPPER,0.057322605192980894
2029-07-31,WTI,-0.07411311731268935
2029-07-31,BTC,-0.18916940735165008
2029-07-31,ETH,-0.0
2029-07-31,US10Y,0.02205947362934995
2029-07-31,CN10Y,-0.05876740527251642
2029-08-01,000300.SH,-0.0
2029-08-01,SPX,-0.041305425531300705
2029-08-01,HSI,-0.0
2029-08-01,N225,-0.002985639335126033
2029-08-01,SX5E,-0.011400066863886275
2029-08-01,000688.SH,0.2529260291412228
2029-08-01,SOX,0.058790828186298084
2029-08-01,NDX,0.0033515190948771884
2029-08-01,XAU,-0.029288720521330955
2029-08-01,COPPER,0.09615688751119006
2029-08-01,WTI,-0.07434387216921329
2029-08-01,BTC,-0.23620946949732202
2029-08-01,ETH,-0.0
2029-08-01,US10Y,0.01856838814269003
2029-08-01,CN10Y,-0.03426045815810119
2029-08-02,000300.SH,-0.0
2029-08-02,SPX,-0.02497213504411506
2029-08-02,HSI,-0.0
2029-08-02,N225,0.0012638674059051612
2029-08-02,SX5E,-0.029649055040346428
2029-08-02,000688.SH,0.22369712328700675
2029-08-02,SOX,0.035623400508011806
2029-08-02,NDX,-0.024136609714907654
2029-08-02,XAU,-0.0263216294142077
2029-08-02,COPPER,0.08492308706431854
2029-08-02,WTI,-0.006842218217267375
2029-08-02,BTC,-0.24467889941675944
2029-08-02,ETH,-0.0
2029-08-02,US10Y,0.021183422448460075
2029-08-02,CN10Y,-0.01009035386610219
2029-08-03,000300.SH,-0.0
2029-08-03,SPX,-0.00019971363582916082
2029-08-03,HSI,-0.0
2029-08-03,N225,0.01408454339036918
2029-08-03,SX5E,-0.02534972000390578
2029-08-03,000688.SH,0.17451569908769565
2029-08-03,SOX,-0.009653997328024511
2029-08-03,NDX,-0.0019207433408456182
2029-08-03,XAU,-0.01694039089372217
2029-08-03,COPPER,0.08201849950090812
2029-08-03,WTI,-0.014891741432502898
2029-08-03,BTC,-0.25550074563471137
2029-08-03,ETH,-0.0
2029-08-03,US10Y,0.011283276765706528
2029-08-03,CN10Y,0.042555033524859606
2029-08-06,000300.SH,-0.0
2029-08-06,SPX,0.03202766741034421
2029-08-06,HSI,-0.0
2029-08-06,N225,0.00405541602118208
2029-08-06,SX5E,-0.02620682012682749
2029-08-06,000688.SH,0.2111927110321203
2029-08-06,SOX,0.020131316656598786
2029-08-06,NDX,-0.016322845855243066
2029-08-06,XAU,-0.015236503345462874
2029-08-06,COPPER,0.03360019062874494
2029-08-06,WTI,-0.06389535729438697
2029-08-06,BTC,-0.23618884520995292
2029-08-06,ETH,-0.0
2029-08-06,US10Y,0.016402746228556073
2029-08-06,CN10Y,0.04044032385432576
2029-08-07,000300.SH,-0.0
2029-08-07,SPX,0.04005641836956679
2029-08-07,HSI,-0.0
2029-08-07,N225,-0.0011410582907398752
2029-08-07,SX5E,-0.029975762029321076
2029-08-07,000688.SH,0.20610217773287193
2029-08-07,SOX,0.033433205678213944
2029-08-07,NDX,-0.024168554279195537
2029-08-07,XAU,0.0013277366529383643
2029-08-07,COPPER,0.07200984162046008
2029-08-07,WTI,-0.03191500974710138
2029-08-07,BTC,-0.2969761959158199
2029-08-07,ETH,-0.0
2029-08-07,US10Y,-0.001200816025807698
2029-08-07,CN10Y,0.03244801623393632
2029-08-08,000300.SH,-0.0
2029-08-08,SPX,0.08192294842765935
2029-08-08,HSI,-0.0
2029-08-08,N225,0.03041646316687803
2029-08-08,SX5E,-0.03162451952218252
2029-08-08,000688.SH,0.18428948144278307
2029-08-08,SOX,0.02386007251026106
2029-08-08,NDX,-0.052419823973847694
2029-08-08,XAU,0.027822753248371527
2029-08-08,COPPER,0.05330242296777082
2029-08-08,WTI,-0.0005834072718609957
2029-08-08,BTC,-0.306334856503827
2029-08-08,ETH,-0.0
2029-08-08,US10Y,-0.0019351613564260496
2029-08-08,CN10Y,-0.008716373135576112
2029-08-09,000300.SH,-0.0
2029-08-09,SPX,0.1175580822453916
2029-08-09,HSI,-0.0
2029-08-09,N225,0.0015803697884455084
2029-08-09,SX5E,-0.020491267838324098
2029-08-09,000688.SH,0.16174215967840375
2029-08-09,SOX,0.05474824862033889
2029-08-09,NDX,-0.025474259886380135
2029-08-09,XAU,0.04386849742968954
2029-08-09,COPPER,0.05645683116789295
2029-08-09,WTI,-0.040162906676393474
2029-08-09,BTC,-0.2973155816578264
2029-08-09,ETH,-0.0
2029-08-09,US10Y,-0.0020207077982895036
2029-08-09,CN10Y,-0.05048946507294369
2029-08-10,000300.SH,-0.0
2029-08-10,SPX,0.12989326313673238
2029-08-10,HSI,-0.0
2029-08-10,N225,0.002226030437347523
2029-08-10,SX5E,-0.0150239812267586
2029-08-10,000688.SH,0.15738580529869556
2029-08-10,SOX,0.06173279829738658
2029-08-10,NDX,-0.028426244871650505
2029-08-10,XAU,0.026888146098660783
2029-08-10,COPPER,0.05273387828213269
2029-08-10,WTI,-0.06214604920078654
2029-08-10,BTC,-0.23513814008178835
2029-08-10,ETH,-0.0
2029-08-10,US10Y,-0.010816198415073
2029-08-10,CN10Y,-0.07930930775489475
2029-08-13,000300.SH,-0.0
2029-08-13,SPX,0.12722556339420632
2029-08-13,HSI,-0.0
2029-08-13,N225,-0.024742843241109508
2029-08-13,SX5E,-0.02205162932970631
2029-08-13,000688.SH,0.17995954741447576
2029-08-13,SOX,0.08363596005551965
2029-08-13,NDX,-0.04085251234384582
2029-08-13,XAU,0.03423855158104076
2029-08-13,COPPER,0.04182640027740301
2029-08-13,WTI,-0.056146438405383955
2029-08-13,BTC,-0.24127496811615018
2029-08-13,ETH,-0.0
2029-08-13,US10Y,-0.004049042543467329
2029-08-13,CN10Y,-0.07776858874297715
2029-08-14,000300.SH,-0.0
2029-08-14,SPX,0.14305147827702341
2029-08-14,HSI,-0.0
2029-08-14,N225,-0.03158428698340511
2029-08-14,SX5E,-0.018363794271621395
2029-08-14,000688.SH,0.20804670237409795
2029-08-14,SOX,0.06686084376199512
2029-08-14,NDX,-0.06654328091300395
2029-08-14,XAU,0.06296543633589374
2029-08-14,COPPER,0.019883086156002996
2029-08-14,WTI,-0.03840796440132059
2029-08-14,BTC,-0.26217002688888436
2029-08-14,ETH,-0.0
2029-08-14,US10Y,-0.012397779560307088
2029-08-14,CN10Y,-0.07134041388646792
2029-08-15,000300.SH,-0.0
2029-08-15,SPX,0.1424826785212883
2029-08-15,HSI,-0.0
2029-08-15,N225,-0.03649800076602765
2029-08-15,SX5E,-0.04826929641682011
2029-08-15,000688.SH,0.18033956510770172
2029-08-15,SOX,0.056464532386690774
2029-08-15,NDX,-0.07623100215609147
2029-08-15,XAU,0.0804051635705481
2029-08-15,COPPER,0.01433811099380917
2029-08-15,WTI,-0.014349031715808196
2029-08-15,BTC,-0.23743109054970202
2029-08-15,ETH,-0.0
2029-08-15,US10Y,-0.015604370902333277
2029-08-15,CN10Y,-0.04564725807325205
2029-08-16,000300.SH,-0.0
2029-08-16,SPX,0.16516058973471417
2029-08-16,HSI,-0.0
2029-08-16,N225,-0.033773337950375626
2029-08-16,SX5E,-0.07936353710664985
2029-08-16,000688.SH,0.11981154110978873
2029-08-16,SOX,0.035031443596650384
2029-08-16,NDX,-0.022164289626254784
2029-08-16,XAU,0.062494211033907364
2029-08-16,COPPER,-0.003138931236179674
2029-08-16,WTI,0.07857444000762301
2029-08-16,BTC,-0.19884376858399558
2029-08-16,ETH,-0.0
2029-08-16,US10Y,-0.014609480953341435
2029-08-16,CN10Y,-0.10917888002588119
2029-08-17,000300.SH,-0.0
2029-08-17,SPX,0.18088316387142872
2029-08-17,HSI,-0.0
2029-08-17,N225,-0.035406065109294046
2029-08-17,SX5E,-0.07163983952665835
2029-08-17,000688.SH,0.09554180591194181
2029-08-17,SOX,0.0480775752915562
2029-08-17,NDX,-0.062164790585547795
2029-08-17,XAU,0.06761967898777554
2029-08-17,COPPER,-0.010002590920361133
2029-08-17,WTI,0.0854176598295064
2029-08-17,BTC,-0.1875648281666716
2029-08-17,ETH,-0.0
2029-08-17,US10Y,-0.01997818345761826
2029-08-17,CN10Y,-0.0907835861260525
2029-08-20,000300.SH,-0.0
2029-08-20,SPX,0.18793624690739605
2029-08-20,HSI,-0.0
2029-08-20,N225,0.004845769799525106
2029-08-20,SX5E,-0.05887378788557277
2029-08-20,000688.SH,0.06408762817219296
2029-08-20,SOX,0.060235953874395634
2029-08-20,NDX,-0.04319103726426447
2029-08-20,XAU,0.08376106786392684
2029-08-20,COPPER,-0.043068593001947895
2029-08-20,WTI,0.09211046777370076
2029-08-20,BTC,-0.20915630650526612
2029-08-20,ETH,-0.0
2029-08-20,US10Y,-0.027485766826646732
2029-08-20,CN10Y,-0.11120164290743607
2029-08-21,000300.SH,-0.0
2029-08-21,SPX,0.17825114632420389
2029-08-21,HSI,-0.0
2029-08-21,N225,0.02568301476749449
2029-08-21,SX5E,-0.05250707913300941
2029-08-21,000688.SH,0.08341130931047834
2029-08-21,SOX,0.07571879560513177
2029-08-21,NDX,-0.053773530550524154
2029-08-21,XAU,0.04781148594577046
2029-08-21,COPPER,-0.026381450267362543
2029-08-21,WTI,0.14255568405029878
2029-08-21,BTC,-0.25498625737239966
2029-08-21,ETH,-0.0
2029-08-21,US10Y,-0.015030869379227048
2029-08-21,CN10Y,-0.15075224930085082
2029-08-22,000300.SH,-0.0
2029-08-22,SPX,0.18354772630177238
2029-08-22,HSI,-0.0
2029-08-22,N225,0.0304152146984471
2029-08-22,SX5E,-0.0019273345763601117
2029-08-22,000688.SH,0.06787008293873764
2029-08-22,SOX,0.01925249922580717
2029-08-22,NDX,-0.00480213762980411
2029-08-22,XAU,0.04218454681418393
2029-08-22,COPPER,-0.03170284230502694
2029-08-22,WTI,0.14875269934660254
2029-08-22,BTC,-0.2785029733928688
2029-08-22,ETH,-0.0
2029-08-22,US10Y,-0.013119067712462445
2029-08-22,CN10Y,-0.16196841370902534
2029-08-23,000300.SH,-0.0
2029-08-23,SPX,0.1607346524170842
2029-08-23,HSI,-0.0
2029-08-23,N225,0.08277697423909773
2029-08-23,SX5E,-0.024898632099801678
2029-08-23,000688.SH,0.0966187509902898
2029-08-23,SOX,0.0421843583429998
2029-08-23,NDX,-0.009744468964753433
2029-08-23,XAU,0.03415718612627238
2029-08-23,COPPER,-0.009922986903055597
2029-08-23,WTI,0.0573831873639999
2029-08-23,BTC,-0.26854241342944063
2029-08-23,ETH,-0.0
2029-08-23,US10Y,-0.020779234451429186
2029-08-23,CN10Y,-0.139967373631261
2029-08-24,000300.SH,-0.0
2029-08-24,SPX,0.16174683207921445
2029-08-24,HSI,-0.0
2029-08-24,N225,0.0854848268618481
2029-08-24,SX5E,-0.026146493738877556
2029-08-24,000688.SH,0.06912629783191757
2029-08-24,SOX,0.015690687922661792
2029-08-24,NDX,-0.04499249779779247
2029-08-24,XAU,-0.001684117346906472
2029-08-24,COPPER,0.017051517404383723
2029-08-24,WTI,0.03324997115482302
2029-08-24,BTC,-0.18158777755914168
2029-08-24,ETH,-0.0
2029-08-24,US10Y,-0.022561741616175187
2029-08-24,CN10Y,-0.10537750519595487
2029-08-27,000300.SH,-0.0
2029-08-27,SPX,0.13668713002226998
2029-08-27,HSI,-0.0
2029-08-27,N225,0.09358158578541399
2029-08-27,SX5E,-0.026853268517612362
2029-08-27,000688.SH,-0.006133871374952415
2029-08-27,SOX,0.05111553869139834
2029-08-27,NDX,-0.035484626933851314
2029-08-27,XAU,0.0030009609402762644
2029-08-27,COPPER,-0.022218432025574098
2029-08-27,WTI,0.051164606804406085
2029-08-27,BTC,-0.1241722990171406
2029-08-27,ETH,-0.0
2029-08-27,US10Y,-0.028964487902214793
2029-08-27,CN10Y,-0.0917228364724197
2029-08-28,000300.SH,-0.0
2029-08-28,SPX,0.12927797735514182
2029-08-28,HSI,-0.0
2029-08-28,N225,0.0706543037788975
2029-08-28,SX5E,-0.01673274596382807
2029-08-28,000688.SH,-0.050693226493626536
2029-08-28,SOX,0.13041395079931956
2029-08-28,NDX,-0.07165034013582625
2029-08-28,XAU,0.00948424353494995
2029-08-28,COPPER,-0.04472371535510515
2029-08-28,WTI,0.05908469361515133
2029-08-28,BTC,-0.10500356715620587
2029-08-28,ETH,-0.0
2029-08-28,US10Y,-0.044527111086499524
2029-08-28,CN10Y,-0.06558446289236855
2029-08-29,000300.SH,-0.0
2029-08-29,SPX,0.14178845300283535
2029-08-29,HSI,-0.0
2029-08-29,N225,0.04305044021523932
2029-08-29,SX5E,-0.010912349879231092
2029-08-29,000688.SH,-0.08128114708383538
2029-08-29,SOX,0.11579973762378903
2029-08-29,NDX,-0.04289175689491374
2029-08-29,XAU,0.022481805757027927
2029-08-29,COPPER,-0.07560648367209066
2029-08-29,WTI,0.08621089841632455
2029-08-29,BTC,-0.05572983039497492
2029-08-29,ETH,-0.0
2029-08-29,US10Y,-0.03544963645365218
2029-08-29,CN10Y,-0.10746013063651857
2029-08-30,000300.SH,-0.0
2029-08-30,SPX,0.11189261770430263
2029-08-30,HSI,-0.0
2029-08-30,N225,0.054280256063881635
2029-08-30,SX5E,0.036439777896711614
2029-08-30,000688.SH,-0.011641420369791333
2029-08-30,SOX,0.07826366002951951
2029-08-30,NDX,-0.02113737662046893
2029-08-30,XAU,0.030603750640200735
2029-08-30,COPPER,-0.0957763489056821
2029-08-30,WTI,0.02510545849499105
2029-08-30,BTC,-0.054813619825569065
2029-08-30,ETH,-0.0
2029-08-30,US10Y,-0.009523818505162172
2029-08-30,CN10Y,-0.14369293660293309
2029-08-31,000300.SH,-0.0
2029-08-31,SPX,0.09900565570068665
2029-08-31,HSI,-0.0
2029-08-31,N225,0.06483783256696851
2029-08-31,SX5E,0.0075760481032319076
2029-08-31,000688.SH,-0.017243674970982156
2029-08-31,SOX,0.11764736713254956
2029-08-31,NDX,-0.05557111665891616
2029-08-31,XAU,0.03797542519866417
2029-08-31,COPPER,-0.08999836744457357
2029-08-31,WTI,0.02778074807950141
2029-08-31,BTC,-0.0130200478910696
2029-08-31,ETH,-0.0
2029-08-31,US10Y,-0.008974862151136093
2029-08-31,CN10Y,-0.17001500766492342
2029-09-03,000300.SH,-0.0
2029-09-03,SPX,0.10682294428564656
2029-09-03,HSI,-0.0
2029-09-03,N225,0.04897568766688855
2029-09-03,SX5E,0.004205280514057315
2029-09-03,000688.SH,-0.014501025431444554
2029-09-03,SOX,0.11739552051788439
2029-09-03,NDX,-0.05635573927631235
2029-09-03,XAU,0.028324148502781765
2029-09-03,COPPER,-0.054658394132428095
2029-09-03,WTI,-0.047177920347484525
2029-09-03,BTC,0.0383856267166542
2029-09-03,ETH,-0.0
2029-09-03,US10Y,-0.013064045127969574
2029-09-03,CN10Y,-0.15835208388827254
2029-09-04,000300.SH,-0.0
2029-09-04,SPX,0.11216114935965653
2029-09-04,HSI,-0.0
2029-09-04,N225,0.03712367330592116
2029-09-04,SX5E,0.012766676585517174
2029-09-04,000688.SH,-0.026484061708091415
2029-09-04,SOX,0.1431005013408232
2029-09-04,NDX,-0.04438386984663615
2029-09-04,XAU,0.03619576842908589
2029-09-04,COPPER,-0.11794706698409467
2029-09-04,WTI,-0.12266351393431416
2029-09-04,BTC,0.1154973565912577
2029-09-04,ETH,-0.0
2029-09-04,US10Y,-0.00966495811500288
2029-09-04,CN10Y,-0.1357016550241214
2029-09-05,000300.SH,-0.0
2029-09-05,SPX,0.08467390075025151
2029-09-05,HSI,-0.0
2029-09-05,N225,0.002845264401915855
2029-09-05,SX5E,0.022197308591860185
2029-09-05,000688.SH,0.004089165725425703
2029-09-05,SOX,0.1326771925198052
2029-09-05,NDX,0.013357883733619522
2029-09-05,XAU,0.00664552375262163
2029-09-05,COPPER,-0.09853765755822226
2029-09-05,WTI,-0.13262231726382745
2029-09-05,BTC,0.1379229018054379
2029-09-05,ETH,-0.0
2029-09-05,US10Y,-0.035264287562088006
2029-09-05,CN10Y,-0.1379848788967999
2029-09-06,000300.SH,-0.0
2029-09-06,SPX,0.06372687256151646
2029-09-06,HSI,-0.0
2029-09-06,N225,0.022615349062514195
2029-09-06,SX5E,0.05291742271270031
2029-09-06,000688.SH,0.0033711130625730225
2029-09-06,SOX,0.12555347783821558
2029-09-06,NDX,-0.009922127920144842
2029-09-06,XAU,0.0030488684159603423
2029-09-06,COPPER,-0.09532427686680435
2029-09-06,WTI,-0.10017503515870761
2029-09-06,BTC,0.1094078465632401
2029-09-06,ETH,-0.0
2029-09-06,US10Y,-0.045355413200742475
2029-09-06,CN10Y,-0.1298640970703216
2029-09-07,000300.SH,-0.0
2029-09-07,SPX,0.046603740411026634
2029-09-07,HSI,-0.0
2029-09-07,N225,0.018624393042690132
2029-09-07,SX5E,0.027891362295112982
2029-09-07,000688.SH,0.022022162799947845
2029-09-07,SOX,0.11859197163150333
2029-09-07,NDX,0.009939627347612121
2029-09-07,XAU,0.0003113559433591817
2029-09-07,COPPER,-0.08697921153375676
2029-09-07,WTI,-0.0864723107939684
2029-09-07,BTC,0.09618620368470307
2029-09-07,ETH,-0.0
2029-09-07,US10Y,-0.035305816157154515
2029-09-07,CN10Y,-0.1314134786710741
2029-09-10,000300.SH,-0.0
2029-09-10,SPX,0.03764639904210082
2029-09-10,HSI,-0.0
2029-09-10,N225,0.06559795620089157
2029-09-10,SX5E,0.011729026851739946
2029-09-10,000688.SH,0.02825766632668723
2029-09-10,SOX,0.09200110703087437
2029-09-10,NDX,0.029245487578680847
2029-09-10,XAU,-0.00840564875961106
2029-09-10,COPPER,-0.0781266664768497
2029-09-10,WTI,-0.15543496312870553
2029-09-10,BTC,0.14192190743297117
2029-09-10,ETH,-0.0
2029-09-10,US10Y,-0.05093496465723115
2029-09-10,CN10Y,-0.1134973074415451
2029-09-11,000300.SH,-0.0
2029-09-11,SPX,0.021541720948160578
2029-09-11,HSI,-0.0
2029-09-11,N225,0.043386360132518335
2029-09-11,SX5E,0.010807004919445948
2029-09-11,000688.SH,0.02762193017362079
2029-09-11,SOX,0.08354767520343488
2029-09-11,NDX,0.04968857755904689
2029-09-11,XAU,-0.01627293467923745
2029-09-11,COPPER,-0.07628482376992445
2029-09-11,WTI,-0.1392205363763647
2029-09-11,BTC,0.17172746927033306
2029-09-11,ETH,-0.0
2029-09-11,US10Y,-0.047565533385888495
2029-09-11,CN10Y,-0.12897690999513778
2029-09-12,000300.SH,-0.0
2029-09-12,SPX,0.008963638046052148
2029-09-12,HSI,-0.0
2029-09-12,N225,0.02940710505033762
2029-09-12,SX5E,0.015465749423036149
2029-09-12,000688.SH,0.0005090925551064426
2029-09-12,SOX,0.11351359183717676
2029-09-12,NDX,0.058122329409127434
2029-09-12,XAU,-0.01843585611078702
2029-09-12,COPPER,-0.09264158143606657
2029-09-12,WTI,-0.13589864154440975
2029-09-12,BTC,0.16768992245338774
2029-09-12,ETH,-0.0
2029-09-12,US10Y,-0.02191176368482785
2029-09-12,CN10Y,-0.12478358599812507
2029-09-13,000300.SH,-0.0
2029-09-13,SPX,0.008910282780991628
2029-09-13,HSI,-0.0
2029-09-13,N225,0.012697878711103575
2029-09-13,SX5E,0.03839636563580988
2029-09-13,000688.SH,-0.019499928349259153
2029-09-13,SOX,0.12642792445637557
2029-09-13,NDX,0.04272303582664002
2029-09-13,XAU,-0.020389025559725812
2029-09-13,COPPER,-0.05925549518745962
2029-09-13,WTI,-0.12346630611402795
2029-09-13,BTC,0.08730504705172452
2029-09-13,ETH,-0.0
2029-09-13,US10Y,-0.02488405145383219
2029-09-13,CN10Y,-0.06896572779833311
2029-09-14,000300.SH,-0.0
2029-09-14,SPX,-0.022934878718249486
2029-09-14,HSI,-0.0
2029-09-14,N225,0.02884914184450989
2029-09-14,SX5E,0.044627518212600206
2029-09-14,000688.SH,0.05179652834184338
2029-09-14,SOX,0.1170720344094612
2029-09-14,NDX,0.05111079706911015
2029-09-14,XAU,-0.026128527166198026
2029-09-14,COPPER,-0.08063534882051823
2029-09-14,WTI,-0.11276586669550291
2029-09-14,BTC,0.10426395525221267
2029-09-14,ETH,-0.0
2029-09-14,US10Y,-0.0215613491363634
2029-09-14,CN10Y,-0.13369400459289693
2029-09-17,000300.SH,-0.0
2029-09-17,SPX,-0.012386630602551553
2029-09-17,HSI,-0.0
2029-09-17,N225,-0.019073871220732914
2029-09-17,SX5E,0.04433826051506925
2029-09-17,000688.SH,0.09625837800976285
2029-09-17,SOX,0.09290179216127747
2029-09-17,NDX,0.035528616689183334
2029-09-17,XAU,-0.0400273674272295
2029-09-17,COPPER,-0.09724615459096488
2029-09-17,WTI,-0.0782496148719565
2029-09-17,BTC,0.11129321033466102
2029-09-17,ETH,-0.0
2029-09-17,US10Y,-0.013388017115599412
2029-09-17,CN10Y,-0.11994860188091133
2029-09-18,000300.SH,-0.0
2029-09-18,SPX,-0.017359994923165385
2029-09-18,HSI,-0.0
2029-09-18,N225,-0.024829615200027244
2029-09-18,SX5E,0.045686198425946414
2029-09-18,000688.SH,0.054929717394238575
2029-09-18,SOX,0.08560049914758704
2029-09-18,NDX,0.053295566307358655
2029-09-18,XAU,-0.03597633789729214
2029-09-18,COPPER,-0.10594975876435528
2029-09-18,WTI,-0.0754262375147075
2029-09-18,BTC,0.12106404589935464
2029-09-18,ETH,-0.0
2029-09-18,US10Y,-0.01778822760969972
2029-09-18,CN10Y,-0.0832458552652324
2029-09-19,000300.SH,-0.0
2029-09-19,SPX,-0.03923152035804045
2029-09-19,HSI,-0.0
2029-09-19,N225,-0.0027263664139056433
2029-09-19,SX5E,0.02083342522639801
2029-09-19,000688.SH,0.047429797729493434
2029-09-19,SOX,0.10127363229960029
2029-09-19,NDX,0.022594791543097546
2029-09-19,XAU,-0.046988895989164524
2029-09-19,COPPER,-0.0896286417981832
2029-09-19,WTI,-0.11349316301656592
2029-09-19,BTC,0.18800384697838793
2029-09-19,ETH,-0.0
2029-09-19,US10Y,-0.011646260133070078
2029-09-19,CN10Y,-0.07642064606804198
2029-09-20,000300.SH,-0.0
2029-09-20,SPX,-0.022960783946661723
2029-09-20,HSI,-0.0
2029-09-20,N225,-0.01748358938337145
2029-09-20,SX5E,0.02740302930153634
2029-09-20,000688.SH,-0.0032229989227500686
2029-09-20,SOX,0.08340701540612262
2029-09-20,NDX,0.009316230604340631
2029-09-20,XAU,-0.04039661515416049
2029-09-20,COPPER,-0.09788673374920218
2029-09-20,WTI,-0.048819497722583774
2029-09-20,BTC,0.19188715618807337
2029-09-20,ETH,-0.0
2029-09-20,US10Y,-0.005404509309576722
2029-09-20,CN10Y,-0.07583870331175978
2029-09-21,000300.SH,-0.0
2029-09-21,SPX,-0.014155437813087379
2029-09-21,HSI,-0.0
2029-09-21,N225,-0.017187975140659336
2029-09-21,SX5E,0.05361787107813828
2029-09-21,000688.SH,0.0041854875875634995
2029-09-21,SOX,0.09958642619216383
2029-09-21,NDX,0.008256996759208456
2029-09-21,XAU,-0.03630535080907686
2029-09-21,COPPER,-0.08634972844403252
2029-09-21,WTI,-0.03635717198957
2029-09-21,BTC,0.11186878533795105
2029-09-21,ETH,-0.0
2029-09-21,US10Y,-0.008898447806189511
2029-09-21,CN10Y,-0.07826145495240247
2029-09-24,000300.SH,-0.0
2029-09-24,SPX,-0.021764218157740385
2029-09-24,HSI,-0.0
2029-09-24,N225,-0.005179635294090554
2029-09-24,SX5E,0.04401090567403921
2029-09-24,000688.SH,0.06660853507063125
2029-09-24,SOX,0.11390282537550843
2029-09-24,NDX,-0.014514630829853273
2029-09-24,XAU,-0.02521069530262519
2029-09-24,COPPER,-0.05317067065987426
2029-09-24,WTI,-0.11903349322838903
2029-09-24,BTC,0.12205570994373863
2029-09-24,ETH,-0.0
2029-09-24,US10Y,-0.002675000554659691
2029-09-24,CN10Y,-0.10502963203667713
2029-09-25,000300.SH,-0.0
2029-09-25,SPX,-0.017851377215227802
2029-09-25,HSI,-0.0
2029-09-25,N225,0.010845139720130985
2029-09-25,SX5E,0.04737714595312724
2029-09-25,000688.SH,0.046041120724309346
2029-09-25,SOX,0.11241323866411629
2029-09-25,NDX,-0.016431244797144553
2029-09-25,XAU,-0.02078469945158061
2029-09-25,COPPER,-0.011970617700212701
2029-09-25,WTI,-0.11143448457669335
2029-09-25,BTC,0.07385725495040434
2029-09-25,ETH,-0.0
2029-09-25,US10Y,0.011067847998838741
2029-09-25,CN10Y,-0.12312932427005986
2029-09-26,000300.SH,-0.0
2029-09-26,SPX,-0.022933286132728978
2029-09-26,HSI,-0.0
2029-09-26,N225,0.0068832279583918654
2029-09-26,SX5E,0.04327586133604552
2029-09-26,000688.SH,0.06832398466489394
2029-09-26,SOX,0.087324752581207
2029-09-26,NDX,-0.030136308949001135
2029-09-26,XAU,-0.008522489752489874
2029-09-26,COPPER,0.022344352845293278
2029-09-26,WTI,-0.15784586529486072
2029-09-26,BTC,0.09099668617971317
2029-09-26,ETH,-0.0
2029-09-26,US10Y,0.006936472250322803
2029-09-26,CN10Y,-0.10664738768678
2029-09-27,000300.SH,-0.0
2029-09-27,SPX,-0.002313363986093575
2029-09-27,HSI,-0.0
2029-09-27,N225,0.0007352582762390641
2029-09-27,SX5E,0.016738512064587673
2029-09-27,000688.SH,0.047376177991404235
2029-09-27,SOX,0.0617807375123109
2029-09-27,NDX,-0.05311944103607008
2029-09-27,XAU,-0.02727697368955127
2029-09-27,COPPER,0.04878994374137166
2029-09-27,WTI,-0.1254921623537348
2029-09-27,BTC,0.0996035705004047
2029-09-27,ETH,-0.0
2029-09-27,US10Y,-0.003952475558752729
2029-09-27,CN10Y,-0.06286978346210825
2029-09-28,000300.SH,-0.0
2029-09-28,SPX,0.006808641565064407
2029-09-28,HSI,-0.0
2029-09-28,N225,-0.015126658591227495
2029-09-28,SX5E,0.041710732932245004
2029-09-28,000688.SH,0.041656471182005377
2029-09-28,SOX,0.07376356338722531
2029-09-28,NDX,-0.04763949364277432
2029-09-28,XAU,-0.03808525261805891
2029-09-28,COPPER,0.02735317324677961
2029-09-28,WTI,-0.06916803149471612
2029-09-28,BTC,0.07094351797304349
2029-09-28,ETH,-0.0
2029-09-28,US10Y,-0.0071803980992859945
2029-09-28,CN10Y,-0.08503626584029418
2029-10-01,000300.SH,-0.0
2029-10-01,SPX,-0.013729554932225234
2029-10-01,HSI,-0.0
2029-10-01,N225,-0.016115422923021074
2029-10-01,SX5E,0.040256822409216526
2029-10-01,000688.SH,0.06780175097926548
2029-10-01,SOX,0.06089156991389668
2029-10-01,NDX,-0.053909907743643334
2029-10-01,XAU,-0.02603632222042995
2029-10-01,COPPER,0.008109032648957619
2029-10-01,WTI,0.020093936789804562
2029-10-01,BTC,0.07165455265866716
2029-10-01,ETH,-0.0
2029-10-01,US10Y,-0.0173375125898005
2029-10-01,CN10Y,-0.14167894499068234
2029-10-02,000300.SH,-0.0
2029-10-02,SPX,-0.02546910212231347
2029-10-02,HSI,-0.0
2029-10-02,N225,0.005422406005871346
2029-10-02,SX5E,0.02365721157160328
2029-10-02,000688.SH,0.05685505792723722
2029-10-02,SOX,0.013372863528474149
2029-10-02,NDX,-0.05969722102187015
2029-10-02,XAU,-0.028223973970432317
2029-10-02,COPPER,0.07723901488486648
2029-10-02,WTI,0.04407099638074975
2029-10-02,BTC,0.06809312124713279
2029-10-02,ETH,-0.0
2029-10-02,US10Y,-0.010810407290712002
2029-10-02,CN10Y,-0.1645099671406025
2029-10-03,000300.SH,-0.0
2029-10-03,SPX,-0.031781564410816164
2029-10-03,HSI,-0.0
2029-10-03,N225,0.025855154152848395
2029-10-03,SX5E,0.022511390275882198
2029-10-03,000688.SH,0.05074771235161267
2029-10-03,SOX,-0.0010290837640058413
2029-10-03,NDX,-0.08162753389967344
2029-10-03,XAU,-0.021664746640611986
2029-10-03,COPPER,0.09041082942912995
2029-10-03,WTI,0.03235942588766226
2029-10-03,BTC,0.04457411698327467
2029-10-03,ETH,-0.0
2029-10-03,US10Y,0.004780557761454008
2029-10-03,CN10Y,-0.13513625812674976
2029-10-04,000300.SH,-0.0
2029-10-04,SPX,-0.04655434135073209
2029-10-04,HSI,-0.0
2029-10-04,N225,0.055844718847644075
2029-10-04,SX5E,-0.00013998632175173283
2029-10-04,000688.SH,0.03247029998810492
2029-10-04,SOX,-0.004710112687267898
2029-10-04,NDX,-0.08501306970757053
2029-10-04,XAU,-0.01939479768951488
2029-10-04,COPPER,0.08520879233781548
2029-10-04,WTI,0.028767404651857134
2029-10-04,BTC,0.07938704474958587
2029-10-04,ETH,-0.0
2029-10-04,US10Y,0.013209681990317275
2029-10-04,CN10Y,-0.13907563480847984
2029-10-05,000300.SH,-0.0
2029-10-05,SPX,-0.05307447752701808
2029-10-05,HSI,-0.0
2029-10-05,N225,0.07040006580504415
2029-10-05,SX5E,0.014643997584813644
2029-10-05,000688.SH,-0.018357515443553817
2029-10-05,SOX,0.009388628533421026
2029-10-05,NDX,-0.11391778913639056
2029-10-05,XAU,-0.004362102432581037
2029-10-05,COPPER,0.08376441442916141
2029-10-05,WTI,0.04706086783925685
2029-10-05,BTC,0.05313975163823739
2029-10-05,ETH,-0.0
2029-10-05,US10Y,0.016913487746432813
2029-10-05,CN10Y,-0.10559932903681724
2029-10-08,000300.SH,-0.0
2029-10-08,SPX,-0.03380841049947492
2029-10-08,HSI,-0.0
2029-10-08,N225,0.035673802130557555
2029-10-08,SX5E,0.05058546068056078
2029-10-08,000688.SH,-0.07335699980748271
2029-10-08,SOX,0.009560684956353482
2029-10-08,NDX,-0.15302303363185496
2029-10-08,XAU,0.009239500192843225
2029-10-08,COPPER,0.07157554413497741
2029-10-08,WTI,0.09342255239774161
2029-10-08,BTC,0.05495606447229959
2029-10-08,ETH,-0.0
2029-10-08,US10Y,0.0300259694752996
2029-10-08,CN10Y,-0.09485113450181458
2029-10-09,000300.SH,-0.0
2029-10-09,SPX,-0.022463615537340623
2029-10-09,HSI,-0.0
2029-10-09,N225,0.06430691485876125
2029-10-09,SX5E,0.053278726617093417
2029-10-09,000688.SH,-0.06195134216748159
2029-10-09,SOX,0.06584126799945557
2029-10-09,NDX,-0.14614451201676934
2029-10-09,XAU,-0.009662440953733885
2029-10-09,COPPER,0.060386753591493994
2029-10-09,WTI,0.07478076646380988
2029-10-09,BTC,-0.005907523568689808
2029-10-09,ETH,-0.0
2029-10-09,US10Y,0.03899480434638944
2029-10-09,CN10Y,-0.1114597996329852
2029-10-10,000300.SH,-0.0
2029-10-10,SPX,-0.01346098601078911
2029-10-10,HSI,-0.0
2029-10-10,N225,0.05108810962185118
2029-10-10,SX5E,0.05228070163713575
2029-10-10,000688.SH,-0.07523100867464623
2029-10-10,SOX,0.05761823160923456
2029-10-10,NDX,-0.1416284492592749
2029-10-10,XAU,-0.013954857193633903
2029-10-10,COPPER,0.08686169456835098
2029-10-10,WTI,0.09184520499864124
2029-10-10,BTC,0.005022704014834632
2029-10-10,ETH,-0.0
2029-10-10,US10Y,0.01515099129911379
2029-10-10,CN10Y,-0.11559233661081679
2029-10-11,000300.SH,-0.0
2029-10-11,SPX,-0.017393011087959324
2029-10-11,HSI,-0.0
2029-10-11,N225,0.0649728918319319
2029-10-11,SX5E,0.026749693831648887
2029-10-11,000688.SH,-0.008557645396526432
2029-10-11,SOX,0.0373120218217801
2029-10-11,NDX,-0.14896738600176887
2029-10-11,XAU,-0.029658206297946
2029-10-11,COPPER,0.08896669549857986
2029-10-11,WTI,0.10409175063409377
2029-10-11,BTC,0.009421494506104813
2029-10-11,ETH,-0.0
2029-10-11,US10Y,0.010178206341774044
2029-10-11,CN10Y,-0.1371165056817107
2029-10-12,000300.SH,-0.0
2029-10-12,SPX,-0.011997401195218714
2029-10-12,HSI,-0.0
2029-10-12,N225,0.057164719453114424
2029-10-12,SX5E,0.025499095360912563
2029-10-12,000688.SH,-0.03741572322737093
2029-10-12,SOX,0.016392314419492404
2029-10-12,NDX,-0.12165138519657173
2029-10-12,XAU,0.0010400855017702049
2029-10-12,COPPER,0.12030243517193231
2029-10-12,WTI,0.02192667515290514
2029-10-12,BTC,0.0016572582085908581
2029-10-12,ETH,-0.0
2029-10-12,US10Y,0.026991929431239
2029-10-12,CN10Y,-0.09991000308079574
2029-10-15,000300.SH,-0.0
2029-10-15,SPX,-0.034628774529057695
2029-10-15,HSI,-0.0
2029-10-15,N225,0.08114668360707748
2029-10-15,SX5E,0.004489346253192576
2029-10-15,000688.SH,-0.07080995914283104
2029-10-15,SOX,0.021747083962961065
2029-10-15,NDX,-0.13164634816132467
2029-10-15,XAU,0.0047446149095542985
2029-10-15,COPPER,0.1484860004296344
2029-10-15,WTI,0.003606735016470408
2029-10-15,BTC,0.03991332101755188
2029-10-15,ETH,-0.0
2029-10-15,US10Y,0.04222674193404065
2029-10-15,CN10Y,-0.10927544529727037
2029-10-16,000300.SH,-0.0
2029-10-16,SPX,-0.020832739124943777
2029-10-16,HSI,-0.0
2029-10-16,N225,0.08910177703213565
2029-10-16,SX5E,0.019626391567060884
2029-10-16,000688.SH,-0.10062428837089937
2029-10-16,SOX,0.015364547320210793
2029-10-16,NDX,-0.14629341748587366
2029-10-16,XAU,0.009871675269216772
2029-10-16,COPPER,0.17870288249609137
2029-10-16,WTI,-0.02482502424527343
2029-10-16,BTC,0.05225275633050655
2029-10-16,ETH,-0.0
2029-10-16,US10Y,0.05393048729227003
2029-10-16,CN10Y,-0.12627504808050208
2029-10-17,000300.SH,-0.0
2029-10-17,SPX,-0.008297591257242401
2029-10-17,HSI,-0.0
2029-10-17,N225,0.04356932623497721
2029-10-17,SX5E,0.03386425762832862
2029-10-17,000688.SH,-0.09334003153985804
2029-10-17,SOX,0.02426592880872818
2029-10-17,NDX,-0.14927870454054018
2029-10-17,XAU,0.02351541215574794
2029-10-17,COPPER,0.1770429071567305
2029-10-17,WTI,0.001822480902159647
2029-10-17,BTC,0.016208885150207457
2029-10-17,ETH,-0.0
2029-10-17,US10Y,0.07140207541722535
2029-10-17,CN10Y,-0.14077494611646224
2029-10-18,000300.SH,-0.0
2029-10-18,SPX,0.0007817923960594837
2029-10-18,HSI,-0.0
2029-10-18,N225,0.05442848065224286
2029-10-18,SX5E,0.04750053599762194
2029-10-18,000688.SH,-0.12009824835009425
2029-10-18,SOX,0.000647772893431986
2029-10-18,NDX,-0.16189265213919984
2029-10-18,XAU,0.03923441799885692
2029-10-18,COPPER,0.16770834420179734
2029-10-18,WTI,0.04440405382120236
2029-10-18,BTC,0.004720163405588736
2029-10-18,ETH,-0.0
2029-10-18,US10Y,0.0735088274036771
2029-10-18,CN10Y,-0.1509434882811826
2029-10-19,000300.SH,-0.0
2029-10-19,SPX,-0.028370846797410268
2029-10-19,HSI,-0.0
2029-10-19,N225,0.05787825363767758
2029-10-19,SX5E,0.06259630319676518
2029-10-19,000688.SH,-0.12639487533347277
2029-10-19,SOX,0.011799642565386816
2029-10-19,NDX,-0.1633406392021821
2029-10-19,XAU,0.04117375757712661
2029-10-19,COPPER,0.1691881119981512
2029-10-19,WTI,0.07941606258348931
2029-10-19,BTC,-0.003327186586247678
2029-10-19,ETH,-0.0
2029-10-19,US10Y,0.08236587346069152
2029-10-19,CN10Y,-0.18298445709997196
2029-10-22,000300.SH,-0.0
2029-10-22,SPX,-0.028822647705826456
2029-10-22,HSI,-0.0
2029-10-22,N225,0.08415294541037409
2029-10-22,SX5E,0.08939757743774236
2029-10-22,000688.SH,-0.1380317771755961
2029-10-22,SOX,0.00532817731072642
2029-10-22,NDX,-0.12004952762652024
2029-10-22,XAU,0.03647429601222471
2029-10-22,COPPER,0.13775153176588084
2029-10-22,WTI,0.07629002739569182
2029-10-22,BTC,-0.04711442389719996
2029-10-22,ETH,-0.0
2029-10-22,US10Y,0.07757467634721352
2029-10-22,CN10Y,-0.17295085527470797
2029-10-23,000300.SH,-0.0
2029-10-23,SPX,-0.045234611850474414
2029-10-23,HSI,-0.0
2029-10-23,N225,0.0819827505794011
2029-10-23,SX5E,0.05517691827617219
2029-10-23,000688.SH,-0.13201883822612967
2029-10-23,SOX,0.011557905376977345
2029-10-23,NDX,-0.08077948231428134
2029-10-23,XAU,0.03574930123165164
2029-10-23,COPPER,0.12247625125098827
2029-10-23,WTI,0.09373338115370361
2029-10-23,BTC,-0.03207457896615117
2029-10-23,ETH,-0.0
2029-10-23,US10Y,0.05706722137797306
2029-10-23,CN10Y,-0.1676362178898285
2029-10-24,000300.SH,-0.0
2029-10-24,SPX,-0.07218612616889773
2029-10-24,HSI,-0.0
2029-10-24,N225,0.08678784047452902
2029-10-24,SX5E,0.06090988227781849
2029-10-24,000688.SH,-0.12254998270408729
2029-10-24,SOX,0.06187970310851214
2029-10-24,NDX,-0.09141258140342334
2029-10-24,XAU,0.0060195813235600325
2029-10-24,COPPER,0.0901494094923386
2029-10-24,WTI,0.112497034710284
2029-10-24,BTC,-0.0434159859042982
2029-10-24,ETH,-0.0
2029-10-24,US10Y,0.0411251279631861
2029-10-24,CN10Y,-0.12980390316951845
2029-10-25,000300.SH,-0.0
2029-10-25,SPX,-0.10166223745143924
2029-10-25,HSI,-0.0
2029-10-25,N225,0.06811590168627879
2029-10-25,SX5E,0.06446217082369687
2029-10-25,000688.SH,-0.1231361613715304
2029-10-25,SOX,0.0252193198080952
2029-10-25,NDX,-0.06258708088032729
2029-10-25,XAU,0.02348891771204804
2029-10-25,COPPER,0.10990271553596631
2029-10-25,WTI,0.10653137209081429
2029-10-25,BTC,-0.04605892381315919
2029-10-25,ETH,-0.0
2029-10-25,US10Y,0.0542740666754265
2029-10-25,CN10Y,-0.11855006081586893
2029-10-26,000300.SH,-0.0
2029-10-26,SPX,-0.09770871499647245
2029-10-26,HSI,-0.0
2029-10-26,N225,0.06043457131305333
2029-10-26,SX5E,0.08448802701098469
2029-10-26,000688.SH,-0.12733533817466397
2029-10-26,SOX,0.018797012413572477
2029-10-26,NDX,-0.08287272220435417
2029-10-26,XAU,0.032036130830736746
2029-10-26,COPPER,0.10515122625103006
2029-10-26,WTI,0.06246011070447651
2029-10-26,BTC,-0.02426928263007873
2029-10-26,ETH,-0.0
2029-10-26,US10Y,0.05614810070072657
2029-10-26,CN10Y,-0.08732912121900982
2029-10-29,000300.SH,-0.0
2029-10-29,SPX,-0.11061656855623037
2029-10-29,HSI,-0.0
2029-10-29,N225,0.062226813819582595
2029-10-29,SX5E,0.07640462609274892
2029-10-29,000688.SH,-0.1596522205669031
2029-10-29,SOX,0.04609360580609105
2029-10-29,NDX,-0.04387593929118637
2029-10-29,XAU,0.015746361793462692
2029-10-29,COPPER,0.11125394351727588
2029-10-29,WTI,0.08468533257336738
2029-10-29,BTC,-0.11606813521934517
2029-10-29,ETH,-0.0
2029-10-29,US10Y,0.06898767533205982
2029-10-29,CN10Y,-0.035185495300921035
2029-10-30,000300.SH,-0.0
2029-10-30,SPX,-0.09309294886773764
2029-10-30,HSI,-0.0
2029-10-30,N225,0.03224434620710696
2029-10-30,SX5E,0.06395375146666446
2029-10-30,000688.SH,-0.0924491054134462
2029-10-30,SOX,0.044697081572883934
2029-10-30,NDX,-0.02902364823232631
2029-10-30,XAU,0.014063006815207614
2029-10-30,COPPER,0.08531389371450532
2029-10-30,WTI,0.07319714772605732
2029-10-30,BTC,-0.17254768330918582
2029-10-30,ETH,-0.0
2029-10-30,US10Y,0.06749553686394714
2029-10-30,CN10Y,0.006148621456324889
2029-10-31,000300.SH,-0.0
2029-10-31,SPX,-0.08649193031285018
2029-10-31,HSI,-0.0
2029-10-31,N225,0.01980599973972646
2029-10-31,SX5E,0.04964125242735905
2029-10-31,000688.SH,-0.06836022435987983
2029-10-31,SOX,0.0489791143358369
2029-10-31,NDX,-0.013282039840143221
2029-10-31,XAU,-0.021287613216971254
2029-10-31,COPPER,0.0721031520776993
2029-10-31,WTI,0.09981613090235128
2029-10-31,BTC,-0.16226803228281217
2029-10-31,ETH,-0.0
2029-10-31,US10Y,0.07068678078721076
2029-10-31,CN10Y,-0.009342590257526836
2029-11-01,000300.SH,-0.0
2029-11-01,SPX,-0.07773143764767301
2029-11-01,HSI,-0.0
2029-11-01,N225,0.028089724389130002
2029-11-01,SX5E,0.04967341387889537
2029-11-01,000688.SH,-0.023040006035993092
2029-11-01,SOX,-0.0003725779651496397
2029-11-01,NDX,0.013222365312689976
2029-11-01,XAU,-0.036897968117507694
2029-11-01,COPPER,0.052010226721330884
2029-11-01,WTI,0.12140813450366685
2029-11-01,BTC,-0.20822358091603094
2029-11-01,ETH,-0.0
2029-11-01,US10Y,0.05015709609173265
2029-11-01,CN10Y,0.031704609784908064
2029-11-02,000300.SH,-0.0
2029-11-02,SPX,-0.05620520178622794
2029-11-02,HSI,-0.0
2029-11-02,N225,0.003041899275024379
2029-11-02,SX5E,0.07120361117349305
2029-11-02,000688.SH,-0.011744843991146418
2029-11-02,SOX,-0.0050449396126479844
2029-11-02,NDX,0.01629472823127246
2029-11-02,XAU,-0.0006718782505364118
2029-11-02,COPPER,0.04936027057287719
2029-11-02,WTI,0.04637412729346597
2029-11-02,BTC,-0.16352572551898203
2029-11-02,ETH,-0.0
2029-11-02,US10Y,0.03756004915032055
2029-11-02,CN10Y,0.013357903463088381
2029-11-05,000300.SH,-0.0
2029-11-05,SPX,-0.06441196731569679
2029-11-05,HSI,-0.0
2029-11-05,N225,0.0048066817040716475
2029-11-05,SX5E,0.04723150245174498
2029-11-05,000688.SH,0.028464264958298863
2029-11-05,SOX,-0.03668208507901992
2029-11-05,NDX,0.05436417504955058
2029-11-05,XAU,-0.0026007997713057493
2029-11-05,COPPER,0.035335477296859284
2029-11-05,WTI,0.04699590574102667
2029-11-05,BTC,-0.16238641706809237
2029-11-05,ETH,-0.0
2029-11-05,US10Y,0.041926997580750414
2029-11-05,CN10Y,0.006956264451811831
2029-11-06,000300.SH,-0.0
2029-11-06,SPX,-0.07239562093127483
2029-11-06,HSI,-0.0
2029-11-06,N225,-0.02788626777488027
2029-11-06,SX5E,0.05340167338252563
2029-11-06,000688.SH,0.034885472651684984
2029-11-06,SOX,-0.062396624068203704
2029-11-06,NDX,0.046505968040545076
2029-11-06,XAU,0.015769298017239888
2029-11-06,COPPER,0.06694090365644359
2029-11-06,WTI,0.016019600447539833
2029-11-06,BTC,-0.1193111312096753
2029-11-06,ETH,-0.0
2029-11-06,US10Y,0.031513464251456055
2029-11-06,CN10Y,0.016953263536600968
2029-11-07,000300.SH,-0.0
2029-11-07,SPX,-0.08096291711924533
2029-11-07,HSI,-0.0
2029-11-07,N225,-0.018611895278989342
2029-11-07,SX5E,0.054081214169519075
2029-11-07,000688.SH,0.04932840983987121
2029-11-07,SOX,-0.08218407603476918
2029-11-07,NDX,0.07068593397241667
2029-11-07,XAU,0.013152520002301438
2029-11-07,COPPER,0.05697706493430789
2029-11-07,WTI,-0.007340180790722781
2029-11-07,BTC,-0.08808409965123541
2029-11-07,ETH,-0.0
2029-11-07,US10Y,0.02548150498617609
2029-11-07,CN10Y,0.007476520970371327
2029-11-08,000300.SH,-0.0
2029-11-08,SPX,-0.08205816443828072
2029-11-08,HSI,-0.0
2029-11-08,N225,-0.032457075044597924
2029-11-08,SX5E,0.06082219523494483
2029-11-08,000688.SH,-0.024619321041119156
2029-11-08,SOX,-0.08498297642804784
2029-11-08,NDX,0.08770713031376097
2029-11-08,XAU,0.031795197253254304
2029-11-08,COPPER,0.04378585639011973
2029-11-08,WTI,-0.034562779487456216
2029-11-08,BTC,-0.007562073499499743
2029-11-08,ETH,-0.0
2029-11-08,US10Y,0.03260916863220625
2029-11-08,CN10Y,0.009522842114716039
2029-11-09,000300.SH,-0.0
2029-11-09,SPX,-0.06817691347653874
2029-11-09,HSI,-0.0
2029-11-09,N225,-0.04204900314880683
2029-11-09,SX5E,0.061522088460251576
2029-11-09,000688.SH,-0.03837421345343657
2029-11-09,SOX,-0.08115847099124796
2029-11-09,NDX,0.06787007501054136
2029-11-09,XAU,-0.015118841557345082
2029-11-09,COPPER,0.018056016747796968
2029-11-09,WTI,0.03056624448254201
2029-11-09,BTC,0.014791840289146867
2029-11-09,ETH,-0.0
2029-11-09,US10Y,0.015662286279913833
2029-11-09,CN10Y,0.03640889135718498
2029-11-12,000300.SH,-0.0
2029-11-12,SPX,-0.0469204470557504
2029-11-12,HSI,-0.0
2029-11-12,N225,-0.03823798079240443
2029-11-12,SX5E,0.06711218559658867
2029-11-12,000688.SH,-0.058391942594385265
2029-11-12,SOX,-0.0681734003370548
2029-11-12,NDX,0.09637379722231168
2029-11-12,XAU,-0.038625669927844025
2029-11-12,COPPER,0.017027024748136336
2029-11-12,WTI,0.015004100079026542
2029-11-12,BTC,-0.004033493215421478
2029-11-12,ETH,-0.0
2029-11-12,US10Y,0.020312430698001996
2029-11-12,CN10Y,0.038553395578800116
2029-11-13,000300.SH,-0.0
2029-11-13,SPX,-0.03636524779744008
2029-11-13,HSI,-0.0
2029-11-13,N225,-0.05636048947626956
2029-11-13,SX5E,0.05955117537912502
2029-11-13,000688.SH,-0.039639433932987245
2029-11-13,SOX,-0.05628491405863067
2029-11-13,NDX,0.1213164297323503
2029-11-13,XAU,-0.025988780889776627
2029-11-13,COPPER,-0.02098524731393464
2029-11-13,WTI,0.052973462845275945
2029-11-13,BTC,0.004659348409578368
2029-11-13,ETH,-0.0
2029-11-13,US10Y,0.0038226634725938447
2029-11-13,CN10Y,-0.006698966369879725
2029-11-14,000300.SH,-0.0
2029-11-14,SPX,-0.06294666511022089
2029-11-14,HSI,-0.0
2029-11-14,N225,-0.02134098088256834
2029-11-14,SX5E,0.06044808269392089
2029-11-14,000688.SH,-0.07443324781376552
2029-11-14,SOX,-0.050690576884898725
2029-11-14,NDX,0.11575997171464206
2029-11-14,XAU,-0.028030151777399433
2029-11-14,COPPER,-0.00012915165257459948
2029-11-14,WTI,0.051369585399738966
2029-11-14,BTC,0.028178257422102948
2029-11-14,ETH,-0.0
2029-11-14,US10Y,0.009472418995337397
2029-11-14,CN10Y,-0.027657542104310755
2029-11-15,000300.SH,-0.0
2029-11-15,SPX,-0.055302770237622714
2029-11-15,HSI,-0.0
2029-11-15,N225,-0.055388166090557085
2029-11-15,SX5E,0.05422393099184863
2029-11-15,000688.SH,-0.003983257030639949
2029-11-15,SOX,-0.03248128156245009
2029-11-15,NDX,0.13622857841105132
2029-11-15,XAU,-0.02223352974431319
2029-11-15,COPPER,-0.0058100054091242675
2029-11-15,WTI,-0.04150224633623084
2029-11-15,BTC,0.02888017521404802
2029-11-15,ETH,-0.0
2029-11-15,US10Y,0.015937702829379435
2029-11-15,CN10Y,-0.018569131035386745
2029-11-16,000300.SH,-0.0
2029-11-16,SPX,-0.025531162212709336
2029-11-16,HSI,-0.0
2029-11-16,N225,-0.07439765651002117
2029-11-16,SX5E,0.015059434049608439
2029-11-16,000688.SH,0.026081406286916665
2029-11-16,SOX,-0.018160957372889024
2029-11-16,NDX,0.1264679451962415
2029-11-16,XAU,0.0011446962023219723
2029-11-16,COPPER,-0.036949002060334205
2029-11-16,WTI,-0.06766922539748862
2029-11-16,BTC,0.0852727193635535
2029-11-16,ETH,-0.0
2029-11-16,US10Y,0.000817720679153042
2029-11-16,CN10Y,-0.03213591822435043
2029-11-19,000300.SH,-0.0
2029-11-19,SPX,-0.020828852819574403
2029-11-19,HSI,-0.0
2029-11-19,N225,-0.08413234597753269
2029-11-19,SX5E,-0.0339917030504749
2029-11-19,000688.SH,0.007953855106494368
2029-11-19,SOX,-0.023292696601946182
2029-11-19,NDX,0.11289860223065705
2029-11-19,XAU,-0.008607836272736688
2029-11-19,COPPER,-0.0351795325009104
2029-11-19,WTI,-0.04357420308734153
2029-11-19,BTC,0.15423100199147108
2029-11-19,ETH,-0.0
2029-11-19,US10Y,-0.010198958633561217
2029-11-19,CN10Y,-0.015277330384541763
2029-11-20,000300.SH,-0.0
2029-11-20,SPX,-0.03355474426409998
2029-11-20,HSI,-0.0
2029-11-20,N225,-0.12177206751013278
2029-11-20,SX5E,-0.005543170399054099
2029-11-20,000688.SH,-0.002429195264074248
2029-11-20,SOX,-0.06298751416328573
2029-11-20,NDX,0.11904103085898625
2029-11-20,XAU,-0.011085073974649029
2029-11-20,COPPER,-0.04311652651176699
2029-11-20,WTI,-0.027252767451260033
2029-11-20,BTC,0.1823113758941127
2029-11-20,ETH,-0.0
2029-11-20,US10Y,0.01611657059730378
2029-11-20,CN10Y,-0.009727917812075878
2029-11-21,000300.SH,-0.0
2029-11-21,SPX,-0.005155428345085671
2029-11-21,HSI,-0.0
2029-11-21,N225,-0.1159758760031615
2029-11-21,SX5E,-0.033166722046037496
2029-11-21,000688.SH,-0.05286601996175007
2029-11-21,SOX,-0.1333013622808644
2029-11-21,NDX,0.13820897893666811
2029-11-21,XAU,0.018586418592248858
2029-11-21,COPPER,-0.04617383813481907
2029-11-21,WTI,-0.04828018924657944
2029-11-21,BTC,0.2615196907116683
2029-11-21,ETH,-0.0
2029-11-21,US10Y,0.008396680510526524
2029-11-21,CN10Y,0.008207667267189665
2029-11-22,000300.SH,-0.0
2029-11-22,SPX,0.024536657746701204
2029-11-22,HSI,-0.0
2029-11-22,N225,-0.07621411807970918
2029-11-22,SX5E,-0.04440730027551073
2029-11-22,000688.SH,-0.04484117306920375
2029-11-22,SOX,-0.09281033208541133
2029-11-22,NDX,0.12871079576405878
2029-11-22,XAU,0.0064251640655132135
2029-11-22,COPPER,-0.0470764019573192
2029-11-22,WTI,-0.01022498845620358
2029-11-22,BTC,0.2002582826799465
2029-11-22,ETH,-0.0
2029-11-22,US10Y,0.002022875498660556
2029-11-22,CN10Y,-0.04637946183151773
2029-11-23,000300.SH,-0.0
2029-11-23,SPX,0.012200234704617141
2029-11-23,HSI,-0.0
2029-11-23,N225,-0.06860083766711769
2029-11-23,SX5E,-0.08043236842879567
2029-11-23,000688.SH,-0.02784482024151582
2029-11-23,SOX,-0.08152849772469857
2029-11-23,NDX,0.15477077848718704
2029-11-23,XAU,0.006810972612928556
2029-11-23,COPPER,-0.04895543884098559
2029-11-23,WTI,0.011637533184411129
2029-11-23,BTC,0.1419865354416964
2029-11-23,ETH,-0.0
2029-11-23,US10Y,0.0026777266705702647
2029-11-23,CN10Y,-0.022721818198293012
2029-11-26,000300.SH,-0.0
2029-11-26,SPX,0.004135962198659771
2029-11-26,HSI,-0.0
2029-11-26,N225,-0.028168398430977473
2029-11-26,SX5E,-0.056821703515808994
2029-11-26,000688.SH,-0.0803275569542882
2029-11-26,SOX,-0.08920267257979274
2029-11-26,NDX,0.1517111412041026
2029-11-26,XAU,0.018922242842989646
2029-11-26,COPPER,-0.06048496189863563
2029-11-26,WTI,0.00866022629163947
2029-11-26,BTC,0.1568246185824574
2029-11-26,ETH,-0.0
2029-11-26,US10Y,-0.006077887430568549
2029-11-26,CN10Y,-0.019171010309774646
2029-11-27,000300.SH,-0.0
2029-11-27,SPX,-0.01274336038281455
2029-11-27,HSI,-0.0
2029-11-27,N225,-0.004803161282763171
2029-11-27,SX5E,-0.039944359889824796
2029-11-27,000688.SH,-0.1269444867562441
2029-11-27,SOX,-0.060768967006885236
2029-11-27,NDX,0.12984848181412728
2029-11-27,XAU,0.011796538123653312
2029-11-27,COPPER,-0.06586774985602177
2029-11-27,WTI,0.015897804718171475
2029-11-27,BTC,0.2330677320331538
2029-11-27,ETH,-0.0
2029-11-27,US10Y,-0.024518974538269508
2029-11-27,CN10Y,-0.055019496976278184
2029-11-28,000300.SH,-0.0
2029-11-28,SPX,-0.02366949622405551
2029-11-28,HSI,-0.0
2029-11-28,N225,0.0034832061817616938
2029-11-28,SX5E,-0.026810424069718806
2029-11-28,000688.SH,-0.1572422278526
2029-11-28,SOX,-0.0679713272766593
2029-11-28,NDX,0.15028821694665712
2029-11-28,XAU,0.03300234862273628
2029-11-28,COPPER,-0.0791108947732857
2029-11-28,WTI,-0.013304180984801864
2029-11-28,BTC,0.24574609255403318
2029-11-28,ETH,-0.0
2029-11-28,US10Y,-0.031458899577312224
2029-11-28,CN10Y,-0.032952413546749916
2029-11-29,000300.SH,-0.0
2029-11-29,SPX,-0.02548038907322967
2029-11-29,HSI,-0.0
2029-11-29,N225,-0.011200055392762993
2029-11-29,SX5E,-0.01816960247757129
2029-11-29,000688.SH,-0.15346575894723335
2029-11-29,SOX,-0.05447534869275421
2029-11-29,NDX,0.12998211898613127
2029-11-29,XAU,0.05131845525842508
2029-11-29,COPPER,-0.09271854813151564
2029-11-29,WTI,-0.021598672341735802
2029-11-29,BTC,0.27344045730599587
2029-11-29,ETH,-0.0
2029-11-29,US10Y,-0.009539271779428543
2029-11-29,CN10Y,-0.06809338471431668
2029-11-30,000300.SH,-0.0
2029-11-30,SPX,-0.037180505436881804
2029-11-30,HSI,-0.0
2029-11-30,N225,0.025031042610808355
2029-11-30,SX5E,-0.04603977674420944
2029-11-30,000688.SH,-0.14681226169499814
2029-11-30,SOX,-0.09388405560168245
2029-11-30,NDX,0.1251649553585053
2029-11-30,XAU,0.02486778141076383
2029-11-30,COPPER,-0.11115162798704066
2029-11-30,WTI,0.011023219784011436
2029-11-30,BTC,0.28485866060136467
2029-11-30,ETH,-0.0
2029-11-30,US10Y,-0.0005216391772574795
2029-11-30,CN10Y,-0.035355793123381
2029-12-03,000300.SH,-0.0
2029-12-03,SPX,-0.04823958665938166
2029-12-03,HSI,-0.0
2029-12-03,N225,0.015669426251156304
2029-12-03,SX5E,-0.030190247726207514
2029-12-03,000688.SH,-0.13652296270705055
2029-12-03,SOX,-0.048629285086965374
2029-12-03,NDX,0.10680126501975121
2029-12-03,XAU,-0.01217363516746272
2029-12-03,COPPER,-0.0725385644166499
2029-12-03,WTI,0.006002680781454384
2029-12-03,BTC,0.26101549133418295
2029-12-03,ETH,-0.0
2029-12-03,US10Y,0.0012455217579335097
2029-12-03,CN10Y,-0.04244010338075713
2029-12-04,000300.SH,-0.0
2029-12-04,SPX,-0.05298478677614488
2029-12-04,HSI,-0.0
2029-12-04,N225,0.047845505085377486
2029-12-04,SX5E,-0.029139104275541013
2029-12-04,000688.SH,-0.1363455332590133
2029-12-04,SOX,-0.11443247045117842
2029-12-04,NDX,0.11365693617769049
2029-12-04,XAU,-0.009386950067248821
2029-12-04,COPPER,-0.0877557611332656
2029-12-04,WTI,0.05503262658563455
2029-12-04,BTC,0.2461355608571104
2029-12-04,ETH,-0.0
2029-12-04,US10Y,-0.012163249928241821
2029-12-04,CN10Y,-0.020462772815175875
2029-12-05,000300.SH,-0.0
2029-12-05,SPX,-0.05477565598066988
2029-12-05,HSI,-0.0
2029-12-05,N225,0.058514517898063376
2029-12-05,SX5E,-0.03946538393888027
2029-12-05,000688.SH,-0.12303131061980586
2029-12-05,SOX,-0.11563962951823621
2029-12-05,NDX,0.11111042109114937
2029-12-05,XAU,-0.016968555077416403
2029-12-05,COPPER,-0.0914127525308173
2029-12-05,WTI,0.07970738868672923
2029-12-05,BTC,0.2014506915735037
2029-12-05,ETH,-0.0
2029-12-05,US10Y,0.0024085452168196896
2029-12-05,CN10Y,-0.011898276800435214
2029-12-06,000300.SH,-0.0
2029-12-06,SPX,-0.038711150810640915
2029-12-06,HSI,-0.0
2029-12-06,N225,0.08298889248835252
2029-12-06,SX5E,-0.058638029244766215
2029-12-06,000688.SH,-0.08219532593122009
2029-12-06,SOX,-0.12340527124338689
2029-12-06,NDX,0.14729213997377366
2029-12-06,XAU,-0.006090446785521267
2029-12-06,COPPER,-0.07747162334235422
2029-12-06,WTI,0.029197070692529078
2029-12-06,BTC,0.1288237557156351
2029-12-06,ETH,-0.0
2029-12-06,US10Y,-0.012754424709723046
2029-12-06,CN10Y,0.010964413197327915
2029-12-07,000300.SH,-0.0
2029-12-07,SPX,-0.0600870756676181
2029-12-07,HSI,-0.0
2029-12-07,N225,0.11550635822077934
2029-12-07,SX5E,-0.056702800300840905
2029-12-07,000688.SH,-0.08033219647191107
2029-12-07,SOX,-0.06634230726979985
2029-12-07,NDX,0.16365087372728282
2029-12-07,XAU,0.005544161695846607
2029-12-07,COPPER,-0.06360806520737729
2029-12-07,WTI,-0.0034984702222543504
2029-12-07,BTC,0.09336285766056032
2029-12-07,ETH,-0.0
2029-12-07,US10Y,-0.006945647724490736
2029-12-07,CN10Y,-0.04054768844017145
2029-12-10,000300.SH,-0.0
2029-12-10,SPX,-0.07096419557672853
2029-12-10,HSI,-0.0
2029-12-10,N225,0.10824150649071847
2029-12-10,SX5E,-0.05515736268847537
2029-12-10,000688.SH,-0.05777774588164881
2029-12-10,SOX,-0.05697008748009893
2029-12-10,NDX,0.1339094600084187
2029-12-10,XAU,0.024467371152381606
2029-12-10,COPPER,-0.06696239713505252
2029-12-10,WTI,0.03894708856715704
2029-12-10,BTC,0.05640287283012783
2029-12-10,ETH,-0.0
2029-12-10,US10Y,-0.02283245509329176
2029-12-10,CN10Y,-0.03130405519350368
2029-12-11,000300.SH,-0.0
2029-12-11,SPX,-0.09988873365938403
2029-12-11,HSI,-0.0
2029-12-11,N225,0.11756301169497585
2029-12-11,SX5E,-0.04630668189736264
2029-12-11,000688.SH,-0.03183957235220494
2029-12-11,SOX,-0.06948325756410004
2029-12-11,NDX,0.12713886012177877
2029-12-11,XAU,-0.013600775808732295
2029-12-11,COPPER,-0.04150218564366397
2029-12-11,WTI,0.036893161923155705
2029-12-11,BTC,0.029771199871397407
2029-12-11,ETH,-0.0
2029-12-11,US10Y,-0.004767200251636617
2029-12-11,CN10Y,-0.003977826434219605
2029-12-12,000300.SH,-0.0
2029-12-12,SPX,-0.06609442907978731
2029-12-12,HSI,-0.0
2029-12-12,N225,0.1387477940542959
2029-12-12,SX5E,-0.0721610428188738
2029-12-12,000688.SH,-0.009336478659584639
2029-12-12,SOX,-0.06553547718259604
2029-12-12,NDX,0.13836956691453187
2029-12-12,XAU,-0.00870967399616444
2029-12-12,COPPER,-0.04539767204132307
2029-12-12,WTI,0.006538135656104897
2029-12-12,BTC,0.017216180088983915
2029-12-12,ETH,-0.0
2029-12-12,US10Y,-0.03195040279557267
2029-12-12,CN10Y,-0.001686500140011444
2029-12-13,000300.SH,-0.0
2029-12-13,SPX,-0.07859014347127484
2029-12-13,HSI,-0.0
2029-12-13,N225,0.15733444254646392
2029-12-13,SX5E,-0.08343857952561631
2029-12-13,000688.SH,-0.01938732531890735
2029-12-13,SOX,-0.05744790416945572
2029-12-13,NDX,0.13195260369371783
2029-12-13,XAU,-0.04405380316382415
2029-12-13,COPPER,-0.0217176569645913
2029-12-13,WTI,0.07381343029125376
2029-12-13,BTC,-0.02679539265847671
2029-12-13,ETH,-0.0
2029-12-13,US10Y,-0.03695657075596557
2029-12-13,CN10Y,0.005286899496679397
2029-12-14,000300.SH,-0.0
2029-12-14,SPX,-0.09432009150929893
2029-12-14,HSI,-0.0
2029-12-14,N225,0.18618996023715573
2029-12-14,SX5E,-0.08381745947805352
2029-12-14,000688.SH,-0.05021136541819458
2029-12-14,SOX,-0.07675212860748584
2029-12-14,NDX,0.15675708801971466
2029-12-14,XAU,-0.06302019098754987
2029-12-14,COPPER,0.0055926811687460245
2029-12-14,WTI,0.012326027964163322
2029-12-14,BTC,-0.007615659910956009
2029-12-14,ETH,-0.0
2029-12-14,US10Y,-0.025743963328248992
2029-12-14,CN10Y,0.04061510185001022
2029-12-17,000300.SH,-0.0
2029-12-17,SPX,-0.11306670341245456
2029-12-17,HSI,-0.0
2029-12-17,N225,0.1836997127743849
2029-12-17,SX5E,-0.039524812687537415
2029-12-17,000688.SH,-0.053891515318805996
2029-12-17,SOX,-0.05805760744134664
2029-12-17,NDX,0.15784131536791898
2029-12-17,XAU,-0.04372737211017653
2029-12-17,COPPER,0.009703255859625575
2029-12-17,WTI,-0.03159328386550997
2029-12-17,BTC,-0.03855155657432512
2029-12-17,ETH,-0.0
2029-12-17,US10Y,-0.016518649271253058
2029-12-17,CN10Y,0.043687216679481264
2029-12-18,000300.SH,-0.0
2029-12-18,SPX,-0.0719135208595336
2029-12-18,HSI,-0.0
2029-12-18,N225,0.23042497971918013
2029-12-18,SX5E,-0.06370454722218778
2029-12-18,000688.SH,-0.02208949054350991
2029-12-18,SOX,-0.07788291002094486
2029-12-18,NDX,0.17434783262655745
2029-12-18,XAU,-0.04360896586395413
2029-12-18,COPPER,0.02554061302884328
2029-12-18,WTI,-0.04377724682644582
2029-12-18,BTC,-0.09714879885986913
2029-12-18,ETH,-0.0
2029-12-18,US10Y,-0.03905687654724706
2029-12-18,CN10Y,0.028868931369112172
2029-12-19,000300.SH,-0.0
2029-12-19,SPX,-0.071212088844491
2029-12-19,HSI,-0.0
2029-12-19,N225,0.22277582536490256
2029-12-19,SX5E,-0.03554843827125246
2029-12-19,000688.SH,0.015277358135547979
2029-12-19,SOX,-0.03245539006746494
2029-12-19,NDX,0.1550768637863601
2029-12-19,XAU,-0.0372965880496707
2029-12-19,COPPER,0.018559313475412925
2029-12-19,WTI,-0.0123031577250638
2029-12-19,BTC,-0.1777473238781896
2029-12-19,ETH,-0.0
2029-12-19,US10Y,-0.033466340846262085
2029-12-19,CN10Y,-0.01166003307982794
2029-12-20,000300.SH,-0.0
2029-12-20,SPX,-0.06999667269821719
2029-12-20,HSI,-0.0
2029-12-20,N225,0.18673147452687788
2029-12-20,SX5E,-0.0265733027939433
2029-12-20,000688.SH,0.00460596695981785
2029-12-20,SOX,0.0029655533074790658
2029-12-20,NDX,0.15678938445918206
2029-12-20,XAU,-0.010618364451941142
2029-12-20,COPPER,0.06303212004304233
2029-12-20,WTI,-0.07208869830950931
2029-12-20,BTC,-0.19293746297085532
2029-12-20,ETH,-0.0
2029-12-20,US10Y,-0.042423503251202754
2029-12-20,CN10Y,0.0005135051792719472
2029-12-21,000300.SH,-0.0
2029-12-21,SPX,-0.06299218152012431
2029-12-21,HSI,-0.0
2029-12-21,N225,0.19054107236199827
2029-12-21,SX5E,-0.008715711940234194
2029-12-21,000688.SH,0.014973518240864247
2029-12-21,SOX,0.04074708563714705
2029-12-21,NDX,0.13459960762484038
2029-12-21,XAU,-0.02982118374395854
2029-12-21,COPPER,0.07249525190443586
2029-12-21,WTI,-0.09268767736868955
2029-12-21,BTC,-0.18878903398137625
2029-12-21,ETH,-0.0
2029-12-21,US10Y,-0.03929509177571829
2029-12-21,CN10Y,-0.031055655439183906
2029-12-24,000300.SH,-0.0
2029-12-24,SPX,-0.037923695407412035
2029-12-24,HSI,-0.0
2029-12-24,N225,0.17147050438463787
2029-12-24,SX5E,-0.027736087477067177
2029-12-24,000688.SH,0.04691238757246089
2029-12-24,SOX,0.0459338554131258
2029-12-24,NDX,0.1320735489922126
2029-12-24,XAU,-0.052661614632640484
2029-12-24,COPPER,0.10445504962679676
2029-12-24,WTI,-0.11190729687995625
2029-12-24,BTC,-0.18120887465662147
2029-12-24,ETH,-0.0
2029-12-24,US10Y,-0.04189293732805365
2029-12-24,CN10Y,-0.047514839607482755
2029-12-25,000300.SH,-0.0
2029-12-25,SPX,-0.03025376656844992
2029-12-25,HSI,-0.0
2029-12-25,N225,0.17245751845797175
2029-12-25,SX5E,-0.02977369370735016
2029-12-25,000688.SH,0.07224830494965606
2029-12-25,SOX,0.04505251782938494
2029-12-25,NDX,0.12999384353007398
2029-12-25,XAU,-0.04147987967381886
2029-12-25,COPPER,0.05773590494726055
2029-12-25,WTI,-0.07513469564530721
2029-12-25,BTC,-0.22228047938858228
2029-12-25,ETH,-0.0
2029-12-25,US10Y,-0.04582947846018266
2029-12-25,CN10Y,-0.03273609627065727
2029-12-26,000300.SH,-0.0
2029-12-26,SPX,-0.02019760918796869
2029-12-26,HSI,-0.0
2029-12-26,N225,0.1781384973554785
2029-12-26,SX5E,-0.03309079869746494
2029-12-26,000688.SH,0.0864944737668065
2029-12-26,SOX,0.032636304367842796
2029-12-26,NDX,0.08549796788644098
2029-12-26,XAU,-0.021328156323940473
2029-12-26,COPPER,0.07954863604196777
2029-12-26,WTI,-0.019352135482926774
2029-12-26,BTC,-0.2744879751359813
2029-12-26,ETH,-0.0
2029-12-26,US10Y,-0.035794510984687104
2029-12-26,CN10Y,-0.05806469360556725
2029-12-27,000300.SH,-0.0
2029-12-27,SPX,0.00019553995365442604
2029-12-27,HSI,-0.0
2029-12-27,N225,0.19340574010086087
2029-12-27,SX5E,-0.03980695349850508
2029-12-27,000688.SH,0.06267742628807989
2029-12-27,SOX,0.0585387182134006
2029-12-27,NDX,0.10012577391277569
2029-12-27,XAU,-0.034247929952774314
2029-12-27,COPPER,0.09229191567850016
2029-12-27,WTI,-0.061913920181178236
2029-12-27,BTC,-0.30166833357931966
2029-12-27,ETH,-0.0
2029-12-27,US10Y,-0.03629164863397724
2029-12-27,CN10Y,-0.033306328301515885
2029-12-28,000300.SH,-0.0
2029-12-28,SPX,0.003679730244416278
2029-12-28,HSI,-0.0
2029-12-28,N225,0.18325370879458014
2029-12-28,SX5E,-0.03501740380951428
2029-12-28,000688.SH,0.10391485493295469
2029-12-28,SOX,0.13146110755295656
2029-12-28,NDX,0.1291433747465627
2029-12-28,XAU,-0.06261296578955465
2029-12-28,COPPER,0.10390921651640127
2029-12-28,WTI,-0.0439618123900928
2029-12-28,BTC,-0.4181727226293679
2029-12-28,ETH,-0.0
2029-12-28,US10Y,-0.03827888495278635
2029-12-28,CN10Y,-0.0573182032165542
2029-12-31,000300.SH,-0.0
2029-12-31,SPX,0.021086075123752338
2029-12-31,HSI,-0.0
2029-12-31,N225,0.1940251039718975
2029-12-31,SX5E,-0.030018391305837812
2029-12-31,000688.SH,0.08318057844234363
2029-12-31,SOX,0.1079233308846001
2029-12-31,NDX,0.16728202338603093
2029-12-31,XAU,-0.030374982216500233
2029-12-31,COPPER,0.08656010750479554
2029-12-31,WTI,-0.05657579360445182
2029-12-31,BTC,-0.44014368815726934
2029-12-31,ETH,-0.0
2029-12-31,US10Y,-0.05772506683079979
2029-12-31,CN10Y,-0.04521929719855899
2030-01-01,000300.SH,-0.0
2030-01-01,SPX,0.035073479440020316
2030-01-01,HSI,-0.0
2030-01-01,N225,0.17513835666766897
2030-01-01,SX5E,-0.04814957162579828
2030-01-01,000688.SH,0.08377990571308742
2030-01-01,SOX,0.16953268812149447
2030-01-01,NDX,0.13920056187806235
2030-01-01,XAU,-0.028012462741369426
2030-01-01,COPPER,0.11314896225218771
2030-01-01,WTI,-0.07301446502217643
2030-01-01,BTC,-0.45348220943817585
2030-01-01,ETH,-0.0
2030-01-01,US10Y,-0.051731459418891276
2030-01-01,CN10Y,-0.06148378582610744
2030-01-02,000300.SH,-0.0
2030-01-02,SPX,0.044481410452230474
2030-01-02,HSI,-0.0
2030-01-02,N225,0.17465248448420118
2030-01-02,SX5E,-0.03359733790764484
2030-01-02,000688.SH,0.029008345338488145
2030-01-02,SOX,0.16383620304581956
2030-01-02,NDX,0.10114133968402123
2030-01-02,XAU,-0.004080610275750598
2030-01-02,COPPER,0.14545855344306413
2030-01-02,WTI,-0.08673855156265486
2030-01-02,BTC,-0.4112811897517828
2030-01-02,ETH,-0.0
2030-01-02,US10Y,-0.06614320640755261
2030-01-02,CN10Y,-0.0567374405424383
2030-01-03,000300.SH,-0.0
2030-01-03,SPX,0.04823526620202058
2030-01-03,HSI,-0.0
2030-01-03,N225,0.18219628835483698
2030-01-03,SX5E,-0.0009386803819874494
2030-01-03,000688.SH,0.041265204768780386
2030-01-03,SOX,0.18228114729831538
2030-01-03,NDX,0.043842701515095464
2030-01-03,XAU,-0.028255283903319824
2030-01-03,COPPER,0.10632914393107332
2030-01-03,WTI,-0.0744244521737854
2030-01-03,BTC,-0.3716544337447174
2030-01-03,ETH,-0.0
2030-01-03,US10Y,-0.06747425605913845
2030-01-03,CN10Y,-0.0614026458071738
2030-01-04,000300.SH,-0.0
2030-01-04,SPX,0.07114293445542949
2030-01-04,HSI,-0.0
2030-01-04,N225,0.1687079839126944
2030-01-04,SX5E,-0.02161804818504663
2030-01-04,000688.SH,0.037507237901842835
2030-01-04,SOX,0.10317057780048237
2030-01-04,NDX,0.0413195876022226
2030-01-04,XAU,-0.025112625071341235
2030-01-04,COPPER,0.08157470977953148
2030-01-04,WTI,0.012880623417823929
2030-01-04,BTC,-0.35708165951464255
2030-01-04,ETH,-0.0
2030-01-04,US10Y,-0.08232753038942842
2030-01-04,CN10Y,-0.030163791709569322
2030-01-07,000300.SH,-0.0
2030-01-07,SPX,0.09773805323387492
2030-01-07,HSI,-0.0
2030-01-07,N225,0.16896721829929645
2030-01-07,SX5E,-0.019312740203762804
2030-01-07,000688.SH,0.008386999476542086
2030-01-07,SOX,0.08716720676095827
2030-01-07,NDX,0.05999310869379634
2030-01-07,XAU,-0.028187007584580828
2030-01-07,COPPER,0.07364262102157187
2030-01-07,WTI,0.0048421880031398745
2030-01-07,BTC,-0.3202806626113894
2030-01-07,ETH,-0.0
2030-01-07,US10Y,-0.09461818383144144
2030-01-07,CN10Y,-0.038338801258006816
2030-01-08,000300.SH,-0.0
2030-01-08,SPX,0.088251237546281
2030-01-08,HSI,-0.0
2030-01-08,N225,0.1951767873017986
2030-01-08,SX5E,-0.023269461201715455
2030-01-08,000688.SH,-0.0012797568959306352
2030-01-08,SOX,0.09282464155405305
2030-01-08,NDX,0.03589360047988366
2030-01-08,XAU,0.0008849743250798122
2030-01-08,COPPER,0.06341306527846
2030-01-08,WTI,-0.024916013761725656
2030-01-08,BTC,-0.3021520483004877
2030-01-08,ETH,-0.0
2030-01-08,US10Y,-0.10567894891754953
2030-01-08,CN10Y,-0.019148077408148757
2030-01-09,000300.SH,-0.0
2030-01-09,SPX,0.07002872463668479
2030-01-09,HSI,-0.0
2030-01-09,N225,0.1665352000148249
2030-01-09,SX5E,-0.0023280662827373823
2030-01-09,000688.SH,0.010444935522845972
2030-01-09,SOX,0.09352828680220908
2030-01-09,NDX,0.04328773422974658
2030-01-09,XAU,0.008684929617015086
2030-01-09,COPPER,0.06695024192009633
2030-01-09,WTI,-0.032623644407212424
2030-01-09,BTC,-0.3216011077964418
2030-01-09,ETH,-0.0
2030-01-09,US10Y,-0.09572878020734597
2030-01-09,CN10Y,-0.007178454049686603
2030-01-10,000300.SH,-0.0
2030-01-10,SPX,0.08497705786621043
2030-01-10,HSI,-0.0
2030-01-10,N225,0.1684327791705055
2030-01-10,SX5E,0.004304870945134284
2030-01-10,000688.SH,0.018935800766596705
2030-01-10,SOX,0.04923888291260042
2030-01-10,NDX,0.031009856275130487
2030-01-10,XAU,0.02470229099025754
2030-01-10,COPPER,0.07707360321042592
2030-01-10,WTI,-0.08798025489456118
2030-01-10,BTC,-0.2707595340899143
2030-01-10,ETH,-0.0
2030-01-10,US10Y,-0.08951259215570374
2030-01-10,CN10Y,-0.010422760996683426
2030-01-11,000300.SH,-0.0
2030-01-11,SPX,0.10201963794461505
2030-01-11,HSI,-0.0
2030-01-11,N225,0.1336055319007841
2030-01-11,SX5E,0.022461741374873855
2030-01-11,000688.SH,0.048258122232236876
2030-01-11,SOX,0.07957050705723889
2030-01-11,NDX,0.02463019719067663
2030-01-11,XAU,0.002065928336586552
2030-01-11,COPPER,0.06676539181697909
2030-01-11,WTI,-0.03784819642143077
2030-01-11,BTC,-0.31560921678692894
2030-01-11,ETH,-0.0
2030-01-11,US10Y,-0.09578356367988801
2030-01-11,CN10Y,-0.030136080965744057
2030-01-14,000300.SH,-0.0
2030-01-14,SPX,0.12458604368808343
2030-01-14,HSI,-0.0
2030-01-14,N225,0.10405531061885875
2030-01-14,SX5E,-0.012010336589421897
2030-01-14,000688.SH,0.06760614349328754
2030-01-14,SOX,0.07953922729601566
2030-01-14,NDX,0.002125856422123198
2030-01-14,XAU,0.0002241782851325272
2030-01-14,COPPER,0.044436076175079775
2030-01-14,WTI,0.09372451630273428
2030-01-14,BTC,-0.3494550634795045
2030-01-14,ETH,-0.0
2030-01-14,US10Y,-0.1044976770748789
2030-01-14,CN10Y,-0.050334275137508794
2030-01-15,000300.SH,-0.0
2030-01-15,SPX,0.13432455223507728
2030-01-15,HSI,-0.0
2030-01-15,N225,0.10900154506443771
2030-01-15,SX5E,-0.007807447529613511
2030-01-15,000688.SH,0.03286497193023956
2030-01-15,SOX,0.13475431033250435
2030-01-15,NDX,-0.03390673261681419
2030-01-15,XAU,-0.010960180583068985
2030-01-15,COPPER,0.03396175996864314
2030-01-15,WTI,0.07279012439437375
2030-01-15,BTC,-0.33539298681114166
2030-01-15,ETH,-0.0
2030-01-15,US10Y,-0.08650154194329282
2030-01-15,CN10Y,-0.04312837444134252
2030-01-16,000300.SH,-0.0
2030-01-16,SPX,0.1250413559591968
2030-01-16,HSI,-0.0
2030-01-16,N225,0.10479888108001507
2030-01-16,SX5E,-0.009774062512526523
2030-01-16,000688.SH,0.04426668027880316
2030-01-16,SOX,0.12813293283545027
2030-01-16,NDX,-0.0458389089815291
2030-01-16,XAU,-0.0038457440479919523
2030-01-16,COPPER,0.04452776247664678
2030-01-16,WTI,0.04364653686895542
2030-01-16,BTC,-0.31973101271448673
2030-01-16,ETH,-0.0
2030-01-16,US10Y,-0.07201234570356532
2030-01-16,CN10Y,-0.0392120755389658
2030-01-17,000300.SH,-0.0
2030-01-17,SPX,0.12472548306889451
2030-01-17,HSI,-0.0
2030-01-17,N225,0.10207849958870513
2030-01-17,SX5E,-0.012114266737696701
2030-01-17,000688.SH,0.06081561929215346
2030-01-17,SOX,0.07615995004568671
2030-01-17,NDX,-0.026199544150009836
2030-01-17,XAU,-0.04261321027235458
2030-01-17,COPPER,-0.043790679223918993
2030-01-17,WTI,0.09102390725894652
2030-01-17,BTC,-0.253647545622574
2030-01-17,ETH,-0.0
2030-01-17,US10Y,-0.05416267125614733
2030-01-17,CN10Y,-0.02227554199168421
2030-01-18,000300.SH,-0.0
2030-01-18,SPX,0.10973597958791735
2030-01-18,HSI,-0.0
2030-01-18,N225,0.10924478955559173
2030-01-18,SX5E,-0.0032756724060768305
2030-01-18,000688.SH,0.06417299590624635
2030-01-18,SOX,0.009601217735296584
2030-01-18,NDX,0.020973878861526418
2030-01-18,XAU,-0.055039546128822864
2030-01-18,COPPER,-0.04261468025634563
2030-01-18,WTI,0.11390520294393315
2030-01-18,BTC,-0.23755644379638158
2030-01-18,ETH,-0.0
2030-01-18,US10Y,-0.056643474588177804
2030-01-18,CN10Y,-0.03250424741470191
2030-01-21,000300.SH,-0.0
2030-01-21,SPX,0.113972865296485
2030-01-21,HSI,-0.0
2030-01-21,N225,0.11083842999507179
2030-01-21,SX5E,-0.017094561652657405
2030-01-21,000688.SH,0.07468843387692017
2030-01-21,SOX,0.011881883480023378
2030-01-21,NDX,-0.005847859422479963
2030-01-21,XAU,-0.04499415482003541
2030-01-21,COPPER,-0.06071984786370491
2030-01-21,WTI,0.10368477451539224
2030-01-21,BTC,-0.22827221098256495
2030-01-21,ETH,-0.0
2030-01-21,US10Y,-0.03858987870305156
2030-01-21,CN10Y,-0.019547873719390034
2030-01-22,000300.SH,-0.0
2030-01-22,SPX,0.09833708839348265
2030-01-22,HSI,-0.0
2030-01-22,N225,0.0992499340332023
2030-01-22,SX5E,-0.018316639052396576
2030-01-22,000688.SH,0.06349519899848308
2030-01-22,SOX,0.0018354378332100254
2030-01-22,NDX,-0.0009715934601526241
2030-01-22,XAU,-0.05298301920919251
2030-01-22,COPPER,-0.008644265513574603
2030-01-22,WTI,0.07533228591762237
2030-01-22,BTC,-0.22011604075394783
2030-01-22,ETH,-0.0
2030-01-22,US10Y,-0.029093937134863045
2030-01-22,CN10Y,-0.008124450051865514
2030-01-23,000300.SH,-0.0
2030-01-23,SPX,0.07809653007585807
2030-01-23,HSI,-0.0
2030-01-23,N225,0.08918502446833365
2030-01-23,SX5E,-0.012799271146146995
2030-01-23,000688.SH,0.03173547685868598
2030-01-23,SOX,0.00802645915561782
2030-01-23,NDX,0.005681038934115774
2030-01-23,XAU,-0.04415567452999961
2030-01-23,COPPER,-0.0002522936799550686
2030-01-23,WTI,0.02872918290959928
2030-01-23,BTC,-0.16782023012526115
2030-01-23,ETH,-0.0
2030-01-23,US10Y,-0.02333104103839737
2030-01-23,CN10Y,0.0069047981175546
2030-01-24,000300.SH,-0.0
2030-01-24,SPX,0.06431758141330966
2030-01-24,HSI,-0.0
2030-01-24,N225,0.04855733571859429
2030-01-24,SX5E,-0.01495617790362164
2030-01-24,000688.SH,-0.002650825068812958
2030-01-24,SOX,0.03965647710559246
2030-01-24,NDX,0.009693596732014328
2030-01-24,XAU,-0.04890121407079294
2030-01-24,COPPER,0.0020114683987040075
2030-01-24,WTI,0.05456660690499437
2030-01-24,BTC,-0.13490031459756474
2030-01-24,ETH,-0.0
2030-01-24,US10Y,-0.02512295855508462
2030-01-24,CN10Y,0.007728423922671508
2030-01-25,000300.SH,-0.0
2030-01-25,SPX,0.04997309735451608
2030-01-25,HSI,-0.0
2030-01-25,N225,0.036087835022414805
2030-01-25,SX5E,0.009176194839077187
2030-01-25,000688.SH,-0.05166950110031493
2030-01-25,SOX,0.02614138031486947
2030-01-25,NDX,0.01325104124009969
2030-01-25,XAU,-0.03517499296221423
2030-01-25,COPPER,0.005843117322624674
2030-01-25,WTI,0.037011320327245405
2030-01-25,BTC,-0.07372901398410636
2030-01-25,ETH,-0.0
2030-01-25,US10Y,-0.020750004501657777
2030-01-25,CN10Y,0.003839526127451063
2030-01-28,000300.SH,-0.0
2030-01-28,SPX,0.04105475580163487
2030-01-28,HSI,-0.0
2030-01-28,N225,0.06481894865343008
2030-01-28,SX5E,-0.009193698963613134
2030-01-28,000688.SH,-0.058834137142807275
2030-01-28,SOX,0.04117225550263578
2030-01-28,NDX,0.000977432482404516
2030-01-28,XAU,-0.03677908533530644
2030-01-28,COPPER,0.00889291368264962
2030-01-28,WTI,0.005817050670542407
2030-01-28,BTC,-0.05233052830506149
2030-01-28,ETH,-0.0
2030-01-28,US10Y,-0.0013891569903184148
2030-01-28,CN10Y,-0.004206750056186129
2030-01-29,000300.SH,-0.0
2030-01-29,SPX,0.014218734852262833
2030-01-29,HSI,-0.0
2030-01-29,N225,0.06752719624446181
2030-01-29,SX5E,-0.020568983103719754
2030-01-29,000688.SH,-0.08918324548332524
2030-01-29,SOX,0.09142824458524348
2030-01-29,NDX,0.010561189023986402
2030-01-29,XAU,-0.06435962956153488
2030-01-29,COPPER,-0.015347375844161775
2030-01-29,WTI,0.04772708883726064
2030-01-29,BTC,-0.04149064332965955
2030-01-29,ETH,-0.0
2030-01-29,US10Y,0.005137920119523784
2030-01-29,CN10Y,-0.005650496340334111
2030-01-30,000300.SH,-0.0
2030-01-30,SPX,0.02488030824623085
2030-01-30,HSI,-0.0
2030-01-30,N225,0.049251289142312436
2030-01-30,SX5E,-0.014427917703961403
2030-01-30,000688.SH,-0.05440722464567387
2030-01-30,SOX,0.11214114062762617
2030-01-30,NDX,0.004037711295928441
2030-01-30,XAU,-0.08051901993040265
2030-01-30,COPPER,-0.05149482732797761
2030-01-30,WTI,0.05304788915632436
2030-01-30,BTC,-0.04961770195095472
2030-01-30,ETH,-0.0
2030-01-30,US10Y,0.013424126937851508
2030-01-30,CN10Y,-0.006315773847299694
2030-01-31,000300.SH,-0.0
2030-01-31,SPX,0.011366774037449422
2030-01-31,HSI,-0.0
2030-01-31,N225,0.03452171679048853
2030-01-31,SX5E,-0.01553223292552463
2030-01-31,000688.SH,-0.08180520040710343
2030-01-31,SOX,0.12082377684119285
2030-01-31,NDX,-0.01585938601219921
2030-01-31,XAU,-0.06803467775486416
2030-01-31,COPPER,-0.057448597935619336
2030-01-31,WTI,0.09558685955149371
2030-01-31,BTC,-0.04014281701830576
2030-01-31,ETH,-0.0
2030-01-31,US10Y,0.021642016178551014
2030-01-31,CN10Y,-0.0051182313455560525
2030-02-01,000300.SH,-0.0
2030-02-01,SPX,-0.0003799512486034502
2030-02-01,HSI,-0.0
2030-02-01,N225,0.016676490773624403
2030-02-01,SX5E,-0.0022075723140364918
2030-02-01,000688.SH,-0.07617180204208115
2030-02-01,SOX,0.1424357008673548
2030-02-01,NDX,0.012686526806275876
2030-02-01,XAU,-0.04726035032514635
2030-02-01,COPPER,-0.046634671685871425
2030-02-01,WTI,-0.013893470356997645
2030-02-01,BTC,-0.021790807678617314
2030-02-01,ETH,-0.0
2030-02-01,US10Y,0.03993405934963267
2030-02-01,CN10Y,-0.0033941521455327613
2030-02-04,000300.SH,-0.0
2030-02-04,SPX,-0.014403419986646715
2030-02-04,HSI,-0.0
2030-02-04,N225,0.008235846086029465
2030-02-04,SX5E,-0.019937764418885104
2030-02-04,000688.SH,-0.06433232755982538
2030-02-04,SOX,0.15859064628809622
2030-02-04,NDX,0.00992319373406278
2030-02-04,XAU,-0.045327154632477475
2030-02-04,COPPER,-0.04599417055842312
2030-02-04,WTI,-0.016061706310279207
2030-02-04,BTC,-0.017528514620038717
2030-02-04,ETH,-0.0
2030-02-04,US10Y,0.04996099677031276
2030-02-04,CN10Y,-0.003125624791925006
2030-02-05,000300.SH,-0.0
2030-02-05,SPX,0.01075589539488642
2030-02-05,HSI,-0.0
2030-02-05,N225,-0.02243121733245077
2030-02-05,SX5E,-0.04362053387843925
2030-02-05,000688.SH,-0.0649207094185404
2030-02-05,SOX,0.12403535253366374
2030-02-05,NDX,0.01924332310828752
2030-02-05,XAU,-0.036287101162032404
2030-02-05,COPPER,-0.024237889904627656
2030-02-05,WTI,-0.00385026241280522
2030-02-05,BTC,-0.020891086828051138
2030-02-05,ETH,-0.0
2030-02-05,US10Y,0.06572646089611656
2030-02-05,CN10Y,-0.003522230996006879
2030-02-06,000300.SH,-0.0
2030-02-06,SPX,0.04216018621737852
2030-02-06,HSI,-0.0
2030-02-06,N225,-0.026463416564872763
2030-02-06,SX5E,-0.055238535333776755
2030-02-06,000688.SH,-0.05881213108007529
2030-02-06,SOX,0.11855615861507186
2030-02-06,NDX,0.006724054158612033
2030-02-06,XAU,-0.059133634882095824
2030-02-06,COPPER,-0.0519824068724966
2030-02-06,WTI,0.02790956752865054
2030-02-06,BTC,-0.027241143538782056
2030-02-06,ETH,-0.0
2030-02-06,US10Y,0.0875617895353354
2030-02-06,CN10Y,-0.004040487782947975
2030-02-07,000300.SH,-0.0
2030-02-07,SPX,0.027614606897971426
2030-02-07,HSI,-0.0
2030-02-07,N225,-0.03976377090794377
2030-02-07,SX5E,-0.04406964555538019
2030-02-07,000688.SH,-0.059968433186199085
2030-02-07,SOX,0.19645541932072286
2030-02-07,NDX,0.004607750353006011
2030-02-07,XAU,-0.06848119624673404
2030-02-07,COPPER,-0.06800527919851117
2030-02-07,WTI,0.012402043944264751
2030-02-07,BTC,-0.029353470048723608
2030-02-07,ETH,-0.0
2030-02-07,US10Y,0.07281823290696897
2030-02-07,CN10Y,-0.004256258279441021
2030-02-08,000300.SH,-0.0
2030-02-08,SPX,0.01887142056762959
2030-02-08,HSI,-0.0
2030-02-08,N225,-0.01540709483656523
2030-02-08,SX5E,-0.04134279866207036
2030-02-08,000688.SH,-0.05984902610186166
2030-02-08,SOX,0.20993677866152402
2030-02-08,NDX,0.004882207770003167
2030-02-08,XAU,-0.061770840876835556
2030-02-08,COPPER,-0.09894829004470038
2030-02-08,WTI,-0.0095874353424085
2030-02-08,BTC,-0.014441719017047435
2030-02-08,ETH,-0.0
2030-02-08,US10Y,0.07052809570343256
2030-02-08,CN10Y,-0.0028712978211004377
2030-02-11,000300.SH,-0.0
2030-02-11,SPX,0.03930149216251509
2030-02-11,HSI,-0.0
2030-02-11,N225,0.010727783206471367
2030-02-11,SX5E,-0.02045110697035086
2030-02-11,000688.SH,-0.03689827103594246
2030-02-11,SOX,0.19584821293526586
2030-02-11,NDX,-0.012686890855766651
2030-02-11,XAU,-0.06966271006255723
2030-02-11,COPPER,-0.09616714456315793
2030-02-11,WTI,-0.10112963588981058
2030-02-11,BTC,0.0015850387115967637
2030-02-11,ETH,-0.0
2030-02-11,US10Y,0.09104109675154498
2030-02-11,CN10Y,-0.0015078643898096145
2030-02-12,000300.SH,-0.0
2030-02-12,SPX,0.03060689421325107
2030-02-12,HSI,-0.0
2030-02-12,N225,0.012776980392796835
2030-02-12,SX5E,-0.017498817668760925
2030-02-12,000688.SH,-0.03729083464548047
2030-02-12,SOX,0.13467349477144805
2030-02-12,NDX,-0.011453909134226791
2030-02-12,XAU,-0.06958389919415281
2030-02-12,COPPER,-0.08495949373705854
2030-02-12,WTI,-0.06329447271098668
2030-02-12,BTC,0.024935685797765304
2030-02-12,ETH,-0.0
2030-02-12,US10Y,0.0806230609724395
2030-02-12,CN10Y,0.00046531094296211413
2030-02-13,000300.SH,-0.0
2030-02-13,SPX,0.02542214072010148
2030-02-13,HSI,-0.0
2030-02-13,N225,0.015942115535752414
2030-02-13,SX5E,-0.0229507948270181
2030-02-13,000688.SH,-0.05812886519579659
2030-02-13,SOX,0.13284791312822203
2030-02-13,NDX,0.015577187365740996
2030-02-13,XAU,-0.08569955350570127
2030-02-13,COPPER,-0.06441670576522576
2030-02-13,WTI,-0.06837711657713227
2030-02-13,BTC,0.03137447643392012
2030-02-13,ETH,-0.0
2030-02-13,US10Y,0.07719562253007725
2030-02-13,CN10Y,0.0012135801570556399
2030-02-14,000300.SH,-0.0
2030-02-14,SPX,-0.004429554026092727
2030-02-14,HSI,-0.0
2030-02-14,N225,0.027250353159097414
2030-02-14,SX5E,-0.010273980205450678
2030-02-14,000688.SH,-0.07257248577260228
2030-02-14,SOX,0.17215420109300994
2030-02-14,NDX,-0.01781364624290263
2030-02-14,XAU,-0.04697129305410494
2030-02-14,COPPER,-0.039245984490576896
2030-02-14,WTI,-0.0966530130066721
2030-02-14,BTC,0.01284015713438545
2030-02-14,ETH,-0.0
2030-02-14,US10Y,0.07664525967168924
2030-02-14,CN10Y,-0.0009300142597822204
2030-02-15,000300.SH,-0.0
2030-02-15,SPX,-0.0039657834232713915
2030-02-15,HSI,-0.0
2030-02-15,N225,0.036801173091112
2030-02-15,SX5E,-0.03917442296561753
2030-02-15,000688.SH,-0.08283561769103986
2030-02-15,SOX,0.16632697179871866
2030-02-15,NDX,-0.04613053624375771
2030-02-15,XAU,-0.012912697352016545
2030-02-15,COPPER,-0.059445704964412684
2030-02-15,WTI,-0.0856414330807678
2030-02-15,BTC,0.04216801938417308
2030-02-15,ETH,-0.0
2030-02-15,US10Y,0.08177122531199821
2030-02-15,CN10Y,0.0030388061348773834
2030-02-18,000300.SH,-0.0
2030-02-18,SPX,-0.011352753708080693
2030-02-18,HSI,-0.0
2030-02-18,N225,0.02098354899231526
2030-02-18,SX5E,-0.019200672935419365
2030-02-18,000688.SH,-0.09641537570856384
2030-02-18,SOX,0.14799590530893086
2030-02-18,NDX,-0.023288175475711163
2030-02-18,XAU,-0.03190925614740196
2030-02-18,COPPER,-0.07540268483641765
2030-02-18,WTI,-0.04443159799891292
2030-02-18,BTC,0.06936653311254894
2030-02-18,ETH,-0.0
2030-02-18,US10Y,0.056778219587582814
2030-02-18,CN10Y,0.006876309809123522
2030-02-19,000300.SH,-0.0
2030-02-19,SPX,-0.0010469531481194889
2030-02-19,HSI,-0.0
2030-02-19,N225,0.03830925170321566
2030-02-19,SX5E,-0.007899355876169297
2030-02-19,000688.SH,-0.13010898898836495
2030-02-19,SOX,0.15718352826187906
2030-02-19,NDX,-0.03570168619018586
2030-02-19,XAU,-0.030974960736187506
2030-02-19,COPPER,-0.0847063085645905
2030-02-19,WTI,-0.05076565989224079
2030-02-19,BTC,0.06046319149087127
2030-02-19,ETH,-0.0
2030-02-19,US10Y,0.07970753674336496
2030-02-19,CN10Y,0.00554040519652183
2030-02-20,000300.SH,-0.0
2030-02-20,SPX,0.034786794508078804
2030-02-20,HSI,-0.0
2030-02-20,N225,0.030014517097825974
2030-02-20,SX5E,-0.0032596456517171007
2030-02-20,000688.SH,-0.12418593167909245
2030-02-20,SOX,0.1491072144340083
2030-02-20,NDX,-0.020534804814148523
2030-02-20,XAU,-0.03851167836425845
2030-02-20,COPPER,-0.12032180227025221
2030-02-20,WTI,-0.02247477229658342
2030-02-20,BTC,0.04098926703074731
2030-02-20,ETH,-0.0
2030-02-20,US10Y,0.07264761648992395
2030-02-20,CN10Y,0.0017432255154642585
2030-02-21,000300.SH,-0.0
2030-02-21,SPX,0.053102306770113475
2030-02-21,HSI,-0.0
2030-02-21,N225,0.04177459139242026
2030-02-21,SX5E,-0.03744175219875521
2030-02-21,000688.SH,-0.10311782293844435
2030-02-21,SOX,0.10429083181804988
2030-02-21,NDX,-0.017216628230587765
2030-02-21,XAU,-0.031053900229766927
2030-02-21,COPPER,-0.14730774077390013
2030-02-21,WTI,0.011245280354476368
2030-02-21,BTC,0.03726334507705544
2030-02-21,ETH,-0.0
2030-02-21,US10Y,0.08696990029806667
2030-02-21,CN10Y,0.001491588661268636
2030-02-22,000300.SH,-0.0
2030-02-22,SPX,0.05115781848323301
2030-02-22,HSI,-0.0
2030-02-22,N225,0.04490519537192306
2030-02-22,SX5E,-0.03885616975724711
2030-02-22,000688.SH,-0.07022083963128782
2030-02-22,SOX,0.07131733381831029
2030-02-22,NDX,-0.05003347322847275
2030-02-22,XAU,-0.010707109962570401
2030-02-22,COPPER,-0.1489723998160794
2030-02-22,WTI,0.004962225868027496
2030-02-22,BTC,0.05729827692845389
2030-02-22,ETH,-0.0
2030-02-22,US10Y,0.08457553803674032
2030-02-22,CN10Y,0.004573603888964442
2030-02-25,000300.SH,-0.0
2030-02-25,SPX,0.05173180987131527
2030-02-25,HSI,-0.0
2030-02-25,N225,0.006878788221777132
2030-02-25,SX5E,-0.03252995334272599
2030-02-25,000688.SH,-0.04110223426415758
2030-02-25,SOX,0.10314563587581192
2030-02-25,NDX,-0.08522519776343822
2030-02-25,XAU,-0.0018851526128774027
2030-02-25,COPPER,-0.16800365071987572
2030-02-25,WTI,0.02744879485048167
2030-02-25,BTC,0.060172551057856474
2030-02-25,ETH,-0.0
2030-02-25,US10Y,0.07386043735360741
2030-02-25,CN10Y,0.005508171472219189
2030-02-26,000300.SH,-0.0
2030-02-26,SPX,0.052039861702981416
2030-02-26,HSI,-0.0
2030-02-26,N225,0.01665048208960209
2030-02-26,SX5E,-1.8727496845422076e-05
2030-02-26,000688.SH,-0.02961492818480306
2030-02-26,SOX,0.060946372811734706
2030-02-26,NDX,-0.09398746479159732
2030-02-26,XAU,-0.003624634220701275
2030-02-26,COPPER,-0.18644005054091142
2030-02-26,WTI,0.008605090822693392
2030-02-26,BTC,0.06658587940400613
2030-02-26,ETH,-0.0
2030-02-26,US10Y,0.10187953746542669
2030-02-26,CN10Y,0.006978580938409046
2030-02-27,000300.SH,-0.0
2030-02-27,SPX,0.04493985311775691
2030-02-27,HSI,-0.0
2030-02-27,N225,-0.00119508315839318
2030-02-27,SX5E,0.01683989862526946
2030-02-27,000688.SH,0.006909216306911357
2030-02-27,SOX,0.02442062179138498
2030-02-27,NDX,-0.07783419225465764
2030-02-27,XAU,-0.017337539766648827
2030-02-27,COPPER,-0.1832588769696706
2030-02-27,WTI,0.014821431581273995
2030-02-27,BTC,0.05189596289240454
2030-02-27,ETH,-0.0
2030-02-27,US10Y,0.11502675218374189
2030-02-27,CN10Y,0.004771955650623527
2030-02-28,000300.SH,-0.0
2030-02-28,SPX,0.051256247465037305
2030-02-28,HSI,-0.0
2030-02-28,N225,-0.010996015691119179
2030-02-28,SX5E,0.028226353650529366
2030-02-28,000688.SH,0.026944885793525435
2030-02-28,SOX,-0.008255368389609462
2030-02-28,NDX,-0.030169413735468463
2030-02-28,XAU,-0.02478642425827325
2030-02-28,COPPER,-0.16393024783293017
2030-02-28,WTI,-0.02957845591399025
2030-02-28,BTC,0.04531180876777954
2030-02-28,ETH,-0.0
2030-02-28,US10Y,0.11228658227664166
2030-02-28,CN10Y,0.0036900478678737487
2030-03-01,000300.SH,-0.0
2030-03-01,SPX,0.04456436383831215
2030-03-01,HSI,-0.0
2030-03-01,N225,-0.014307658718389427
2030-03-01,SX5E,0.03169629315883724
2030-03-01,000688.SH,0.0006515148538475818
2030-03-01,SOX,-0.0321654223485654
2030-03-01,NDX,-0.044421823936647724
2030-03-01,XAU,-0.032430503807224016
2030-03-01,COPPER,-0.14579417477046833
2030-03-01,WTI,0.04502424343140228
2030-03-01,BTC,0.026945745036553843
2030-03-01,ETH,-0.0
2030-03-01,US10Y,0.11813846295461249
2030-03-01,CN10Y,0.0020989603077264146
2030-03-04,000300.SH,-0.0
2030-03-04,SPX,0.02714312067470115
2030-03-04,HSI,-0.0
2030-03-04,N225,-0.003880265124300816
2030-03-04,SX5E,0.03845232908723219
2030-03-04,000688.SH,-0.017080996733729294
2030-03-04,SOX,-0.0044621238192228616
2030-03-04,NDX,-0.03665464189076967
2030-03-04,XAU,-0.04629478081481775
2030-03-04,COPPER,-0.1251972201314842
2030-03-04,WTI,0.03117526985419351
2030-03-04,BTC,0.01533250945575171
2030-03-04,ETH,-0.0
2030-03-04,US10Y,0.12038826682908453
2030-03-04,CN10Y,0.001078532613360081
2030-03-05,000300.SH,-0.0
2030-03-05,SPX,0.016744523502626195
2030-03-05,HSI,-0.0
2030-03-05,N225,-0.007374172345315271
2030-03-05,SX5E,0.04541937366577212
2030-03-05,000688.SH,-0.025180604605786763
2030-03-05,SOX,0.059622766819054845
2030-03-05,NDX,-0.027379282916530537
2030-03-05,XAU,-0.03763804629542518
2030-03-05,COPPER,-0.15575746700791143
2030-03-05,WTI,0.033702869839554485
2030-03-05,BTC,0.006965178870014067
2030-03-05,ETH,-0.0
2030-03-05,US10Y,0.09049917789543152
2030-03-05,CN10Y,0.0003756825785160316
2030-03-06,000300.SH,-0.0
2030-03-06,SPX,0.014123103688129416
2030-03-06,HSI,-0.0
2030-03-06,N225,-0.01975656665888978
2030-03-06,SX5E,0.05800147236879366
2030-03-06,000688.SH,-0.07504625132020531
2030-03-06,SOX,0.075544530787156
2030-03-06,NDX,-0.002287339481277092
2030-03-06,XAU,-0.030190663804892718
2030-03-06,COPPER,-0.14187407190085813
2030-03-06,WTI,0.05376774574859727
2030-03-06,BTC,0.010277583697222363
2030-03-06,ETH,-0.0
2030-03-06,US10Y,0.056786589405283125
2030-03-06,CN10Y,0.0006538674709410591
2030-03-07,000300.SH,-0.0
2030-03-07,SPX,-0.006569117973166066
2030-03-07,HSI,-0.0
2030-03-07,N225,0.0034183412570363437
2030-03-07,SX5E,0.058207832718861964
2030-03-07,000688.SH,-0.11023429926979085
2030-03-07,SOX,-0.005394247899292763
2030-03-07,NDX,0.017901587766969863
2030-03-07,XAU,-0.019644699183402226
2030-03-07,COPPER,-0.12693945045051994
2030-03-07,WTI,0.13268513022535647
2030-03-07,BTC,0.005873398730481649
2030-03-07,ETH,-0.0
2030-03-07,US10Y,0.05040480729334818
2030-03-07,CN10Y,0.00029071678411796685
2030-03-08,000300.SH,-0.0
2030-03-08,SPX,-0.03590639001810098
2030-03-08,HSI,-0.0
2030-03-08,N225,-0.004846733523703187
2030-03-08,SX5E,0.04029218587009785
2030-03-08,000688.SH,-0.10394531723821646
2030-03-08,SOX,-0.02709147292584888
2030-03-08,NDX,0.018882065980360782
2030-03-08,XAU,-0.016926274038679752
2030-03-08,COPPER,-0.08115505873454873
2030-03-08,WTI,0.15905906139043854
2030-03-08,BTC,0.0007495851555771658
2030-03-08,ETH,-0.0
2030-03-08,US10Y,0.051114613941078545
2030-03-08,CN10Y,-0.0002262658584541084
2030-03-11,000300.SH,-0.0
2030-03-11,SPX,-0.04607964383448092
2030-03-11,HSI,-0.0
2030-03-11,N225,0.0012874639143750227
2030-03-11,SX5E,0.02190391832606093
2030-03-11,000688.SH,-0.12626119189006885
2030-03-11,SOX,-0.042265146304823524
2030-03-11,NDX,0.06858754845927789
2030-03-11,XAU,-0.013980891298360219
2030-03-11,COPPER,-0.07293516936628433
2030-03-11,WTI,0.16107871942704036
2030-03-11,BTC,0.0045907760671816174
2030-03-11,ETH,-0.0
2030-03-11,US10Y,0.04383499504627392
2030-03-11,CN10Y,0.00023862145380811156
2030-03-12,000300.SH,-0.0
2030-03-12,SPX,-0.045937862845348426
2030-03-12,HSI,-0.0
2030-03-12,N225,-0.000511496144986353
2030-03-12,SX5E,0.03992380855385157
2030-03-12,000688.SH,-0.13498463512621114
2030-03-12,SOX,-0.04887672223682018
2030-03-12,NDX,0.05206803392970588
2030-03-12,XAU,-0.016412733645407095
2030-03-12,COPPER,-0.038525382398532926
2030-03-12,WTI,0.14952340781167026
2030-03-12,BTC,-0.004078235300014729
2030-03-12,ETH,-0.0
2030-03-12,US10Y,0.04827094624700876
2030-03-12,CN10Y,-0.0004591288449147876
2030-03-13,000300.SH,-0.0
2030-03-13,SPX,-0.030943938249358156
2030-03-13,HSI,-0.0
2030-03-13,N225,0.012138000568407812
2030-03-13,SX5E,0.021451728582146536
2030-03-13,000688.SH,-0.10869386034686722
2030-03-13,SOX,-0.06130535601556679
2030-03-13,NDX,0.049239208798597965
2030-03-13,XAU,-0.022002323675605447
2030-03-13,COPPER,-0.031005650307686677
2030-03-13,WTI,0.1372892177501336
2030-03-13,BTC,-0.01098598794598511
2030-03-13,ETH,-0.0
2030-03-13,US10Y,0.04605137198756033
2030-03-13,CN10Y,-0.0012324111457752951
2030-03-14,000300.SH,-0.0
2030-03-14,SPX,-0.0011185235331599899
2030-03-14,HSI,-0.0
2030-03-14,N225,-0.005235382218895943
2030-03-14,SX5E,-0.016727290920035873
2030-03-14,000688.SH,-0.103308855820868
2030-03-14,SOX,-0.05040323299861295
2030-03-14,NDX,0.05317639465976512
2030-03-14,XAU,-0.04957162522279935
2030-03-14,COPPER,-0.007035604285366448
2030-03-14,WTI,0.13741678754944073
2030-03-14,BTC,-0.006717166094184553
2030-03-14,ETH,-0.0
2030-03-14,US10Y,0.050616351058475575
2030-03-14,CN10Y,-0.0010918521737567641
2030-03-15,000300.SH,-0.0
2030-03-15,SPX,0.00719017851133121
2030-03-15,HSI,-0.0
2030-03-15,N225,-0.015591134853236797
2030-03-15,SX5E,-0.0047117603749604435
2030-03-15,000688.SH,-0.1033431743211038
2030-03-15,SOX,-0.050700610188398235
2030-03-15,NDX,0.08024572158698265
2030-03-15,XAU,-0.050327083150810845
2030-03-15,COPPER,0.01278166851062697
2030-03-15,WTI,0.07167412977474147
2030-03-15,BTC,-0.0027176242729126665
2030-03-15,ETH,-0.0
2030-03-15,US10Y,0.056158445774201725
2030-03-15,CN10Y,-0.0006587569964597439
2030-03-18,000300.SH,-0.0
2030-03-18,SPX,0.014621138844686105
2030-03-18,HSI,-0.0
2030-03-18,N225,0.008245750648330382
2030-03-18,SX5E,-0.010093661817941649
2030-03-18,000688.SH,-0.08931242979156544
2030-03-18,SOX,-0.09696848855567627
2030-03-18,NDX,0.06876957499029242
2030-03-18,XAU,-0.041911189413134826
2030-03-18,COPPER,0.04456711492601119
2030-03-18,WTI,0.038743239418062424
2030-03-18,BTC,-0.004346753430291178
2030-03-18,ETH,-0.0
2030-03-18,US10Y,0.06878903120974181
2030-03-18,CN10Y,-0.0011033270285116504
2030-03-19,000300.SH,-0.0
2030-03-19,SPX,0.022506954182099605
2030-03-19,HSI,-0.0
2030-03-19,N225,0.018456855872843132
2030-03-19,SX5E,-0.00877972761752394
2030-03-19,000688.SH,-0.10254176569451474
2030-03-19,SOX,-0.10365680834697763
2030-03-19,NDX,0.09110209550373737
2030-03-19,XAU,-0.03792686943753982
2030-03-19,COPPER,0.07471140864443446
2030-03-19,WTI,0.005589574254200133
2030-03-19,BTC,-0.005786577659420132
2030-03-19,ETH,-0.0
2030-03-19,US10Y,0.047651950569740725
2030-03-19,CN10Y,-0.0013270902710771134
2030-03-20,000300.SH,-0.0
2030-03-20,SPX,0.014517544503133742
2030-03-20,HSI,-0.0
2030-03-20,N225,0.012857361842077173
2030-03-20,SX5E,-0.02793870691459628
2030-03-20,000688.SH,-0.0677054465315653
2030-03-20,SOX,-0.09356145519999674
2030-03-20,NDX,0.07531610856895787
2030-03-20,XAU,-0.02474585307452453
2030-03-20,COPPER,0.055970370225219786
2030-03-20,WTI,0.03317319512468854
2030-03-20,BTC,-0.002500294649839996
2030-03-20,ETH,-0.0
2030-03-20,US10Y,0.02428971596182486
2030-03-20,CN10Y,0.0003274601446208131
2030-03-21,000300.SH,-0.0
2030-03-21,SPX,-0.000345168722699421
2030-03-21,HSI,-0.0
2030-03-21,N225,0.03681764072012672
2030-03-21,SX5E,-0.00212955964826618
2030-03-21,000688.SH,-0.04947721053464119
2030-03-21,SOX,-0.10416109517963887
2030-03-21,NDX,0.029466831575144847
2030-03-21,XAU,-0.034840807884278145
2030-03-21,COPPER,0.0985136808396792
2030-03-21,WTI,0.0260846290792465
2030-03-21,BTC,-0.004335880417027551
2030-03-21,ETH,-0.0
2030-03-21,US10Y,0.004634004131820897
2030-03-21,CN10Y,-0.0002270639594663741
2030-03-22,000300.SH,-0.0
2030-03-22,SPX,0.004600988569811481
2030-03-22,HSI,-0.0
2030-03-22,N225,0.04009326449232534
2030-03-22,SX5E,-0.03860845136524639
2030-03-22,000688.SH,-0.049820651113664724
2030-03-22,SOX,-0.0712575150877067
2030-03-22,NDX,0.04538369408389451
2030-03-22,XAU,-0.03867281978076373
2030-03-22,COPPER,0.08359899900397591
2030-03-22,WTI,0.03337429443376316
2030-03-22,BTC,-0.0025761070866959536
2030-03-22,ETH,-0.0
2030-03-22,US10Y,-0.00618008280414773
2030-03-22,CN10Y,6.438665445587577e-05
2030-03-25,000300.SH,-0.0
2030-03-25,SPX,0.028054566120144946
2030-03-25,HSI,-0.0
2030-03-25,N225,0.0496466040231821
2030-03-25,SX5E,-0.035273093751108306
2030-03-25,000688.SH,-0.08194391048562188
2030-03-25,SOX,-0.09339544358062829
2030-03-25,NDX,0.0773643955367588
2030-03-25,XAU,-0.05384030544263902
2030-03-25,COPPER,0.07554018623632425
2030-03-25,WTI,0.0465888878801337
2030-03-25,BTC,-0.006264050224451038
2030-03-25,ETH,-0.0
2030-03-25,US10Y,-0.005534734716834251
2030-03-25,CN10Y,-0.0009431015952598199
2030-03-26,000300.SH,-0.0
2030-03-26,SPX,0.030756957675325013
2030-03-26,HSI,-0.0
2030-03-26,N225,0.04916905910818636
2030-03-26,SX5E,-0.032549258759912776
2030-03-26,000688.SH,-0.11777465556826756
2030-03-26,SOX,-0.12129899191663472
2030-03-26,NDX,0.11195439401771674
2030-03-26,XAU,-0.011853007101111958
2030-03-26,COPPER,0.08266936101318541
2030-03-26,WTI,0.028188809021701934
2030-03-26,BTC,0.0007862668217763831
2030-03-26,ETH,-0.0
2030-03-26,US10Y,-0.020016386985662507
2030-03-26,CN10Y,-3.254732630233361e-05
2030-03-27,000300.SH,-0.0
2030-03-27,SPX,0.03315950876186225
2030-03-27,HSI,-0.0
2030-03-27,N225,0.06937679653379247
2030-03-27,SX5E,-0.04508787863461572
2030-03-27,000688.SH,-0.1654465422198669
2030-03-27,SOX,-0.07434165997568165
2030-03-27,NDX,0.10024264254060505
2030-03-27,XAU,-0.013067736271087649
2030-03-27,COPPER,0.08318778592508312
2030-03-27,WTI,0.028002453306244277
2030-03-27,BTC,0.0017492356292889892
2030-03-27,ETH,-0.0
2030-03-27,US10Y,-0.01786430614386024
2030-03-27,CN10Y,8.97005482345477e-05
2030-03-28,000300.SH,-0.0
2030-03-28,SPX,0.022037041658865837
2030-03-28,HSI,-0.0
2030-03-28,N225,0.07224294827305308
2030-03-28,SX5E,-0.06268182277918247
2030-03-28,000688.SH,-0.17327010099051288
2030-03-28,SOX,-0.02547835430083633
2030-03-28,NDX,0.077423559871579
2030-03-28,XAU,-0.02398391395903532
2030-03-28,COPPER,0.08701896408902177
2030-03-28,WTI,0.03754463385167589
2030-03-28,BTC,-0.002329019714008381
2030-03-28,ETH,-0.0
2030-03-28,US10Y,-0.008339620414140627
2030-03-28,CN10Y,-0.00018431558647914408
2030-03-29,000300.SH,-0.0
2030-03-29,SPX,0.03607151926043487
2030-03-29,HSI,-0.0
2030-03-29,N225,0.10961125061654198
2030-03-29,SX5E,-0.06346088924145192
2030-03-29,000688.SH,-0.12963736815677684
2030-03-29,SOX,-0.0182807659564335
2030-03-29,NDX,0.07813754764842491
2030-03-29,XAU,-0.055386067726883245
2030-03-29,COPPER,0.05240096394403504
2030-03-29,WTI,0.00953249362829595
2030-03-29,BTC,-0.006940230838444793
2030-03-29,ETH,-0.0
2030-03-29,US10Y,-0.011211044990064388
2030-03-29,CN10Y,-0.0008374081876760016
2030-04-01,000300.SH,-0.0
2030-04-01,SPX,0.030102952599279056
2030-04-01,HSI,-0.0
2030-04-01,N225,0.09889634560891188
2030-04-01,SX5E,-0.061887560080157326
2030-04-01,000688.SH,-0.08921768406006932
2030-04-01,SOX,-0.015802226865072294
2030-04-01,NDX,0.059248244911790794
2030-04-01,XAU,-0.01864888393624193
2030-04-01,COPPER,0.018363046444685175
2030-04-01,WTI,0.005090623865265036
2030-04-01,BTC,-0.005409906330838255
2030-04-01,ETH,-0.0
2030-04-01,US10Y,-0.020097041767126636
2030-04-01,CN10Y,-0.0006379103904232966
2030-04-02,000300.SH,-0.0
2030-04-02,SPX,0.04365572205635253
2030-04-02,HSI,-0.0
2030-04-02,N225,0.0926069815524706
2030-04-02,SX5E,-0.04288434897610231
2030-04-02,000688.SH,-0.13445016014208017
2030-04-02,SOX,-0.03342150173636875
2030-04-02,NDX,0.06701491373259083
2030-04-02,XAU,-0.025452003885909295
2030-04-02,COPPER,0.02749717712775481
2030-04-02,WTI,0.02464909456834142
2030-04-02,BTC,-0.0013387372371055362
2030-04-02,ETH,-0.0
2030-04-02,US10Y,-0.017611799636217403
2030-04-02,CN10Y,-0.00026533742372403176
2030-04-03,000300.SH,-0.0
2030-04-03,SPX,0.038840636990204284
2030-04-03,HSI,-0.0
2030-04-03,N225,0.09241096906681254
2030-04-03,SX5E,-0.03297917190362977
2030-04-03,000688.SH,-0.08018040621268538
2030-04-03,SOX,-0.11181764484033113
2030-04-03,NDX,0.04696684990069613
2030-04-03,XAU,-0.021152611116672944
2030-04-03,COPPER,0.024260489517993974
2030-04-03,WTI,0.054554040807902854
2030-04-03,BTC,-0.0006540830236450375
2030-04-03,ETH,-0.0
2030-04-03,US10Y,-0.01003522788070646
2030-04-03,CN10Y,-0.00021384130593744805
2030-04-04,000300.SH,-0.0
2030-04-04,SPX,0.0297203106604926
2030-04-04,HSI,-0.0
2030-04-04,N225,0.07035509365332542
2030-04-04,SX5E,-0.06255335430921793
2030-04-04,000688.SH,-0.04822559742663901
2030-04-04,SOX,-0.04272091266964991
2030-04-04,NDX,0.059734031508462584
2030-04-04,XAU,-0.04746950819557699
2030-04-04,COPPER,0.007355011003282001
2030-04-04,WTI,0.03490413486464366
2030-04-04,BTC,0.0008255461278556214
2030-04-04,ETH,-0.0
2030-04-04,US10Y,-0.0018379204910640833
2030-04-04,CN10Y,-8.683472591266927e-05
2030-04-05,000300.SH,-0.0
2030-04-05,SPX,0.053400501651526856
2030-04-05,HSI,-0.0
2030-04-05,N225,0.09319018973174703
2030-04-05,SX5E,-0.0695784296642541
2030-04-05,000688.SH,-0.036312742478811014
2030-04-05,SOX,-0.03109226618266113
2030-04-05,NDX,0.04776884183162591
2030-04-05,XAU,-0.0074497511224854394
2030-04-05,COPPER,0.0015753756274450043
2030-04-05,WTI,-0.033092449801689475
2030-04-05,BTC,-0.0013946086715799547
2030-04-05,ETH,-0.0
2030-04-05,US10Y,-0.01671093122905452
2030-04-05,CN10Y,-0.0003037296918065749
2030-04-08,000300.SH,-0.0
2030-04-08,SPX,0.04568160911919357
2030-04-08,HSI,-0.0
2030-04-08,N225,0.0723167337446292
2030-04-08,SX5E,-0.04969257256126817
2030-04-08,000688.SH,-0.0041688643267207975
2030-04-08,SOX,-0.02286749818039832
2030-04-08,NDX,0.018136284362054677
2030-04-08,XAU,-0.023705193698047324
2030-04-08,COPPER,0.023643065863084036
2030-04-08,WTI,-0.03471567411538392
2030-04-08,BTC,-0.0037017492618575325
2030-04-08,ETH,-0.0
2030-04-08,US10Y,-0.020301803913845066
2030-04-08,CN10Y,-0.0006243370314377115
2030-04-09,000300.SH,-0.0
2030-04-09,SPX,0.05027126473050059
2030-04-09,HSI,-0.0
2030-04-09,N225,0.03095050867275549
2030-04-09,SX5E,-0.06253562693305222
2030-04-09,000688.SH,-0.013681360489796152
2030-04-09,SOX,0.0011257420604576917
2030-04-09,NDX,0.03185072311549083
2030-04-09,XAU,-0.01590126646186973
2030-04-09,COPPER,-0.03416139257096652
2030-04-09,WTI,0.031197005985126335
2030-04-09,BTC,-0.004766389412239443
2030-04-09,ETH,-0.0
2030-04-09,US10Y,-0.013581200270038823
2030-04-09,CN10Y,-0.000768008426363753
2030-04-10,000300.SH,-0.0
2030-04-10,SPX,0.03040417073207092
2030-04-10,HSI,-0.0
2030-04-10,N225,0.026813156301864125
2030-04-10,SX5E,-0.05408404393044383
2030-04-10,000688.SH,-0.013575702266436257
2030-04-10,SOX,0.014785686205200021
2030-04-10,NDX,0.012839818589801856
2030-04-10,XAU,-0.009961114945383872
2030-04-10,COPPER,-0.03172670098401844
2030-04-10,WTI,0.055086433227758635
2030-04-10,BTC,-0.0051923605037921625
2030-04-10,ETH,-0.0
2030-04-10,US10Y,-0.024563864447314173
2030-04-10,CN10Y,-0.0008254779793022173
2030-04-11,000300.SH,-0.0
2030-04-11,SPX,0.021378748120316614
2030-04-11,HSI,-0.0
2030-04-11,N225,0.029429327480702188
2030-04-11,SX5E,-0.03201884083451663
2030-04-11,000688.SH,-0.02241434759104581
2030-04-11,SOX,-0.022187748193005258
2030-04-11,NDX,-0.0037406664211348598
2030-04-11,XAU,-0.0023374803349958152
2030-04-11,COPPER,-0.034614713942666075
2030-04-11,WTI,0.12002713673287271
2030-04-11,BTC,-0.0014387091856823582
2030-04-11,ETH,-0.0
2030-04-11,US10Y,-0.05183974897670103
2030-04-11,CN10Y,-0.00024295685413907686
2030-04-12,000300.SH,-0.0
2030-04-12,SPX,0.017795149421733138
2030-04-12,HSI,-0.0
2030-04-12,N225,0.04693700080494992
2030-04-12,SX5E,-0.0287177951575745
2030-04-12,000688.SH,-0.03375635059233434
2030-04-12,SOX,-0.02076338118049742
2030-04-12,NDX,-0.021363590431758082
2030-04-12,XAU,-8.877821730375775e-05
2030-04-12,COPPER,-0.06091078774943406
2030-04-12,WTI,0.1695487094352457
2030-04-12,BTC,-0.0006971263558428675
2030-04-12,ETH,-0.0
2030-04-12,US10Y,-0.06808871176095932
2030-04-12,CN10Y,0.00010566178377872758
2030-04-15,000300.SH,-0.0
2030-04-15,SPX,-0.011618421842981588
2030-04-15,HSI,-0.0
2030-04-15,N225,-0.013807114491301127
2030-04-15,SX5E,-0.051032523807636405
2030-04-15,000688.SH,-0.02490375379084897
2030-04-15,SOX,0.018630633505372356
2030-04-15,NDX,0.006848388233162641
2030-04-15,XAU,0.029217490141439213
2030-04-15,COPPER,-0.05374187934394287
2030-04-15,WTI,0.16568154952688746
2030-04-15,BTC,-0.0016637641381018844
2030-04-15,ETH,-0.0
2030-04-15,US10Y,-0.06368540670102127
2030-04-15,CN10Y,7.480270897436742e-05
2030-04-16,000300.SH,-0.0
2030-04-16,SPX,-0.017733682419344685
2030-04-16,HSI,-0.0
2030-04-16,N225,-0.040686175991267476
2030-04-16,SX5E,-0.05936311889197297
2030-04-16,000688.SH,0.02721809437007487
2030-04-16,SOX,0.00013180994949820585
2030-04-16,NDX,0.030840664413334343
2030-04-16,XAU,-0.010823249937959266
2030-04-16,COPPER,-0.057802575285670094
2030-04-16,WTI,0.18480233581247188
2030-04-16,BTC,-0.0006751777617336157
2030-04-16,ETH,-0.0
2030-04-16,US10Y,-0.056048311861754435
2030-04-16,CN10Y,0.00013938760432472181
2030-04-17,000300.SH,-0.0
2030-04-17,SPX,-0.00044306914271019515
2030-04-17,HSI,-0.0
2030-04-17,N225,-0.03498001412150563
2030-04-17,SX5E,-0.025121560072046998
2030-04-17,000688.SH,0.00714324344997014
2030-04-17,SOX,0.011529897566843987
2030-04-17,NDX,0.027961314371683674
2030-04-17,XAU,-0.015821536753279516
2030-04-17,COPPER,-0.0513106570564782
2030-04-17,WTI,0.11315039113634268
2030-04-17,BTC,6.741527591240857e-05
2030-04-17,ETH,-0.0
2030-04-17,US10Y,-0.03201813863021338
2030-04-17,CN10Y,-0.00015728602451549675
2030-04-18,000300.SH,-0.0
2030-04-18,SPX,-0.00258133143437287
2030-04-18,HSI,-0.0
2030-04-18,N225,-0.04956681334673575
2030-04-18,SX5E,-0.023731547303470494
2030-04-18,000688.SH,-0.014369365714218506
2030-04-18,SOX,0.04641865077716948
2030-04-18,NDX,0.06422962970856082
2030-04-18,XAU,0.006913117659469751
2030-04-18,COPPER,-0.07086400557886408
2030-04-18,WTI,0.08317975259273154
2030-04-18,BTC,5.3962395473053545e-05
2030-04-18,ETH,-0.0
2030-04-18,US10Y,-0.0395312634489931
2030-04-18,CN10Y,-0.0001507863067478995
2030-04-19,000300.SH,-0.0
2030-04-19,SPX,0.004593776769936543
2030-04-19,HSI,-0.0
2030-04-19,N225,-0.055217122049200415
2030-04-19,SX5E,0.006959216964651207
2030-04-19,000688.SH,-0.037779930234292255
2030-04-19,SOX,0.04460936817840874
2030-04-19,NDX,0.06460374104619349
2030-04-19,XAU,0.0026783142258039227
2030-04-19,COPPER,-0.08268116730068698
2030-04-19,WTI,0.08419765187866164
2030-04-19,BTC,0.00020637407387608304
2030-04-19,ETH,-0.0
2030-04-19,US10Y,-0.03226257900303675
2030-04-19,CN10Y,9.235544968475828e-05
2030-04-22,000300.SH,-0.0
2030-04-22,SPX,-0.007673827442585629
2030-04-22,HSI,-0.0
2030-04-22,N225,-0.060995074549518316
2030-04-22,SX5E,0.013389882089960916
2030-04-22,000688.SH,-0.025366727964618946
2030-04-22,SOX,0.016960613364686555
2030-04-22,NDX,0.06476665347888141
2030-04-22,XAU,0.003245485234951795
2030-04-22,COPPER,-0.04758050673858387
2030-04-22,WTI,0.07381262843217089
2030-04-22,BTC,-0.0
2030-04-22,ETH,-0.0
2030-04-22,US10Y,-0.03055912590534411
2030-04-22,CN10Y,-0.0
2030-04-23,000300.SH,-0.0
2030-04-23,SPX,0.0063159744533679485
2030-04-23,HSI,-0.0
2030-04-23,N225,-0.09376063980185552
2030-04-23,SX5E,-0.007323419324445391
2030-04-23,000688.SH,0.003232826763750649
2030-04-23,SOX,0.05108466036672048
2030-04-23,NDX,0.024822229017824476
2030-04-23,XAU,-0.050808200922513855
2030-04-23,COPPER,-0.019969408846848086
2030-04-23,WTI,0.12791266906892487
2030-04-23,BTC,-0.0
2030-04-23,ETH,-0.0
2030-04-23,US10Y,-0.04150669077492551
2030-04-23,CN10Y,-0.0
2030-04-24,000300.SH,-0.0
2030-04-24,SPX,-0.00863757100593816
2030-04-24,HSI,-0.0
2030-04-24,N225,-0.08012159560381527
2030-04-24,SX5E,-0.007441679554667048
2030-04-24,000688.SH,0.008952809886850332
2030-04-24,SOX,0.08776635700277957
2030-04-24,NDX,0.023640251913552773
2030-04-24,XAU,-0.042296120512517285
2030-04-24,COPPER,-0.02734063279492767
2030-04-24,WTI,0.08953758999897325
2030-04-24,BTC,-0.0
2030-04-24,ETH,-0.0
2030-04-24,US10Y,-0.04405940933028977
2030-04-24,CN10Y,-0.0
2030-04-25,000300.SH,-0.0
2030-04-25,SPX,-0.026387765463390864
2030-04-25,HSI,-0.0
2030-04-25,N225,-0.08405417792267116
2030-04-25,SX5E,-0.004128426648874192
2030-04-25,000688.SH,-0.017049497820111906
2030-04-25,SOX,0.08382032567231835
2030-04-25,NDX,0.03110296025519028
2030-04-25,XAU,-0.01806925441570526
2030-04-25,COPPER,-0.031243284154097637
2030-04-25,WTI,0.1008548677677927
2030-04-25,BTC,-0.0
2030-04-25,ETH,-0.0
2030-04-25,US10Y,-0.034845747270450825
2030-04-25,CN10Y,-0.0
2030-04-26,000300.SH,-0.0
2030-04-26,SPX,-0.026360917457556185
2030-04-26,HSI,-0.0
2030-04-26,N225,-0.09035194066481225
2030-04-26,SX5E,-0.019883255701881514
2030-04-26,000688.SH,-0.029454314723954236
2030-04-26,SOX,0.09678942288053773
2030-04-26,NDX,-0.01102403185345473
2030-04-26,XAU,0.006449468890296985
2030-04-26,COPPER,0.024523295569114974
2030-04-26,WTI,0.09916256578596488
2030-04-26,BTC,-0.0
2030-04-26,ETH,-0.0
2030-04-26,US10Y,-0.04985029272425814
2030-04-26,CN10Y,-0.0
2030-04-29,000300.SH,-0.0
2030-04-29,SPX,-0.012575648495403536
2030-04-29,HSI,-0.0
2030-04-29,N225,-0.07373508609378131
2030-04-29,SX5E,-0.0007309671387162944
2030-04-29,000688.SH,-0.041538308204665864
2030-04-29,SOX,0.05794447039439837
2030-04-29,NDX,0.002385840556847438
2030-04-29,XAU,-0.010347947058321786
2030-04-29,COPPER,0.02837824153598756
2030-04-29,WTI,0.0929230974718283
2030-04-29,BTC,-0.0
2030-04-29,ETH,-0.0
2030-04-29,US10Y,-0.04270369296817582
2030-04-29,CN10Y,-0.0
2030-04-30,000300.SH,-0.0
2030-04-30,SPX,-0.021923355497774646
2030-04-30,HSI,-0.0
2030-04-30,N225,-0.09689279907007373
2030-04-30,SX5E,-0.023254173000058567
2030-04-30,000688.SH,0.02136077798382717
2030-04-30,SOX,0.093340520891638
2030-04-30,NDX,-0.005153519126546659
2030-04-30,XAU,-0.019633934936013786
2030-04-30,COPPER,0.03221139648249309
2030-04-30,WTI,0.055495343388479564
2030-04-30,BTC,-0.0
2030-04-30,ETH,-0.0
2030-04-30,US10Y,-0.035550257115974544
2030-04-30,CN10Y,-0.0
2030-05-01,000300.SH,-0.0
2030-05-01,SPX,-0.038471581042615374
2030-05-01,HSI,-0.0
2030-05-01,N225,-0.09249911168253122
2030-05-01,SX5E,-0.05361848454004889
2030-05-01,000688.SH,0.009735169750906832
2030-05-01,SOX,0.17597944246613717
2030-05-01,NDX,0.01878173201552447
2030-05-01,XAU,-0.02693475600894606
2030-05-01,COPPER,0.017346907980582513
2030-05-01,WTI,0.005227839865159762
2030-05-01,BTC,-0.0
2030-05-01,ETH,-0.0
2030-05-01,US10Y,-0.015547158804172151
2030-05-01,CN10Y,-0.0
2030-05-02,000300.SH,-0.0
2030-05-02,SPX,-0.021174131543756056
2030-05-02,HSI,-0.0
2030-05-02,N225,-0.08020072547535634
2030-05-02,SX5E,-0.03586219772555414
2030-05-02,000688.SH,0.0350522478545486
2030-05-02,SOX,0.1258775555134144
2030-05-02,NDX,0.009976494751464607
2030-05-02,XAU,-0.00605077262945917
2030-05-02,COPPER,-0.007871296496862214
2030-05-02,WTI,-0.008631091491676866
2030-05-02,BTC,-0.0
2030-05-02,ETH,-0.0
2030-05-02,US10Y,-0.011116082756764758
2030-05-02,CN10Y,-0.0
2030-05-03,000300.SH,-0.0
2030-05-03,SPX,-0.011137835157307431
2030-05-03,HSI,-0.0
2030-05-03,N225,-0.07824829092210915
2030-05-03,SX5E,-0.0008075449193437126
2030-05-03,000688.SH,-0.015979089401530925
2030-05-03,SOX,0.07014419598482545
2030-05-03,NDX,0.02491063529861067
2030-05-03,XAU,-0.03684348724460153
2030-05-03,COPPER,-0.0016541158587083191
2030-05-03,WTI,0.05469695568642527
2030-05-03,BTC,-0.0
2030-05-03,ETH,-0.0
2030-05-03,US10Y,-0.005081423466263108
2030-05-03,CN10Y,-0.0
2030-05-06,000300.SH,-0.0
2030-05-06,SPX,-0.02576522627206642
2030-05-06,HSI,-0.0
2030-05-06,N225,-0.07738784540920024
2030-05-06,SX5E,0.007520160617901896
2030-05-06,000688.SH,-0.05724707839440589
2030-05-06,SOX,0.07514756201929143
2030-05-06,NDX,0.03511728234405047
2030-05-06,XAU,-0.027602218735108187
2030-05-06,COPPER,-0.007454446353113467
2030-05-06,WTI,0.07446216982785146
2030-05-06,BTC,-0.0
2030-05-06,ETH,-0.0
2030-05-06,US10Y,0.0032096403547954185
2030-05-06,CN10Y,-0.0
2030-05-07,000300.SH,-0.0
2030-05-07,SPX,-0.056463651035578176
2030-05-07,HSI,-0.0
2030-05-07,N225,-0.05877027324601325
2030-05-07,SX5E,-0.014530483674381117
2030-05-07,000688.SH,-0.002250942995948871
2030-05-07,SOX,0.022462022938609466
2030-05-07,NDX,0.057265343368092525
2030-05-07,XAU,-0.01975428542566842
2030-05-07,COPPER,0.017324527121492354
2030-05-07,WTI,0.0402163590259353
2030-05-07,BTC,-0.0
2030-05-07,ETH,-0.0
2030-05-07,US10Y,0.014501383923455314
2030-05-07,CN10Y,-0.0
2030-05-08,000300.SH,-0.0
2030-05-08,SPX,-0.04523152696200223
2030-05-08,HSI,-0.0
2030-05-08,N225,-0.07267446028183348
2030-05-08,SX5E,-0.006765499604803763
2030-05-08,000688.SH,-0.02349358040613346
2030-05-08,SOX,0.04216574508825202
2030-05-08,NDX,0.06739287605410654
2030-05-08,XAU,-0.02956610957152085
2030-05-08,COPPER,0.01840586799485236
2030-05-08,WTI,0.031026243155417424
2030-05-08,BTC,-0.0
2030-05-08,ETH,-0.0
2030-05-08,US10Y,0.018740444533659348
2030-05-08,CN10Y,-0.0
2030-05-09,000300.SH,-0.0
2030-05-09,SPX,-0.03175301167434447
2030-05-09,HSI,-0.0
2030-05-09,N225,-0.06558759696169832
2030-05-09,SX5E,-0.0038759624066596696
2030-05-09,000688.SH,0.02176220165067449
2030-05-09,SOX,0.0572872776906069
2030-05-09,NDX,0.06924976636227144
2030-05-09,XAU,-0.025199612456617525
2030-05-09,COPPER,0.03367280699964133
2030-05-09,WTI,-0.09337472794970202
2030-05-09,BTC,-0.0
2030-05-09,ETH,-0.0
2030-05-09,US10Y,0.037818858745819896
2030-05-09,CN10Y,-0.0
2030-05-10,000300.SH,-0.0
2030-05-10,SPX,-0.05129931984316748
2030-05-10,HSI,-0.0
2030-05-10,N225,-0.09878432497271622
2030-05-10,SX5E,-0.010849131160328348
2030-05-10,000688.SH,0.0612360744747561
2030-05-10,SOX,0.07881400523372932
2030-05-10,NDX,0.08700070017548567
2030-05-10,XAU,-0.02649345351445881
2030-05-10,COPPER,0.0712868806005784
2030-05-10,WTI,-0.13113066554547753
2030-05-10,BTC,-0.0
2030-05-10,ETH,-0.0
2030-05-10,US10Y,0.020219234551590685
2030-05-10,CN10Y,-0.0
2030-05-13,000300.SH,-0.0
2030-05-13,SPX,-0.027057788591978153
2030-05-13,HSI,-0.0
2030-05-13,N225,-0.06166135927310036
2030-05-13,SX5E,0.014339231724037125
2030-05-13,000688.SH,0.0583207155853164
2030-05-13,SOX,0.06750909395914875
2030-05-13,NDX,0.06441453792720865
2030-05-13,XAU,-0.03258859599867706
2030-05-13,COPPER,0.06064620236600725
2030-05-13,WTI,-0.16216130843220525
2030-05-13,BTC,-0.0
2030-05-13,ETH,-0.0
2030-05-13,US10Y,0.018239270734235202
2030-05-13,CN10Y,-0.0
2030-05-14,000300.SH,-0.0
2030-05-14,SPX,-0.04506790286810446
2030-05-14,HSI,-0.0
2030-05-14,N225,-0.07205033035759664
2030-05-14,SX5E,0.008704649534577707
2030-05-14,000688.SH,0.02537033421720009
2030-05-14,SOX,0.08911790710977362
2030-05-14,NDX,0.04588464181906037
2030-05-14,XAU,-0.005500363158714163
2030-05-14,COPPER,0.035013956458250194
2030-05-14,WTI,-0.1264570942900054
2030-05-14,BTC,-0.0
2030-05-14,ETH,-0.0
2030-05-14,US10Y,0.04498420153555295
2030-05-14,CN10Y,-0.0
2030-05-15,000300.SH,-0.0
2030-05-15,SPX,-0.05741193085907478
2030-05-15,HSI,-0.0
2030-05-15,N225,-0.08073534819493118
2030-05-15,SX5E,-0.012074561307238987
2030-05-15,000688.SH,0.028935556618934995
2030-05-15,SOX,0.08906402836063332
2030-05-15,NDX,0.04439133431039686
2030-05-15,XAU,0.002212708270737083
2030-05-15,COPPER,0.052721275493514914
2030-05-15,WTI,-0.08466624508933585
2030-05-15,BTC,-0.0
2030-05-15,ETH,-0.0
2030-05-15,US10Y,0.01756318239635663
2030-05-15,CN10Y,-0.0
2030-05-16,000300.SH,-0.0
2030-05-16,SPX,-0.0662709460249917
2030-05-16,HSI,-0.0
2030-05-16,N225,-0.08340511713715171
2030-05-16,SX5E,-0.005441704804005961
2030-05-16,000688.SH,0.04551968098967272
2030-05-16,SOX,0.019798016720749476
2030-05-16,NDX,0.050287330206003164
2030-05-16,XAU,0.001187275925788366
2030-05-16,COPPER,0.07581611113273415
2030-05-16,WTI,-0.06977556609669958
2030-05-16,BTC,-0.0
2030-05-16,ETH,-0.0
2030-05-16,US10Y,0.03228491908789486
2030-05-16,CN10Y,-0.0
2030-05-17,000300.SH,-0.0
2030-05-17,SPX,-0.06430460335746098
2030-05-17,HSI,-0.0
2030-05-17,N225,-0.07294410703021768
2030-05-17,SX5E,0.011872088557595997
2030-05-17,000688.SH,0.054666284238477914
2030-05-17,SOX,-0.03743238574950086
2030-05-17,NDX,0.06620261356891663
2030-05-17,XAU,-0.00625684768367961
2030-05-17,COPPER,0.0896019720853456
2030-05-17,WTI,-0.0672776665831644
2030-05-17,BTC,-0.0
2030-05-17,ETH,-0.0
2030-05-17,US10Y,0.025872651953680978
2030-05-17,CN10Y,-0.0
2030-05-20,000300.SH,-0.0
2030-05-20,SPX,-0.08659404786863059
2030-05-20,HSI,-0.0
2030-05-20,N225,-0.06018854208772464
2030-05-20,SX5E,0.018934968982970278
2030-05-20,000688.SH,0.03719705280661191
2030-05-20,SOX,-0.009916565736261557
2030-05-20,NDX,0.056717516910936655
2030-05-20,XAU,0.01437904085382297
2030-05-20,COPPER,0.04784939242142136
2030-05-20,WTI,-0.05009350473085167
2030-05-20,BTC,-0.0
2030-05-20,ETH,-0.0
2030-05-20,US10Y,0.03171468844770028
2030-05-20,CN10Y,-0.0
2030-05-21,000300.SH,-0.0
2030-05-21,SPX,-0.08696478827387409
2030-05-21,HSI,-0.0
2030-05-21,N225,-0.04260361421342332
2030-05-21,SX5E,0.037636654592927296
2030-05-21,000688.SH,0.06708403174221228
2030-05-21,SOX,-0.054272352412501036
2030-05-21,NDX,0.06152784313396678
2030-05-21,XAU,0.05255591332758946
2030-05-21,COPPER,0.04051416360666224
2030-05-21,WTI,-0.12689687243214706
2030-05-21,BTC,-0.0
2030-05-21,ETH,-0.0
2030-05-21,US10Y,0.051419020928582214
2030-05-21,CN10Y,-0.0
2030-05-22,000300.SH,-0.0
2030-05-22,SPX,-0.08649259203062475
2030-05-22,HSI,-0.0
2030-05-22,N225,-0.06416625661012831
2030-05-22,SX5E,0.01897771848465169
2030-05-22,000688.SH,0.10774011489646813
2030-05-22,SOX,-0.09349701356625582
2030-05-22,NDX,0.043531502043712256
2030-05-22,XAU,0.06899012754051598
2030-05-22,COPPER,0.02533077134719726
2030-05-22,WTI,-0.06773263421062745
2030-05-22,BTC,-0.0
2030-05-22,ETH,-0.0
2030-05-22,US10Y,0.04731826210508501
2030-05-22,CN10Y,-0.0
2030-05-23,000300.SH,-0.0
2030-05-23,SPX,-0.10601848816872801
2030-05-23,HSI,-0.0
2030-05-23,N225,-0.07145643373949934
2030-05-23,SX5E,0.036146421102465055
2030-05-23,000688.SH,0.16196335752743912
2030-05-23,SOX,-0.15268302159557595
2030-05-23,NDX,0.047710367417483524
2030-05-23,XAU,0.057078124591666425
2030-05-23,COPPER,0.06466344224825442
2030-05-23,WTI,-0.06192256372737265
2030-05-23,BTC,-0.0
2030-05-23,ETH,-0.0
2030-05-23,US10Y,0.024518794343861075
2030-05-23,CN10Y,-0.0
2030-05-24,000300.SH,-0.0
2030-05-24,SPX,-0.10484054484592722
2030-05-24,HSI,-0.0
2030-05-24,N225,-0.11600451005611277
2030-05-24,SX5E,0.0508429498057915
2030-05-24,000688.SH,0.18135426604310292
2030-05-24,SOX,-0.10671570257511655
2030-05-24,NDX,0.06552894624850614
2030-05-24,XAU,0.0440500882888484
2030-05-24,COPPER,0.037352481477389274
2030-05-24,WTI,-0.06922237668258617
2030-05-24,BTC,-0.0
2030-05-24,ETH,-0.0
2030-05-24,US10Y,0.017654402296101594
2030-05-24,CN10Y,-0.0
2030-05-27,000300.SH,-0.0
2030-05-27,SPX,-0.11138014111949095
2030-05-27,HSI,-0.0
2030-05-27,N225,-0.13565200974648103
2030-05-27,SX5E,0.04773177403999041
2030-05-27,000688.SH,0.15603708415117556
2030-05-27,SOX,-0.10979219253285756
2030-05-27,NDX,0.07845309182840614
2030-05-27,XAU,0.028247234044440905
2030-05-27,COPPER,0.05106709516144821
2030-05-27,WTI,-0.02720830610947072
2030-05-27,BTC,-0.0
2030-05-27,ETH,-0.0
2030-05-27,US10Y,0.022496370282833567
2030-05-27,CN10Y,-0.0
2030-05-28,000300.SH,-0.0
2030-05-28,SPX,-0.1214182039292641
2030-05-28,HSI,-0.0
2030-05-28,N225,-0.07447543717891174
2030-05-28,SX5E,0.03992249847296674
2030-05-28,000688.SH,0.12226927147127792
2030-05-28,SOX,-0.1470839400818781
2030-05-28,NDX,0.07411617921320765
2030-05-28,XAU,0.03533993616243367
2030-05-28,COPPER,0.06002697899540695
2030-05-28,WTI,-0.0018215705683382027
2030-05-28,BTC,-0.0
2030-05-28,ETH,-0.0
2030-05-28,US10Y,0.013124287443095184
2030-05-28,CN10Y,-0.0
2030-05-29,000300.SH,-0.0
2030-05-29,SPX,-0.10558136859601727
2030-05-29,HSI,-0.0
2030-05-29,N225,-0.0663052443744794
2030-05-29,SX5E,0.026357107100109856
2030-05-29,000688.SH,0.1671829952877832
2030-05-29,SOX,-0.17429396821127868
2030-05-29,NDX,0.07232875890743944
2030-05-29,XAU,0.029041651697029346
2030-05-29,COPPER,0.0855787961577591
2030-05-29,WTI,-0.03560813939303584
2030-05-29,BTC,-0.0
2030-05-29,ETH,-0.0
2030-05-29,US10Y,0.0012994114246848544
2030-05-29,CN10Y,-0.0
2030-05-30,000300.SH,-0.0
2030-05-30,SPX,-0.08287452955160725
2030-05-30,HSI,-0.0
2030-05-30,N225,-0.060551986094230195
2030-05-30,SX5E,0.039324582232893604
2030-05-30,000688.SH,0.11491769135625479
2030-05-30,SOX,-0.16318256430504857
2030-05-30,NDX,0.06931980482709543
2030-05-30,XAU,-0.001802963470888451
2030-05-30,COPPER,0.09759456936976373
2030-05-30,WTI,-0.008841103969595296
2030-05-30,BTC,-0.0
2030-05-30,ETH,-0.0
2030-05-30,US10Y,-0.003903500394643832
2030-05-30,CN10Y,-0.0
2030-05-31,000300.SH,-0.0
2030-05-31,SPX,-0.08352607478071386
2030-05-31,HSI,-0.0
2030-05-31,N225,-0.059767252868292695
2030-05-31,SX5E,0.004882762444650891
2030-05-31,000688.SH,0.1355570990673038
2030-05-31,SOX,-0.09566495929573812
2030-05-31,NDX,0.024553997763016255
2030-05-31,XAU,-0.02691446253886483
2030-05-31,COPPER,0.07900570503561226
2030-05-31,WTI,0.01589462186868198
2030-05-31,BTC,-0.0
2030-05-31,ETH,-0.0
2030-05-31,US10Y,0.0059785633043388
2030-05-31,CN10Y,-0.0
2030-06-03,000300.SH,-0.0
2030-06-03,SPX,-0.08835950877567972
2030-06-03,HSI,-0.0
2030-06-03,N225,-0.0462038060800426
2030-06-03,SX5E,0.019429806873717512
2030-06-03,000688.SH,0.13855756042757977
2030-06-03,SOX,-0.09267799184927078
2030-06-03,NDX,0.012061782506276104
2030-06-03,XAU,-0.008859302753146964
2030-06-03,COPPER,0.08494450291589904
2030-06-03,WTI,0.002092206193953658
2030-06-03,BTC,-0.0
2030-06-03,ETH,-0.0
2030-06-03,US10Y,-0.02098524945929049
2030-06-03,CN10Y,-0.0
2030-06-04,000300.SH,-0.0
2030-06-04,SPX,-0.08712078991007913
2030-06-04,HSI,-0.0
2030-06-04,N225,-0.05016226654939862
2030-06-04,SX5E,0.04487036019743753
2030-06-04,000688.SH,0.13281826769478097
2030-06-04,SOX,-0.03745313291052728
2030-06-04,NDX,0.006941416731626487
2030-06-04,XAU,-0.01365135415303309
2030-06-04,COPPER,0.07278578881703156
2030-06-04,WTI,-0.02419601483449
2030-06-04,BTC,-0.0
2030-06-04,ETH,-0.0
2030-06-04,US10Y,-0.04483227508335221
2030-06-04,CN10Y,-0.0
2030-06-05,000300.SH,-0.0
2030-06-05,SPX,-0.11078644515273053
2030-06-05,HSI,-0.0
2030-06-05,N225,-0.04060338574173032
2030-06-05,SX5E,0.05287838790515122
2030-06-05,000688.SH,0.14066748665219472
2030-06-05,SOX,-0.07903859779679964
2030-06-05,NDX,0.007812934034700982
2030-06-05,XAU,0.0016935091507323643
2030-06-05,COPPER,0.03368053483706218
2030-06-05,WTI,0.027003756329237533
2030-06-05,BTC,-0.0
2030-06-05,ETH,-0.0
2030-06-05,US10Y,-0.03330818021782177
2030-06-05,CN10Y,-0.0
2030-06-06,000300.SH,-0.0
2030-06-06,SPX,-0.11895578731809085
2030-06-06,HSI,-0.0
2030-06-06,N225,-0.01626279956469603
2030-06-06,SX5E,0.03817144975724323
2030-06-06,000688.SH,0.08163257572430119
2030-06-06,SOX,-0.06831902547297009
2030-06-06,NDX,-0.0010742202866683287
2030-06-06,XAU,-0.005738803635106744
2030-06-06,COPPER,0.016016914560965188
2030-06-06,WTI,0.12268237671910676
2030-06-06,BTC,-0.0
2030-06-06,ETH,-0.0
2030-06-06,US10Y,-0.048152680484086545
2030-06-06,CN10Y,-0.0
2030-06-07,000300.SH,-0.0
2030-06-07,SPX,-0.12990248138970048
2030-06-07,HSI,-0.0
2030-06-07,N225,0.012351910804304336
2030-06-07,SX5E,0.05478761729673719
2030-06-07,000688.SH,0.05092297754670816
2030-06-07,SOX,-0.07762542094286638
2030-06-07,NDX,-0.016660073301981992
2030-06-07,XAU,-0.022548569182808603
2030-06-07,COPPER,-0.01929729481274682
2030-06-07,WTI,0.1607182770755827
2030-06-07,BTC,-0.0
2030-06-07,ETH,-0.0
2030-06-07,US10Y,-0.012746943093230236
2030-06-07,CN10Y,-0.0
2030-06-10,000300.SH,-0.0
2030-06-10,SPX,-0.12614866802645164
2030-06-10,HSI,-0.0
2030-06-10,N225,0.013310348425101141
2030-06-10,SX5E,0.052949608828559494
2030-06-10,000688.SH,0.008942378730697111
2030-06-10,SOX,-0.0836261240708288
2030-06-10,NDX,-0.02141568331249284
2030-06-10,XAU,-0.02332943555370239
2030-06-10,COPPER,-0.030596756613165747
2030-06-10,WTI,0.21240750348258264
2030-06-10,BTC,-0.0
2030-06-10,ETH,-0.0
2030-06-10,US10Y,-0.002493171890301713
2030-06-10,CN10Y,-0.0
2030-06-11,000300.SH,-0.0
2030-06-11,SPX,-0.12621738414047076
2030-06-11,HSI,-0.0
2030-06-11,N225,0.029569212611524766
2030-06-11,SX5E,0.05012298069999929
2030-06-11,000688.SH,-0.006509833093389691
2030-06-11,SOX,-0.07456109391720113
2030-06-11,NDX,-0.04617209917241854
2030-06-11,XAU,-0.030355222998589934
2030-06-11,COPPER,-0.017415458688460825
2030-06-11,WTI,0.24737379784127672
2030-06-11,BTC,-0.0
2030-06-11,ETH,-0.0
2030-06-11,US10Y,-0.025834899142271724
2030-06-11,CN10Y,-0.0
2030-06-12,000300.SH,-0.0
2030-06-12,SPX,-0.14608083426456273
2030-06-12,HSI,-0.0
2030-06-12,N225,0.05079723028728257
2030-06-12,SX5E,0.04773143296784211
2030-06-12,000688.SH,-0.008381410731225069
2030-06-12,SOX,-0.06714708300270356
2030-06-12,NDX,-0.052435051464746356
2030-06-12,XAU,-0.05337281352477527
2030-06-12,COPPER,-0.01085387589679402
2030-06-12,WTI,0.24854644423778663
2030-06-12,BTC,-0.0
2030-06-12,ETH,-0.0
2030-06-12,US10Y,-0.008804038608105063
2030-06-12,CN10Y,-0.0
2030-06-13,000300.SH,-0.0
2030-06-13,SPX,-0.1254105027219627
2030-06-13,HSI,-0.0
2030-06-13,N225,0.05278833509895163
2030-06-13,SX5E,0.054179862095124744
2030-06-13,000688.SH,0.01639806786904181
2030-06-13,SOX,-0.0323339970484363
2030-06-13,NDX,-0.08351030390528273
2030-06-13,XAU,-0.08211924333872958
2030-06-13,COPPER,-0.012401145045767982
2030-06-13,WTI,0.22068428250164351
2030-06-13,BTC,-0.0
2030-06-13,ETH,-0.0
2030-06-13,US10Y,-0.008275355504583904
2030-06-13,CN10Y,-0.0
2030-06-14,000300.SH,-0.0
2030-06-14,SPX,-0.14494072731831337
2030-06-14,HSI,-0.0
2030-06-14,N225,0.05973282501546144
2030-06-14,SX5E,0.021224368711304144
2030-06-14,000688.SH,-0.014662804033524341
2030-06-14,SOX,-0.014899453304740084
2030-06-14,NDX,-0.11616127222118972
2030-06-14,XAU,-0.08740276153166755
2030-06-14,COPPER,-0.0029838859487016445
2030-06-14,WTI,0.3057299809656917
2030-06-14,BTC,-0.0
2030-06-14,ETH,-0.0
2030-06-14,US10Y,-0.005636270334321692
2030-06-14,CN10Y,-0.0
2030-06-17,000300.SH,-0.0
2030-06-17,SPX,-0.14756740131354534
2030-06-17,HSI,-0.0
2030-06-17,N225,0.06394532600319686
2030-06-17,SX5E,0.034649562751476806
2030-06-17,000688.SH,-0.02509347077698577
2030-06-17,SOX,-0.016845315318811387
2030-06-17,NDX,-0.11530534636473062
2030-06-17,XAU,-0.09793198318355696
2030-06-17,COPPER,0.012149748428664814
2030-06-17,WTI,0.30542728034508737
2030-06-17,BTC,-0.0
2030-06-17,ETH,-0.0
2030-06-17,US10Y,-0.013428400570799129
2030-06-17,CN10Y,-0.0
2030-06-18,000300.SH,-0.0
2030-06-18,SPX,-0.15751864344383257
2030-06-18,HSI,-0.0
2030-06-18,N225,0.06680472546415978
2030-06-18,SX5E,0.03424058926955
2030-06-18,000688.SH,-0.10148141355782946
2030-06-18,SOX,0.025837188373802104
2030-06-18,NDX,-0.0961348502641605
2030-06-18,XAU,-0.11066518604212093
2030-06-18,COPPER,-0.0036592272419235946
2030-06-18,WTI,0.36997219567889955
2030-06-18,BTC,-0.0
2030-06-18,ETH,-0.0
2030-06-18,US10Y,-0.027395378236546242
2030-06-18,CN10Y,-0.0
2030-06-19,000300.SH,-0.0
2030-06-19,SPX,-0.14859497480727216
2030-06-19,HSI,-0.0
2030-06-19,N225,0.07951894155953612
2030-06-19,SX5E,0.040717084629240244
2030-06-19,000688.SH,-0.11406380697611722
2030-06-19,SOX,0.0010100567110548232
2030-06-19,NDX,-0.06438836321899516
2030-06-19,XAU,-0.1128011021632744
2030-06-19,COPPER,0.02820785603226668
2030-06-19,WTI,0.3246377128147458
2030-06-19,BTC,-0.0
2030-06-19,ETH,-0.0
2030-06-19,US10Y,-0.034243404581183086
2030-06-19,CN10Y,-0.0
2030-06-20,000300.SH,-0.0
2030-06-20,SPX,-0.11740583549250495
2030-06-20,HSI,-0.0
2030-06-20,N225,0.08323384753137766
2030-06-20,SX5E,0.020825049871836622
2030-06-20,000688.SH,-0.10913686198188048
2030-06-20,SOX,0.05788069580596187
2030-06-20,NDX,-0.09198594736602826
2030-06-20,XAU,-0.10221974211719924
2030-06-20,COPPER,-0.00498156123880587
2030-06-20,WTI,0.28374471608791246
2030-06-20,BTC,-0.0
2030-06-20,ETH,-0.0
2030-06-20,US10Y,-0.019954361100669248
2030-06-20,CN10Y,-0.0
2030-06-21,000300.SH,-0.0
2030-06-21,SPX,-0.11240095776987241
2030-06-21,HSI,-0.0
2030-06-21,N225,0.13517000862647696
2030-06-21,SX5E,0.0039616575208300114
2030-06-21,000688.SH,-0.15013337377771546
2030-06-21,SOX,-0.036784172581412936
2030-06-21,NDX,-0.09344023946912226
2030-06-21,XAU,-0.08787443609160063
2030-06-21,COPPER,0.012744354207440758
2030-06-21,WTI,0.33131322708533895
2030-06-21,BTC,-0.0
2030-06-21,ETH,-0.0
2030-06-21,US10Y,-0.002556067750364242
2030-06-21,CN10Y,-0.0
2030-06-24,000300.SH,-0.0
2030-06-24,SPX,-0.1024558864909991
2030-06-24,HSI,-0.0
2030-06-24,N225,0.1538739086412002
2030-06-24,SX5E,0.01738408197144751
2030-06-24,000688.SH,-0.12742715828827056
2030-06-24,SOX,-0.05212664902215863
2030-06-24,NDX,-0.12045959232878299
2030-06-24,XAU,-0.06762238425301442
2030-06-24,COPPER,-0.016337336833135527
2030-06-24,WTI,0.3252906833263315
2030-06-24,BTC,-0.0
2030-06-24,ETH,-0.0
2030-06-24,US10Y,-0.010119666722616452
2030-06-24,CN10Y,-0.0
2030-06-25,000300.SH,-0.0
2030-06-25,SPX,-0.09747358200622264
2030-06-25,HSI,-0.0
2030-06-25,N225,0.1371549697991158
2030-06-25,SX5E,0.033786248724767806
2030-06-25,000688.SH,-0.10877211005134728
2030-06-25,SOX,-0.05945878473987966
2030-06-25,NDX,-0.10892221879200091
2030-06-25,XAU,-0.07197956612765369
2030-06-25,COPPER,-0.0408422065461184
2030-06-25,WTI,0.3159221107744993
2030-06-25,BTC,-0.0
2030-06-25,ETH,-0.0
2030-06-25,US10Y,0.0005851389648396602
2030-06-25,CN10Y,-0.0
2030-06-26,000300.SH,-0.0
2030-06-26,SPX,-0.10253863988557566
2030-06-26,HSI,-0.0
2030-06-26,N225,0.11918509758485926
2030-06-26,SX5E,0.06572346669077961
2030-06-26,000688.SH,-0.18895750868692116
2030-06-26,SOX,-0.027218334954940734
2030-06-26,NDX,-0.11461974986988477
2030-06-26,XAU,-0.07125194551555956
2030-06-26,COPPER,-0.06837793526884146
2030-06-26,WTI,0.3831875739979582
2030-06-26,BTC,-0.0
2030-06-26,ETH,-0.0
2030-06-26,US10Y,0.004867975908128535
2030-06-26,CN10Y,-0.0
2030-06-27,000300.SH,-0.0
2030-06-27,SPX,-0.11687119348313811
2030-06-27,HSI,-0.0
2030-06-27,N225,0.11385357643176758
2030-06-27,SX5E,0.04205790524713997
2030-06-27,000688.SH,-0.1873247708389085
2030-06-27,SOX,-0.0321374208284017
2030-06-27,NDX,-0.10508481354751714
2030-06-27,XAU,-0.039291572385451654
2030-06-27,COPPER,-0.0549071363656304
2030-06-27,WTI,0.3630408178053374
2030-06-27,BTC,-0.0
2030-06-27,ETH,-0.0
2030-06-27,US10Y,0.016664607964804803
2030-06-27,CN10Y,-0.0
2030-06-28,000300.SH,-0.0
2030-06-28,SPX,-0.13743527860483473
2030-06-28,HSI,-0.0
2030-06-28,N225,0.11518003838562547
2030-06-28,SX5E,0.0681296008970396
2030-06-28,000688.SH,-0.20565354157130813
2030-06-28,SOX,-0.06734457142292757
2030-06-28,NDX,-0.05478885652441151
2030-06-28,XAU,-0.011048798006495768
2030-06-28,COPPER,-0.03246395423167653
2030-06-28,WTI,0.31197208375255014
2030-06-28,BTC,-0.0
2030-06-28,ETH,-0.0
2030-06-28,US10Y,0.01345327732644187
2030-06-28,CN10Y,-0.0
2030-07-01,000300.SH,-0.0
2030-07-01,SPX,-0.11237387645837499
2030-07-01,HSI,-0.0
2030-07-01,N225,0.1324124357590866
2030-07-01,SX5E,0.06046315764932954
2030-07-01,000688.SH,-0.17391946250424947
2030-07-01,SOX,-0.08330125393191337
2030-07-01,NDX,-0.03846156502448269
2030-07-01,XAU,-0.03066055067482521
2030-07-01,COPPER,-0.030178147664778415
2030-07-01,WTI,0.23045425001118425
2030-07-01,BTC,-0.0
2030-07-01,ETH,-0.0
2030-07-01,US10Y,0.045565012839027634
2030-07-01,CN10Y,-0.0
2030-07-02,000300.SH,-0.0
2030-07-02,SPX,-0.11305666040261982
2030-07-02,HSI,-0.0
2030-07-02,N225,0.1437852032104856
2030-07-02,SX5E,0.04360379039060669
2030-07-02,000688.SH,-0.17106513595942727
2030-07-02,SOX,-0.0560806489458336
2030-07-02,NDX,-0.0654409440632373
2030-07-02,XAU,-0.010221280442246187
2030-07-02,COPPER,-0.045544558953936755
2030-07-02,WTI,0.22002516592797255
2030-07-02,BTC,-0.0
2030-07-02,ETH,-0.0
2030-07-02,US10Y,0.053995069238237804
2030-07-02,CN10Y,-0.0
2030-07-03,000300.SH,-0.0
2030-07-03,SPX,-0.0856283303235943
2030-07-03,HSI,-0.0
2030-07-03,N225,0.13428731565102472
2030-07-03,SX5E,0.03927224830913361
2030-07-03,000688.SH,-0.16136835401800434
2030-07-03,SOX,-0.02977931150198889
2030-07-03,NDX,-0.06464252173643015
2030-07-03,XAU,-0.02618679930428272
2030-07-03,COPPER,-0.004536555756470651
2030-07-03,WTI,0.15124711171687388
2030-07-03,BTC,-0.0
2030-07-03,ETH,-0.0
2030-07-03,US10Y,0.04733519696374142
2030-07-03,CN10Y,-0.0
2030-07-04,000300.SH,-0.0
2030-07-04,SPX,-0.0954292891862463
2030-07-04,HSI,-0.0
2030-07-04,N225,0.1275730310778425
2030-07-04,SX5E,0.06531533037438576
2030-07-04,000688.SH,-0.15056380998054814
2030-07-04,SOX,-0.03856924523995269
2030-07-04,NDX,-0.03787393786279948
2030-07-04,XAU,-0.02318256017941452
2030-07-04,COPPER,-0.005494854882387034
2030-07-04,WTI,0.10451789486964613
2030-07-04,BTC,-0.0
2030-07-04,ETH,-0.0
2030-07-04,US10Y,0.053707441009473944
2030-07-04,CN10Y,-0.0
2030-07-05,000300.SH,-0.0
2030-07-05,SPX,-0.06684342390919315
2030-07-05,HSI,-0.0
2030-07-05,N225,0.09769156072768807
2030-07-05,SX5E,0.06672215586462689
2030-07-05,000688.SH,-0.11183322755803889
2030-07-05,SOX,-0.03160598205312793
2030-07-05,NDX,-0.05424457274537302
2030-07-05,XAU,-0.01627640859979185
2030-07-05,COPPER,-0.010492282051385934
2030-07-05,WTI,0.08046347552683324
2030-07-05,BTC,-0.0
2030-07-05,ETH,-0.0
2030-07-05,US10Y,0.0464187047977639
2030-07-05,CN10Y,-0.0
2030-07-08,000300.SH,-0.0
2030-07-08,SPX,-0.08031905182022146
2030-07-08,HSI,-0.0
2030-07-08,N225,0.11378249459786059
2030-07-08,SX5E,0.05014939198776011
2030-07-08,000688.SH,-0.09217562179066022
2030-07-08,SOX,0.01778309056370662
2030-07-08,NDX,-0.06471377831565085
2030-07-08,XAU,-0.022571640719525943
2030-07-08,COPPER,-0.0011301077215182132
2030-07-08,WTI,0.0461335448601609
2030-07-08,BTC,-0.0
2030-07-08,ETH,-0.0
2030-07-08,US10Y,0.033061678358088376
2030-07-08,CN10Y,-0.0
2030-07-09,000300.SH,-0.0
2030-07-09,SPX,-0.05532641186574577
2030-07-09,HSI,-0.0
2030-07-09,N225,0.08810246935348034
2030-07-09,SX5E,0.036223809670361096
2030-07-09,000688.SH,-0.06568633673624391
2030-07-09,SOX,0.0018816924988408167
2030-07-09,NDX,-0.06494127611241807
2030-07-09,XAU,0.011636754620354586
2030-07-09,COPPER,0.0006755127706415225
2030-07-09,WTI,0.02531674759256127
2030-07-09,BTC,-0.0
2030-07-09,ETH,-0.0
2030-07-09,US10Y,0.022117038208167236
2030-07-09,CN10Y,-0.0
2030-07-10,000300.SH,-0.0
2030-07-10,SPX,-0.03817615440335322
2030-07-10,HSI,-0.0
2030-07-10,N225,0.0738010126538094
2030-07-10,SX5E,0.02136824169195553
2030-07-10,000688.SH,-0.07345948169475199
2030-07-10,SOX,-0.055104404974378574
2030-07-10,NDX,-0.038054103478291454
2030-07-10,XAU,0.012882787746131438
2030-07-10,COPPER,0.0063717783165622936
2030-07-10,WTI,0.06456297774582062
2030-07-10,BTC,-0.0
2030-07-10,ETH,-0.0
2030-07-10,US10Y,0.025807346396493923
2030-07-10,CN10Y,-0.0
2030-07-11,000300.SH,-0.0
2030-07-11,SPX,-0.03628433209720296
2030-07-11,HSI,-0.0
2030-07-11,N225,0.0916868875658169
2030-07-11,SX5E,0.0054878092708099
2030-07-11,000688.SH,-0.06633316029664282
2030-07-11,SOX,-0.0933734813234538
2030-07-11,NDX,-0.021340240751758215
2030-07-11,XAU,0.03004551398245545
2030-07-11,COPPER,-0.011332177453171943
2030-07-11,WTI,0.08798509141187522
2030-07-11,BTC,-0.0
2030-07-11,ETH,-0.0
2030-07-11,US10Y,0.013458089691270459
2030-07-11,CN10Y,-0.0
2030-07-12,000300.SH,-0.0
2030-07-12,SPX,0.002340316016188483
2030-07-12,HSI,-0.0
2030-07-12,N225,0.07330089470786515
2030-07-12,SX5E,0.0060888528606007145
2030-07-12,000688.SH,-0.043097760160767135
2030-07-12,SOX,-0.04422129205385106
2030-07-12,NDX,-0.010834866486678772
2030-07-12,XAU,0.020745585801038833
2030-07-12,COPPER,-0.024368210435768627
2030-07-12,WTI,-0.008514223226390253
2030-07-12,BTC,-0.0
2030-07-12,ETH,-0.0
2030-07-12,US10Y,0.028560702977760755
2030-07-12,CN10Y,-0.0
2030-07-15,000300.SH,-0.0
2030-07-15,SPX,0.022743623270275997
2030-07-15,HSI,-0.0
2030-07-15,N225,0.0595332131981975
2030-07-15,SX5E,-0.042615410183311817
2030-07-15,000688.SH,-0.0002113304250941639
2030-07-15,SOX,-0.0315943101953255
2030-07-15,NDX,-0.022540298984411955
2030-07-15,XAU,0.023553987345048984
2030-07-15,COPPER,-0.02639561774749377
2030-07-15,WTI,-0.013877151874204645
2030-07-15,BTC,-0.0
2030-07-15,ETH,-0.0
2030-07-15,US10Y,0.03140329559631905
2030-07-15,CN10Y,-0.0
2030-07-16,000300.SH,-0.0
2030-07-16,SPX,0.04574501499662026
2030-07-16,HSI,-0.0
2030-07-16,N225,0.05401710308705215
2030-07-16,SX5E,-0.06188427469729181
2030-07-16,000688.SH,0.07750828367885954
2030-07-16,SOX,-0.03397974024824095
2030-07-16,NDX,-0.04194582084889861
2030-07-16,XAU,0.005764200329544122
2030-07-16,COPPER,-0.009675516474724873
2030-07-16,WTI,-0.05758930149681142
2030-07-16,BTC,-0.0
2030-07-16,ETH,-0.0
2030-07-16,US10Y,0.02204005167389051
2030-07-16,CN10Y,-0.0
2030-07-17,000300.SH,-0.0
2030-07-17,SPX,0.057134759555097475
2030-07-17,HSI,-0.0
2030-07-17,N225,0.038970258042875475
2030-07-17,SX5E,-0.06335024213965801
2030-07-17,000688.SH,0.05946138411827343
2030-07-17,SOX,-0.041283875975460016
2030-07-17,NDX,-0.049710536200465984
2030-07-17,XAU,-0.0005529835922683402
2030-07-17,COPPER,-0.00346744854889852
2030-07-17,WTI,-0.006689271536677983
2030-07-17,BTC,-0.0
2030-07-17,ETH,-0.0
2030-07-17,US10Y,0.009487956277181442
2030-07-17,CN10Y,-0.0
2030-07-18,000300.SH,-0.0
2030-07-18,SPX,0.0781730439064885
2030-07-18,HSI,-0.0
2030-07-18,N225,0.037740593043128975
2030-07-18,SX5E,-0.07280076045083014
2030-07-18,000688.SH,0.002212741381967781
2030-07-18,SOX,-0.07683511316064873
2030-07-18,NDX,-0.013558713503936087
2030-07-18,XAU,0.0026100998518048917
2030-07-18,COPPER,0.004315432967632772
2030-07-18,WTI,0.0291256518830076
2030-07-18,BTC,-0.0
2030-07-18,ETH,-0.0
2030-07-18,US10Y,0.009017024081384963
2030-07-18,CN10Y,-0.0
2030-07-19,000300.SH,-0.0
2030-07-19,SPX,0.07350174649737179
2030-07-19,HSI,-0.0
2030-07-19,N225,0.011033442213114197
2030-07-19,SX5E,-0.04326350898867291
2030-07-19,000688.SH,0.004464868294195443
2030-07-19,SOX,-0.015592036270971464
2030-07-19,NDX,-0.02369539110444467
2030-07-19,XAU,-0.003153065284039246
2030-07-19,COPPER,-0.0441248624762009
2030-07-19,WTI,0.03032970523659481
2030-07-19,BTC,-0.0
2030-07-19,ETH,-0.0
2030-07-19,US10Y,0.010499101883050626
2030-07-19,CN10Y,-0.0
2030-07-22,000300.SH,-0.0
2030-07-22,SPX,0.09075959803790218
2030-07-22,HSI,-0.0
2030-07-22,N225,-0.0029204803717227806
2030-07-22,SX5E,-0.06326205654150185
2030-07-22,000688.SH,-0.02000374052529437
2030-07-22,SOX,-0.006145231949492819
2030-07-22,NDX,-0.02378432451970939
2030-07-22,XAU,0.0008350581573720386
2030-07-22,COPPER,0.00272516702607928
2030-07-22,WTI,0.00039823158730924527
2030-07-22,BTC,-0.0
2030-07-22,ETH,-0.0
2030-07-22,US10Y,0.021397779099053778
2030-07-22,CN10Y,-0.0
2030-07-23,000300.SH,-0.0
2030-07-23,SPX,0.10278077487291337
2030-07-23,HSI,-0.0
2030-07-23,N225,-0.01326350199105149
2030-07-23,SX5E,-0.07482247317671446
2030-07-23,000688.SH,-0.020542139854470304
2030-07-23,SOX,-0.026904553226642675
2030-07-23,NDX,-0.044998238125243416
2030-07-23,XAU,0.014167834720969063
2030-07-23,COPPER,0.037849697649935815
2030-07-23,WTI,-0.00978057305488021
2030-07-23,BTC,-0.0
2030-07-23,ETH,-0.0
2030-07-23,US10Y,0.0355131721851796
2030-07-23,CN10Y,-0.0
2030-07-24,000300.SH,-0.0
2030-07-24,SPX,0.09482784080880448
2030-07-24,HSI,-0.0
2030-07-24,N225,0.01328970773354773
2030-07-24,SX5E,-0.07823027498674497
2030-07-24,000688.SH,0.015110876601591562
2030-07-24,SOX,-0.028130235682336396
2030-07-24,NDX,-0.0738492745977908
2030-07-24,XAU,0.03464911860920224
2030-07-24,COPPER,0.06554650996636693
2030-07-24,WTI,-0.06304098099998129
2030-07-24,BTC,-0.0
2030-07-24,ETH,-0.0
2030-07-24,US10Y,0.019826712547333886
2030-07-24,CN10Y,-0.0
2030-07-25,000300.SH,-0.0
2030-07-25,SPX,0.10190790402608971
2030-07-25,HSI,-0.0
2030-07-25,N225,0.007176389795483424
2030-07-25,SX5E,-0.08094278769271511
2030-07-25,000688.SH,0.041042413385240596
2030-07-25,SOX,-0.00015264792149270734
2030-07-25,NDX,-0.07261048898743998
2030-07-25,XAU,0.04592376791504205
2030-07-25,COPPER,0.025169911497327904
2030-07-25,WTI,-0.08029272379662603
2030-07-25,BTC,-0.0
2030-07-25,ETH,-0.0
2030-07-25,US10Y,0.012778261779082417
2030-07-25,CN10Y,-0.0
2030-07-26,000300.SH,-0.0
2030-07-26,SPX,0.11794077354234292
2030-07-26,HSI,-0.0
2030-07-26,N225,-0.02738314790572561
2030-07-26,SX5E,-0.07887844144279446
2030-07-26,000688.SH,0.05688143748143998
2030-07-26,SOX,0.0003701410089464261
2030-07-26,NDX,-0.08074661715858263
2030-07-26,XAU,0.03997402791243733
2030-07-26,COPPER,-0.009124407647018336
2030-07-26,WTI,-0.03209593332403005
2030-07-26,BTC,-0.0
2030-07-26,ETH,-0.0
2030-07-26,US10Y,0.013062167532975975
2030-07-26,CN10Y,-0.0
2030-07-29,000300.SH,-0.0
2030-07-29,SPX,0.10635956677830764
2030-07-29,HSI,-0.0
2030-07-29,N225,-0.0633843129024542
2030-07-29,SX5E,-0.08023124076207261
2030-07-29,000688.SH,0.02224625730171822
2030-07-29,SOX,0.03503127636906621
2030-07-29,NDX,-0.07726105480772472
2030-07-29,XAU,0.040831593862764526
2030-07-29,COPPER,-0.00811001487510748
2030-07-29,WTI,0.02924238704342156
2030-07-29,BTC,-0.0
2030-07-29,ETH,-0.0
2030-07-29,US10Y,-0.004724458007929579
2030-07-29,CN10Y,-0.0
2030-07-30,000300.SH,-0.0
2030-07-30,SPX,0.10826727346560971
2030-07-30,HSI,-0.0
2030-07-30,N225,-0.07250568173974416
2030-07-30,SX5E,-0.058613083919423506
2030-07-30,000688.SH,0.009577388934548813
2030-07-30,SOX,0.029431556921832497
2030-07-30,NDX,-0.056076085669555915
2030-07-30,XAU,0.0053490972921814844
2030-07-30,COPPER,-0.019068414565673875
2030-07-30,WTI,0.04738051803563376
2030-07-30,BTC,-0.0
2030-07-30,ETH,-0.0
2030-07-30,US10Y,0.006257431244581486
2030-07-30,CN10Y,-0.0
2030-07-31,000300.SH,-0.0
2030-07-31,SPX,0.1090414962119146
2030-07-31,HSI,-0.0
2030-07-31,N225,-0.07479600227558864
2030-07-31,SX5E,-0.06939037336171298
2030-07-31,000688.SH,0.0202714286118705
2030-07-31,SOX,0.06064162462935705
2030-07-31,NDX,-0.03425580030840781
2030-07-31,XAU,0.024200284007388988
2030-07-31,COPPER,-0.06313946128239568
2030-07-31,WTI,0.023713253242122957
2030-07-31,BTC,-0.0
2030-07-31,ETH,-0.0
2030-07-31,US10Y,0.0037135505254394657
2030-07-31,CN10Y,-0.0
2030-08-01,000300.SH,-0.0
2030-08-01,SPX,0.08310103751799125
2030-08-01,HSI,-0.0
2030-08-01,N225,-0.08341849505371483
2030-08-01,SX5E,-0.0752822719125555
2030-08-01,000688.SH,0.03849732730957863
2030-08-01,SOX,0.0941796192104552
2030-08-01,NDX,-0.028780485216445467
2030-08-01,XAU,0.024671512606364025
2030-08-01,COPPER,-0.0469195485183328
2030-08-01,WTI,-0.013798416720579996
2030-08-01,BTC,-0.0
2030-08-01,ETH,-0.0
2030-08-01,US10Y,0.007749720777230355
2030-08-01,CN10Y,-0.0
2030-08-02,000300.SH,-0.0
2030-08-02,SPX,0.0802255498898938
2030-08-02,HSI,-0.0
2030-08-02,N225,-0.07969076398226785
2030-08-02,SX5E,-0.08343780696751898
2030-08-02,000688.SH,0.022460208528184512
2030-08-02,SOX,0.092013828731007
2030-08-02,NDX,-0.032446757097807456
2030-08-02,XAU,0.04899768193689811
2030-08-02,COPPER,-0.015529390889973854
2030-08-02,WTI,-0.034352364822361064
2030-08-02,BTC,-0.0
2030-08-02,ETH,-0.0
2030-08-02,US10Y,0.001759814673936415
2030-08-02,CN10Y,-0.0
2030-08-05,000300.SH,-0.0
2030-08-05,SPX,0.08446477156826686
2030-08-05,HSI,-0.0
2030-08-05,N225,-0.08105958904868692
2030-08-05,SX5E,-0.0725962013170266
2030-08-05,000688.SH,0.027021613232704453
2030-08-05,SOX,0.04812727347925348
2030-08-05,NDX,-0.011842902951229584
2030-08-05,XAU,0.05440501910294765
2030-08-05,COPPER,-0.001686145783775836
2030-08-05,WTI,-0.03480604412342051
2030-08-05,BTC,-0.0
2030-08-05,ETH,-0.0
2030-08-05,US10Y,-0.012027794159042279
2030-08-05,CN10Y,-0.0
2030-08-06,000300.SH,-0.0
2030-08-06,SPX,0.058970398030025184
2030-08-06,HSI,-0.0
2030-08-06,N225,-0.06359451842162861
2030-08-06,SX5E,-0.05831779979981759
2030-08-06,000688.SH,0.05192277677107577
2030-08-06,SOX,0.06910225475861603
2030-08-06,NDX,0.011527159570290327
2030-08-06,XAU,0.041508354915209975
2030-08-06,COPPER,-0.0049475812112206256
2030-08-06,WTI,-0.10577665081177581
2030-08-06,BTC,-0.0
2030-08-06,ETH,-0.0
2030-08-06,US10Y,-0.00039439380078337867
2030-08-06,CN10Y,-0.0
2030-08-07,000300.SH,-0.0
2030-08-07,SPX,0.07175478939410626
2030-08-07,HSI,-0.0
2030-08-07,N225,-0.05720216360337306
2030-08-07,SX5E,-0.03963356179981765
2030-08-07,000688.SH,0.03333445106362018
2030-08-07,SOX,0.12806819595161198
2030-08-07,NDX,0.006429879348677649
2030-08-07,XAU,0.046277119181652934
2030-08-07,COPPER,-0.0037731124057535964
2030-08-07,WTI,-0.17790588398471144
2030-08-07,BTC,-0.0
2030-08-07,ETH,-0.0
2030-08-07,US10Y,-0.00734971314602262
2030-08-07,CN10Y,-0.0
2030-08-08,000300.SH,-0.0
2030-08-08,SPX,0.04502638621311826
2030-08-08,HSI,-0.0
2030-08-08,N225,-0.08123466648426571
2030-08-08,SX5E,-0.041764070006429045
2030-08-08,000688.SH,0.03153454494358347
2030-08-08,SOX,0.12557580994376458
2030-08-08,NDX,-0.0018890991235567603
2030-08-08,XAU,0.03914221345572598
2030-08-08,COPPER,0.016458294470279584
2030-08-08,WTI,-0.1262452525022334
2030-08-08,BTC,-0.0
2030-08-08,ETH,-0.0
2030-08-08,US10Y,-0.006604160909996838
2030-08-08,CN10Y,-0.0
2030-08-09,000300.SH,-0.0
2030-08-09,SPX,0.026888489266613854
2030-08-09,HSI,-0.0
2030-08-09,N225,-0.08433296296833262
2030-08-09,SX5E,-0.04777449568950486
2030-08-09,000688.SH,0.024508259464212326
2030-08-09,SOX,0.12527903375649194
2030-08-09,NDX,-0.01676237518646455
2030-08-09,XAU,0.053800029757054266
2030-08-09,COPPER,0.02597370756474411
2030-08-09,WTI,-0.10933447268082432
2030-08-09,BTC,-0.0
2030-08-09,ETH,-0.0
2030-08-09,US10Y,0.00175478671600008
2030-08-09,CN10Y,-0.0
2030-08-12,000300.SH,-0.0
2030-08-12,SPX,0.038178741755337496
2030-08-12,HSI,-0.0
2030-08-12,N225,-0.09855334720940909
2030-08-12,SX5E,-0.02695404370009294
2030-08-12,000688.SH,0.03258192319666575
2030-08-12,SOX,0.12434829289915865
2030-08-12,NDX,-0.015452129782681685
2030-08-12,XAU,0.037441825266336826
2030-08-12,COPPER,0.04476684799131312
2030-08-12,WTI,-0.1396240789550548
2030-08-12,BTC,-0.0
2030-08-12,ETH,-0.0
2030-08-12,US10Y,0.0032659685384170386
2030-08-12,CN10Y,-0.0
2030-08-13,000300.SH,-0.0
2030-08-13,SPX,0.03872380618561514
2030-08-13,HSI,-0.0
2030-08-13,N225,-0.09352162657058355
2030-08-13,SX5E,-0.021866877513900793
2030-08-13,000688.SH,0.05032411975528972
2030-08-13,SOX,0.143371798196122
2030-08-13,NDX,-0.01382023793234604
2030-08-13,XAU,0.050171602815538056
2030-08-13,COPPER,-0.0031734627110497453
2030-08-13,WTI,-0.14776429291102486
2030-08-13,BTC,-0.0
2030-08-13,ETH,-0.0
2030-08-13,US10Y,-0.0024448293136699988
2030-08-13,CN10Y,-0.0
2030-08-14,000300.SH,-0.0
2030-08-14,SPX,0.04703586336211001
2030-08-14,HSI,-0.0
2030-08-14,N225,-0.08645429725834985
2030-08-14,SX5E,-0.021016966715287036
2030-08-14,000688.SH,0.047227637239775556
2030-08-14,SOX,0.16327658752532206
2030-08-14,NDX,0.009977526559056385
2030-08-14,XAU,0.03523233594981025
2030-08-14,COPPER,0.012004795467017243
2030-08-14,WTI,-0.2260594329843304
2030-08-14,BTC,-0.0
2030-08-14,ETH,-0.0
2030-08-14,US10Y,0.018775950854863818
2030-08-14,CN10Y,-0.0
2030-08-15,000300.SH,-0.0
2030-08-15,SPX,0.013758569084440765
2030-08-15,HSI,-0.0
2030-08-15,N225,-0.07222212401262278
2030-08-15,SX5E,-0.009568481079889318
2030-08-15,000688.SH,0.10986582903223135
2030-08-15,SOX,0.16223717609498406
2030-08-15,NDX,-0.0023690786926172215
2030-08-15,XAU,0.04072635289492675
2030-08-15,COPPER,-0.002633046698951598
2030-08-15,WTI,-0.24554888234716302
2030-08-15,BTC,-0.0
2030-08-15,ETH,-0.0
2030-08-15,US10Y,0.00575368572465073
2030-08-15,CN10Y,-0.0
2030-08-16,000300.SH,-0.0
2030-08-16,SPX,0.008124416652758211
2030-08-16,HSI,-0.0
2030-08-16,N225,-0.07982317634665798
2030-08-16,SX5E,-0.029393577204992468
2030-08-16,000688.SH,0.13517473426207852
2030-08-16,SOX,0.1676344253097837
2030-08-16,NDX,0.027549429270399724
2030-08-16,XAU,0.02976102229413769
2030-08-16,COPPER,0.023964974850316022
2030-08-16,WTI,-0.26792160437999285
2030-08-16,BTC,-0.0
2030-08-16,ETH,-0.0
2030-08-16,US10Y,-0.015070644707837467
2030-08-16,CN10Y,-0.0
2030-08-19,000300.SH,-0.0
2030-08-19,SPX,-0.00741746390742566
2030-08-19,HSI,-0.0
2030-08-19,N225,-0.06081183009750798
2030-08-19,SX5E,-0.03341935346948623
2030-08-19,000688.SH,0.18542371987828962
2030-08-19,SOX,0.1402030638051242
2030-08-19,NDX,0.008183806766044306
2030-08-19,XAU,0.028574311924262123
2030-08-19,COPPER,0.0023187578157308868
2030-08-19,WTI,-0.23762516053610844
2030-08-19,BTC,-0.0
2030-08-19,ETH,-0.0
2030-08-19,US10Y,-0.025429852178928188
2030-08-19,CN10Y,-0.0
2030-08-20,000300.SH,-0.0
2030-08-20,SPX,-0.011713284154025548
2030-08-20,HSI,-0.0
2030-08-20,N225,-0.09671168228976271
2030-08-20,SX5E,-0.007406128225361481
2030-08-20,000688.SH,0.1836498296816349
2030-08-20,SOX,0.17343284556399488
2030-08-20,NDX,0.018897495737443232
2030-08-20,XAU,0.03223202612597641
2030-08-20,COPPER,-0.012515355717663034
2030-08-20,WTI,-0.23538888629984245
2030-08-20,BTC,-0.0
2030-08-20,ETH,-0.0
2030-08-20,US10Y,-0.044476860422403564
2030-08-20,CN10Y,-0.0
2030-08-21,000300.SH,-0.0
2030-08-21,SPX,-0.035563399254256986
2030-08-21,HSI,-0.0
2030-08-21,N225,-0.09886130398654332
2030-08-21,SX5E,-0.0316213744570953
2030-08-21,000688.SH,0.15831299170367294
2030-08-21,SOX,0.1455068600058614
2030-08-21,NDX,0.05093686096224671
2030-08-21,XAU,0.037833941576665864
2030-08-21,COPPER,-0.023701002145905748
2030-08-21,WTI,-0.1643167237722991
2030-08-21,BTC,-0.0
2030-08-21,ETH,-0.0
2030-08-21,US10Y,-0.03852685063235719
2030-08-21,CN10Y,-0.0
2030-08-22,000300.SH,-0.0
2030-08-22,SPX,-0.033038160025861615
2030-08-22,HSI,-0.0
2030-08-22,N225,-0.10396066227173127
2030-08-22,SX5E,-0.022204772075078785
2030-08-22,000688.SH,0.15502282415498858
2030-08-22,SOX,0.10222004646616929
2030-08-22,NDX,0.02350537417102631
2030-08-22,XAU,0.03000342375600921
2030-08-22,COPPER,0.01689729753261042
2030-08-22,WTI,-0.12615653884599812
2030-08-22,BTC,-0.0
2030-08-22,ETH,-0.0
2030-08-22,US10Y,-0.0422888328621407
2030-08-22,CN10Y,-0.0
2030-08-23,000300.SH,-0.0
2030-08-23,SPX,-0.015232968769694995
2030-08-23,HSI,-0.0
2030-08-23,N225,-0.10511719900890595
2030-08-23,SX5E,-0.0370584110165435
2030-08-23,000688.SH,0.17483360225609068
2030-08-23,SOX,0.0715960823483205
2030-08-23,NDX,-0.009178095344545258
2030-08-23,XAU,0.053183861492545156
2030-08-23,COPPER,0.03852861005174971
2030-08-23,WTI,-0.1526724870181607
2030-08-23,BTC,-0.0
2030-08-23,ETH,-0.0
2030-08-23,US10Y,-0.018882994990863104
2030-08-23,CN10Y,-0.0
2030-08-26,000300.SH,-0.0
2030-08-26,SPX,0.00892696207023217
2030-08-26,HSI,-0.0
2030-08-26,N225,-0.10707944823090265
2030-08-26,SX5E,-0.06266843510782227
2030-08-26,000688.SH,0.1952066826345202
2030-08-26,SOX,0.07322251819091707
2030-08-26,NDX,0.007609871871710486
2030-08-26,XAU,0.046967136852672176
2030-08-26,COPPER,0.010119594923055055
2030-08-26,WTI,-0.16807032887266024
2030-08-26,BTC,-0.0
2030-08-26,ETH,-0.0
2030-08-26,US10Y,-0.004234554331728941
2030-08-26,CN10Y,-0.0
2030-08-27,000300.SH,-0.0
2030-08-27,SPX,0.030980679221975213
2030-08-27,HSI,-0.0
2030-08-27,N225,-0.10754783032120188
2030-08-27,SX5E,-0.06863067056397884
2030-08-27,000688.SH,0.205911810069013
2030-08-27,SOX,0.06481656640205542
2030-08-27,NDX,-0.018468467940236113
2030-08-27,XAU,0.049827487093471866
2030-08-27,COPPER,0.05084008598184447
2030-08-27,WTI,-0.19630124377404712
2030-08-27,BTC,-0.0
2030-08-27,ETH,-0.0
2030-08-27,US10Y,-0.011428416168902505
2030-08-27,CN10Y,-0.0
2030-08-28,000300.SH,-0.0
2030-08-28,SPX,0.029898635291462472
2030-08-28,HSI,-0.0
2030-08-28,N225,-0.104886492729217
2030-08-28,SX5E,-0.07592346778013648
2030-08-28,000688.SH,0.14781666921872785
2030-08-28,SOX,0.09570122437006251
2030-08-28,NDX,-0.04457243072842623
2030-08-28,XAU,0.031349218647888547
2030-08-28,COPPER,0.08076129213152064
2030-08-28,WTI,-0.1465360768281604
2030-08-28,BTC,-0.0
2030-08-28,ETH,-0.0
2030-08-28,US10Y,-0.013608571593726238
2030-08-28,CN10Y,-0.0
2030-08-29,000300.SH,-0.0
2030-08-29,SPX,0.05150886741261941
2030-08-29,HSI,-0.0
2030-08-29,N225,-0.08943584138141202
2030-08-29,SX5E,-0.0750436168358744
2030-08-29,000688.SH,0.1523916394447252
2030-08-29,SOX,0.06187987371169634
2030-08-29,NDX,-0.07683439934977908
2030-08-29,XAU,0.02727403049451916
2030-08-29,COPPER,0.07425562775839507
2030-08-29,WTI,-0.11742682047232504
2030-08-29,BTC,-0.0
2030-08-29,ETH,-0.0
2030-08-29,US10Y,-0.00856936078257063
2030-08-29,CN10Y,-0.0
2030-08-30,000300.SH,-0.0
2030-08-30,SPX,0.06185153960703835
2030-08-30,HSI,-0.0
2030-08-30,N225,-0.07966695037202597
2030-08-30,SX5E,-0.0813844251944916
2030-08-30,000688.SH,0.131142047531282
2030-08-30,SOX,0.09129466502673239
2030-08-30,NDX,-0.06564565914898987
2030-08-30,XAU,0.02160337774672243
2030-08-30,COPPER,0.05555168919147446
2030-08-30,WTI,-0.1258342010874401
2030-08-30,BTC,-0.0
2030-08-30,ETH,-0.0
2030-08-30,US10Y,-0.008912083300310245
2030-08-30,CN10Y,-0.0
2030-09-02,000300.SH,-0.0
2030-09-02,SPX,0.06534868443853327
2030-09-02,HSI,-0.0
2030-09-02,N225,-0.08963313065719919
2030-09-02,SX5E,-0.07736165513548647
2030-09-02,000688.SH,0.14311796919443406
2030-09-02,SOX,0.129459736863359
2030-09-02,NDX,-0.08122144584125868
2030-09-02,XAU,0.007175185147874226
2030-09-02,COPPER,0.061909178829723036
2030-09-02,WTI,-0.16229210268142719
2030-09-02,BTC,-0.0
2030-09-02,ETH,-0.0
2030-09-02,US10Y,0.003497579841443052
2030-09-02,CN10Y,-0.0
2030-09-03,000300.SH,-0.0
2030-09-03,SPX,0.0706971917963233
2030-09-03,HSI,-0.0
2030-09-03,N225,-0.0918142053556941
2030-09-03,SX5E,-0.07251624831026164
2030-09-03,000688.SH,0.1396661295202767
2030-09-03,SOX,0.06140685239176887
2030-09-03,NDX,-0.08805332941036018
2030-09-03,XAU,0.011407872675228291
2030-09-03,COPPER,0.06455857478574807
2030-09-03,WTI,-0.08831416307663334
2030-09-03,BTC,-0.0
2030-09-03,ETH,-0.0
2030-09-03,US10Y,-0.007038675016398958
2030-09-03,CN10Y,-0.0
2030-09-04,000300.SH,-0.0
2030-09-04,SPX,0.045844003274460005
2030-09-04,HSI,-0.0
2030-09-04,N225,-0.13966343970001038
2030-09-04,SX5E,-0.06198165562194534
2030-09-04,000688.SH,0.1612740916503373
2030-09-04,SOX,-0.0038334816181567963
2030-09-04,NDX,-0.06053902301095357
2030-09-04,XAU,0.008546384336042667
2030-09-04,COPPER,0.08335308351134696
2030-09-04,WTI,-0.032712294167977746
2030-09-04,BTC,-0.0
2030-09-04,ETH,-0.0
2030-09-04,US10Y,-0.00028766865314526664
2030-09-04,CN10Y,-0.0
2030-09-05,000300.SH,-0.0
2030-09-05,SPX,0.06327066621239291
2030-09-05,HSI,-0.0
2030-09-05,N225,-0.13647646581483885
2030-09-05,SX5E,-0.06161914487469566
2030-09-05,000688.SH,0.13033127448725743
2030-09-05,SOX,0.05814778419349309
2030-09-05,NDX,-0.036086932991433646
2030-09-05,XAU,0.007561256620370684
2030-09-05,COPPER,0.06366025620135064
2030-09-05,WTI,-0.0883125885218091
2030-09-05,BTC,-0.0
2030-09-05,ETH,-0.0
2030-09-05,US10Y,-0.00047610551208856176
2030-09-05,CN10Y,-0.0
2030-09-06,000300.SH,-0.0
2030-09-06,SPX,0.03931802893551936
2030-09-06,HSI,-0.0
2030-09-06,N225,-0.12119624555405423
2030-09-06,SX5E,-0.0505966876245846
2030-09-06,000688.SH,0.15778295282012494
2030-09-06,SOX,0.01492581944205406
2030-09-06,NDX,-0.005850867441205155
2030-09-06,XAU,0.008152522379490573
2030-09-06,COPPER,0.06737135005293965
2030-09-06,WTI,-0.08422240537053424
2030-09-06,BTC,-0.0
2030-09-06,ETH,-0.0
2030-09-06,US10Y,-0.025684467639750342
2030-09-06,CN10Y,-0.0
2030-09-09,000300.SH,-0.0
2030-09-09,SPX,0.044829375367484756
2030-09-09,HSI,-0.0
2030-09-09,N225,-0.09653518102341653
2030-09-09,SX5E,-0.08136681084870112
2030-09-09,000688.SH,0.1321198396728678
2030-09-09,SOX,-0.009114302419801185
2030-09-09,NDX,0.013886193790032638
2030-09-09,XAU,0.030699020932598603
2030-09-09,COPPER,0.054226613805200705
2030-09-09,WTI,-0.07362847224007091
2030-09-09,BTC,-0.0
2030-09-09,ETH,-0.0
2030-09-09,US10Y,-0.015116277036197669
2030-09-09,CN10Y,-0.0
2030-09-10,000300.SH,-0.0
2030-09-10,SPX,0.03367931187321929
2030-09-10,HSI,-0.0
2030-09-10,N225,-0.07478734491971924
2030-09-10,SX5E,-0.07113028109498734
2030-09-10,000688.SH,0.09455348140851377
2030-09-10,SOX,-0.056370162990096714
2030-09-10,NDX,0.010340593306564288
2030-09-10,XAU,0.03804180393635316
2030-09-10,COPPER,0.05422659061093381
2030-09-10,WTI,-0.010914368305467298
2030-09-10,BTC,-0.0
2030-09-10,ETH,-0.0
2030-09-10,US10Y,-0.017639623825317672
2030-09-10,CN10Y,-0.0
2030-09-11,000300.SH,-0.0
2030-09-11,SPX,0.013689738369041964
2030-09-11,HSI,-0.0
2030-09-11,N225,-0.06769386260715198
2030-09-11,SX5E,-0.09185016607071186
2030-09-11,000688.SH,0.12509307116662044
2030-09-11,SOX,-0.041482898289923686
2030-09-11,NDX,0.009827299000402976
2030-09-11,XAU,0.0471251064616499
2030-09-11,COPPER,0.02581174557623707
2030-09-11,WTI,0.01846373599979374
2030-09-11,BTC,-0.0
2030-09-11,ETH,-0.0
2030-09-11,US10Y,-0.03898376960596198
2030-09-11,CN10Y,-0.0
2030-09-12,000300.SH,-0.0
2030-09-12,SPX,0.022063171293228503
2030-09-12,HSI,-0.0
2030-09-12,N225,-0.05643297506664914
2030-09-12,SX5E,-0.0906384417263757
2030-09-12,000688.SH,0.10453234856863942
2030-09-12,SOX,-0.00178591106681774
2030-09-12,NDX,-0.0063306864974442476
2030-09-12,XAU,0.022385030378204142
2030-09-12,COPPER,0.04274017096946345
2030-09-12,WTI,-0.0020394550423738396
2030-09-12,BTC,-0.0
2030-09-12,ETH,-0.0
2030-09-12,US10Y,-0.03449325180987978
2030-09-12,CN10Y,-0.0
2030-09-13,000300.SH,-0.0
2030-09-13,SPX,0.02036118226397258
2030-09-13,HSI,-0.0
2030-09-13,N225,-0.02887220855610915
2030-09-13,SX5E,-0.09055885803177424
2030-09-13,000688.SH,0.11008638362015698
2030-09-13,SOX,-0.027776567700077137
2030-09-13,NDX,0.0032655609273868
2030-09-13,XAU,0.04302575741964996
2030-09-13,COPPER,0.012217680573512316
2030-09-13,WTI,-0.04654484592971818
2030-09-13,BTC,-0.0
2030-09-13,ETH,-0.0
2030-09-13,US10Y,0.004795915412994487
2030-09-13,CN10Y,-0.0
2030-09-16,000300.SH,-0.0
2030-09-16,SPX,0.002651286929890497
2030-09-16,HSI,-0.0
2030-09-16,N225,-0.03125994931153815
2030-09-16,SX5E,-0.09016303764933704
2030-09-16,000688.SH,0.07533377236675778
2030-09-16,SOX,0.04904237694413333
2030-09-16,NDX,0.0010647770735565873
2030-09-16,XAU,0.042241773478994285
2030-09-16,COPPER,0.005290008258117223
2030-09-16,WTI,-0.07908127149398368
2030-09-16,BTC,-0.0
2030-09-16,ETH,-0.0
2030-09-16,US10Y,0.02488026340340417
2030-09-16,CN10Y,-0.0
2030-09-17,000300.SH,-0.0
2030-09-17,SPX,-0.0062156930201354025
2030-09-17,HSI,-0.0
2030-09-17,N225,0.005518386714528843
2030-09-17,SX5E,-0.09879825584808814
2030-09-17,000688.SH,0.08448154875590014
2030-09-17,SOX,0.02040402993698467
2030-09-17,NDX,-0.028440195573373524
2030-09-17,XAU,0.04349296731793781
2030-09-17,COPPER,-0.01106618731530157
2030-09-17,WTI,-0.034298474379616924
2030-09-17,BTC,-0.0
2030-09-17,ETH,-0.0
2030-09-17,US10Y,0.02492187341116313
2030-09-17,CN10Y,-0.0
2030-09-18,000300.SH,-0.0
2030-09-18,SPX,0.03742542607273957
2030-09-18,HSI,-0.0
2030-09-18,N225,0.014529514051621194
2030-09-18,SX5E,-0.08718028234240396
2030-09-18,000688.SH,0.15085995275519687
2030-09-18,SOX,-0.00900213577402846
2030-09-18,NDX,-0.04193204347021277
2030-09-18,XAU,0.01860536238061498
2030-09-18,COPPER,0.0005504159936535052
2030-09-18,WTI,-0.09753579483604591
2030-09-18,BTC,-0.0
2030-09-18,ETH,-0.0
2030-09-18,US10Y,0.01367958516886655
2030-09-18,CN10Y,-0.0
2030-09-19,000300.SH,-0.0
2030-09-19,SPX,0.04179134411260502
2030-09-19,HSI,-0.0
2030-09-19,N225,0.013720495138623522
2030-09-19,SX5E,-0.09866227416532267
2030-09-19,000688.SH,0.148689300527865
2030-09-19,SOX,0.051613750577720115
2030-09-19,NDX,-0.04018441238339501
2030-09-19,XAU,0.027640458690459047
2030-09-19,COPPER,-0.009914932033487806
2030-09-19,WTI,-0.14969974706788328
2030-09-19,BTC,-0.0
2030-09-19,ETH,-0.0
2030-09-19,US10Y,0.015006016602812318
2030-09-19,CN10Y,-0.0
2030-09-20,000300.SH,-0.0
2030-09-20,SPX,0.015722960350176174
2030-09-20,HSI,-0.0
2030-09-20,N225,0.011164547014559066
2030-09-20,SX5E,-0.0896803774082276
2030-09-20,000688.SH,0.12104356935159111
2030-09-20,SOX,0.0640763235033966
2030-09-20,NDX,0.030841955155851263
2030-09-20,XAU,0.0022917394898755794
2030-09-20,COPPER,0.01525271123476939
2030-09-20,WTI,-0.1799675648347697
2030-09-20,BTC,-0.0
2030-09-20,ETH,-0.0
2030-09-20,US10Y,0.009254136142776785
2030-09-20,CN10Y,-0.0
2030-09-23,000300.SH,-0.0
2030-09-23,SPX,-0.0005964400592826675
2030-09-23,HSI,-0.0
2030-09-23,N225,0.025828019635131396
2030-09-23,SX5E,-0.06236114377930774
2030-09-23,000688.SH,0.1131291090900083
2030-09-23,SOX,0.05998998791613577
2030-09-23,NDX,0.000501875402206425
2030-09-23,XAU,0.009008712215411108
2030-09-23,COPPER,0.006548267489526402
2030-09-23,WTI,-0.15302800905155528
2030-09-23,BTC,-0.0
2030-09-23,ETH,-0.0
2030-09-23,US10Y,0.0009796211417246615
2030-09-23,CN10Y,-0.0
2030-09-24,000300.SH,-0.0
2030-09-24,SPX,-0.007946306231638526
2030-09-24,HSI,-0.0
2030-09-24,N225,0.017811357692475143
2030-09-24,SX5E,-0.08728501707455927
2030-09-24,000688.SH,0.13490447631922797
2030-09-24,SOX,0.08812299670691165
2030-09-24,NDX,0.02110424638520133
2030-09-24,XAU,0.012560717411204481
2030-09-24,COPPER,-0.033162730223417265
2030-09-24,WTI,-0.13230640700438845
2030-09-24,BTC,-0.0
2030-09-24,ETH,-0.0
2030-09-24,US10Y,-0.013803333981019005
2030-09-24,CN10Y,-0.0
2030-09-25,000300.SH,-0.0
2030-09-25,SPX,0.002268907241697278
2030-09-25,HSI,-0.0
2030-09-25,N225,0.030689192361932602
2030-09-25,SX5E,-0.06586503241249726
2030-09-25,000688.SH,0.1396780725243374
2030-09-25,SOX,-0.008099159413669364
2030-09-25,NDX,0.03587844340854257
2030-09-25,XAU,-0.01023558385652348
2030-09-25,COPPER,-0.031099768306994336
2030-09-25,WTI,-0.08477525856427831
2030-09-25,BTC,-0.0
2030-09-25,ETH,-0.0
2030-09-25,US10Y,-0.008439812982550587
2030-09-25,CN10Y,-0.0
2030-09-26,000300.SH,-0.0
2030-09-26,SPX,0.008369364568632158
2030-09-26,HSI,-0.0
2030-09-26,N225,0.00261189133323049
2030-09-26,SX5E,-0.07897794348501318
2030-09-26,000688.SH,0.13954432205221884
2030-09-26,SOX,0.0017509342664469088
2030-09-26,NDX,0.05288851643940742
2030-09-26,XAU,-0.01063936597072367
2030-09-26,COPPER,-0.0029482971824534854
2030-09-26,WTI,-0.10674781825104794
2030-09-26,BTC,-0.0
2030-09-26,ETH,-0.0
2030-09-26,US10Y,-0.005851603770701182
2030-09-26,CN10Y,-0.0
2030-09-27,000300.SH,-0.0
2030-09-27,SPX,-0.004440699746181968
2030-09-27,HSI,-0.0
2030-09-27,N225,-0.0029704933195644455
2030-09-27,SX5E,-0.03753166024410744
2030-09-27,000688.SH,0.14775503481698213
2030-09-27,SOX,-0.041979564717139005
2030-09-27,NDX,0.052883006690423194
2030-09-27,XAU,-0.020115475863780943
2030-09-27,COPPER,-0.005003582294588868
2030-09-27,WTI,-0.08061835518907903
2030-09-27,BTC,-0.0
2030-09-27,ETH,-0.0
2030-09-27,US10Y,-0.007978210132964157
2030-09-27,CN10Y,-0.0
2030-09-30,000300.SH,-0.0
2030-09-30,SPX,-0.02444269729683556
2030-09-30,HSI,-0.0
2030-09-30,N225,-0.01610015467197366
2030-09-30,SX5E,-0.0423262329968683
2030-09-30,000688.SH,0.14795616584565605
2030-09-30,SOX,-0.04650027470272637
2030-09-30,NDX,0.08063864774741061
2030-09-30,XAU,0.000747044415284821
2030-09-30,COPPER,-0.04834270067585814
2030-09-30,WTI,-0.04580873010101367
2030-09-30,BTC,-0.0
2030-09-30,ETH,-0.0
2030-09-30,US10Y,-0.005821067563080612
2030-09-30,CN10Y,-0.0
2030-10-01,000300.SH,-0.0
2030-10-01,SPX,0.00198994630879276
2030-10-01,HSI,-0.0
2030-10-01,N225,-0.006223417745037844
2030-10-01,SX5E,-0.05367280981792326
2030-10-01,000688.SH,0.12921097454427258
2030-10-01,SOX,-0.0007912585044538133
2030-10-01,NDX,0.07940810257472446
2030-10-01,XAU,-0.002459955676718169
2030-10-01,COPPER,-0.08860880324382586
2030-10-01,WTI,-0.05797312014662791
2030-10-01,BTC,-0.0
2030-10-01,ETH,-0.0
2030-10-01,US10Y,-0.0008796582932093207
2030-10-01,CN10Y,-0.0
2030-10-02,000300.SH,-0.0
2030-10-02,SPX,0.017689896994205916
2030-10-02,HSI,-0.0
2030-10-02,N225,0.061311712478104574
2030-10-02,SX5E,-0.0731108966530761
2030-10-02,000688.SH,0.10812966197256209
2030-10-02,SOX,0.005588891468523566
2030-10-02,NDX,0.05132420503818015
2030-10-02,XAU,0.01134442403377929
2030-10-02,COPPER,-0.11682274435888085
2030-10-02,WTI,-0.06475708486091666
2030-10-02,BTC,-0.0
2030-10-02,ETH,-0.0
2030-10-02,US10Y,-0.0006980661124894672
2030-10-02,CN10Y,-0.0
2030-10-03,000300.SH,-0.0
2030-10-03,SPX,0.024288766736303573
2030-10-03,HSI,-0.0
2030-10-03,N225,0.05053402192361662
2030-10-03,SX5E,-0.05247385777118645
2030-10-03,000688.SH,0.07748169915523037
2030-10-03,SOX,0.054492124862040636
2030-10-03,NDX,0.04130255721060405
2030-10-03,XAU,-0.0073975263020450155
2030-10-03,COPPER,-0.12376307136031992
2030-10-03,WTI,-0.08571356219402175
2030-10-03,BTC,-0.0
2030-10-03,ETH,-0.0
2030-10-03,US10Y,0.021248847739771048
2030-10-03,CN10Y,-0.0
2030-10-04,000300.SH,-0.0
2030-10-04,SPX,0.06094057958798374
2030-10-04,HSI,-0.0
2030-10-04,N225,0.04078217693797399
2030-10-04,SX5E,-0.047532949436782754
2030-10-04,000688.SH,0.04245964610344466
2030-10-04,SOX,0.04894829256071408
2030-10-04,NDX,0.02105050849253353
2030-10-04,XAU,-0.002056944005610766
2030-10-04,COPPER,-0.1315730633261664
2030-10-04,WTI,-0.0636836475016849
2030-10-04,BTC,-0.0
2030-10-04,ETH,-0.0
2030-10-04,US10Y,0.0306654005875882
2030-10-04,CN10Y,-0.0
2030-10-07,000300.SH,-0.0
2030-10-07,SPX,0.054045966180641766
2030-10-07,HSI,-0.0
2030-10-07,N225,0.01647565792462921
2030-10-07,SX5E,-0.0056757143249683215
2030-10-07,000688.SH,0.0902786470312933
2030-10-07,SOX,0.038826613100075125
2030-10-07,NDX,-0.008128896188344174
2030-10-07,XAU,0.012876519023211241
2030-10-07,COPPER,-0.1488854313218852
2030-10-07,WTI,-0.08053700091267477
2030-10-07,BTC,-0.0
2030-10-07,ETH,-0.0
2030-10-07,US10Y,0.03072363948801836
2030-10-07,CN10Y,-0.0
2030-10-08,000300.SH,-0.0
2030-10-08,SPX,0.053760734779708594
2030-10-08,HSI,-0.0
2030-10-08,N225,-0.0026200362778622064
2030-10-08,SX5E,-0.02292498022413223
2030-10-08,000688.SH,0.07833147079247524
2030-10-08,SOX,0.045776810909001354
2030-10-08,NDX,0.004635474814702776
2030-10-08,XAU,0.018553515468087346
2030-10-08,COPPER,-0.08556005320736662
2030-10-08,WTI,-0.118758289749361
2030-10-08,BTC,-0.0
2030-10-08,ETH,-0.0
2030-10-08,US10Y,0.028805352694743425
2030-10-08,CN10Y,-0.0
2030-10-09,000300.SH,-0.0
2030-10-09,SPX,0.03521754274412996
2030-10-09,HSI,-0.0
2030-10-09,N225,0.004732253846275609
2030-10-09,SX5E,-0.011199138613890356
2030-10-09,000688.SH,0.04754457276478878
2030-10-09,SOX,0.06954624486573391
2030-10-09,NDX,-0.010039084593206701
2030-10-09,XAU,0.0437229262504118
2030-10-09,COPPER,-0.06744594407605635
2030-10-09,WTI,-0.14827022404445162
2030-10-09,BTC,-0.0
2030-10-09,ETH,-0.0
2030-10-09,US10Y,0.03619085085626144
2030-10-09,CN10Y,-0.0
2030-10-10,000300.SH,-0.0
2030-10-10,SPX,0.04152413117527148
2030-10-10,HSI,-0.0
2030-10-10,N225,-0.012510295658917585
2030-10-10,SX5E,0.005334560848898901
2030-10-10,000688.SH,0.03527239205081504
2030-10-10,SOX,0.048810495640000486
2030-10-10,NDX,0.016283257684710013
2030-10-10,XAU,0.05101458334674325
2030-10-10,COPPER,-0.08956936036484356
2030-10-10,WTI,-0.1444185277163778
2030-10-10,BTC,-0.0
2030-10-10,ETH,-0.0
2030-10-10,US10Y,0.0482587629936955
2030-10-10,CN10Y,-0.0
2030-10-11,000300.SH,-0.0
2030-10-11,SPX,0.052084739004237234
2030-10-11,HSI,-0.0
2030-10-11,N225,-0.03102181025736232
2030-10-11,SX5E,0.017817800300557327
2030-10-11,000688.SH,0.023106381629759098
2030-10-11,SOX,0.07175360565414066
2030-10-11,NDX,-0.023798129097465655
2030-10-11,XAU,0.031225317459184374
2030-10-11,COPPER,-0.07656697362147268
2030-10-11,WTI,-0.10311758165449063
2030-10-11,BTC,-0.0
2030-10-11,ETH,-0.0
2030-10-11,US10Y,0.03851665058290689
2030-10-11,CN10Y,-0.0
2030-10-14,000300.SH,-0.0
2030-10-14,SPX,0.043079250172762006
2030-10-14,HSI,-0.0
2030-10-14,N225,-0.03122056297462142
2030-10-14,SX5E,0.03438075284665521
2030-10-14,000688.SH,0.04176525654230381
2030-10-14,SOX,-0.0028823900489579196
2030-10-14,NDX,0.007760520419043267
2030-10-14,XAU,0.02059476476525056
2030-10-14,COPPER,-0.06605549617188734
2030-10-14,WTI,-0.059707975519113665
2030-10-14,BTC,-0.0
2030-10-14,ETH,-0.0
2030-10-14,US10Y,0.012285879968557952
2030-10-14,CN10Y,-0.0
2030-10-15,000300.SH,-0.0
2030-10-15,SPX,0.05211393101753944
2030-10-15,HSI,-0.0
2030-10-15,N225,-0.03566158811761986
2030-10-15,SX5E,0.005551099277369683
2030-10-15,000688.SH,0.05494232356442885
2030-10-15,SOX,0.017460446389005253
2030-10-15,NDX,0.013937568978800226
2030-10-15,XAU,-0.0006087617065411582
2030-10-15,COPPER,-0.058227828909648706
2030-10-15,WTI,-0.05428190316348913
2030-10-15,BTC,-0.0
2030-10-15,ETH,-0.0
2030-10-15,US10Y,0.00477471267014765
2030-10-15,CN10Y,-0.0
2030-10-16,000300.SH,-0.0
2030-10-16,SPX,0.035407103353518085
2030-10-16,HSI,-0.0
2030-10-16,N225,-0.06755842421374482
2030-10-16,SX5E,0.02060655514200672
2030-10-16,000688.SH,0.031544000035281884
2030-10-16,SOX,0.01809860304454529
2030-10-16,NDX,0.008915233422450285
2030-10-16,XAU,0.010782955984493558
2030-10-16,COPPER,-0.0729364063864221
2030-10-16,WTI,-0.006057435552345981
2030-10-16,BTC,-0.0
2030-10-16,ETH,-0.0
2030-10-16,US10Y,0.021197815170209994
2030-10-16,CN10Y,-0.0
2030-10-17,000300.SH,-0.0
2030-10-17,SPX,0.03340938792010219
2030-10-17,HSI,-0.0
2030-10-17,N225,-0.06712341089024025
2030-10-17,SX5E,0.03983600894150054
2030-10-17,000688.SH,0.062050555725598956
2030-10-17,SOX,-0.04492407095850376
2030-10-17,NDX,0.01908676962308833
2030-10-17,XAU,-0.008377577917092554
2030-10-17,COPPER,-0.07346898330751703
2030-10-17,WTI,0.0127870870094474
2030-10-17,BTC,-0.0
2030-10-17,ETH,-0.0
2030-10-17,US10Y,0.026724233853611733
2030-10-17,CN10Y,-0.0
2030-10-18,000300.SH,-0.0
2030-10-18,SPX,0.0529569568047903
2030-10-18,HSI,-0.0
2030-10-18,N225,-0.043609096474618546
2030-10-18,SX5E,0.05548616963358332
2030-10-18,000688.SH,0.05555347361401222
2030-10-18,SOX,-0.07566515751281057
2030-10-18,NDX,-0.031143631791962945
2030-10-18,XAU,-0.012941118712660377
2030-10-18,COPPER,-0.08989290420902304
2030-10-18,WTI,0.08160722826420988
2030-10-18,BTC,-0.0
2030-10-18,ETH,-0.0
2030-10-18,US10Y,0.0076480803844737495
2030-10-18,CN10Y,-0.0
2030-10-21,000300.SH,-0.0
2030-10-21,SPX,0.05697216015785104
2030-10-21,HSI,-0.0
2030-10-21,N225,-0.04941184017294985
2030-10-21,SX5E,0.05384925907408734
2030-10-21,000688.SH,0.07313095785406683
2030-10-21,SOX,-0.0595521307854943
2030-10-21,NDX,-0.04092249473298908
2030-10-21,XAU,-0.016148369418834324
2030-10-21,COPPER,-0.02704699202856551
2030-10-21,WTI,0.0002617616220431107
2030-10-21,BTC,-0.0
2030-10-21,ETH,-0.0
2030-10-21,US10Y,0.008867688430779582
2030-10-21,CN10Y,-0.0
2030-10-22,000300.SH,-0.0
2030-10-22,SPX,0.05521213292674784
2030-10-22,HSI,-0.0
2030-10-22,N225,-0.022963666857060305
2030-10-22,SX5E,0.06341784493856298
2030-10-22,000688.SH,0.019681857374163118
2030-10-22,SOX,-0.08950076117715242
2030-10-22,NDX,-0.06302256123932462
2030-10-22,XAU,-0.021314249221172088
2030-10-22,COPPER,0.009154230011293292
2030-10-22,WTI,0.024521639798999992
2030-10-22,BTC,-0.0
2030-10-22,ETH,-0.0
2030-10-22,US10Y,0.024813533444935323
2030-10-22,CN10Y,-0.0
2030-10-23,000300.SH,-0.0
2030-10-23,SPX,0.060303077847744926
2030-10-23,HSI,-0.0
2030-10-23,N225,-0.041212800865639006
2030-10-23,SX5E,0.07389800209673761
2030-10-23,000688.SH,0.03215274498298995
2030-10-23,SOX,-0.0420408261993822
2030-10-23,NDX,-0.04887035776532209
2030-10-23,XAU,0.014878769629053865
2030-10-23,COPPER,-0.005289646409146246
2030-10-23,WTI,-0.0762712161543341
2030-10-23,BTC,-0.0
2030-10-23,ETH,-0.0
2030-10-23,US10Y,0.03245225283729209
2030-10-23,CN10Y,-0.0
2030-10-24,000300.SH,-0.0
2030-10-24,SPX,0.07150256005925183
2030-10-24,HSI,-0.0
2030-10-24,N225,-0.04716437395870118
2030-10-24,SX5E,0.07155680404120521
2030-10-24,000688.SH,-0.006101875631536028
2030-10-24,SOX,-0.030307180863372248
2030-10-24,NDX,-0.054380307999782385
2030-10-24,XAU,0.01589656518261309
2030-10-24,COPPER,-0.030430859315020417
2030-10-24,WTI,-0.0017416090391342842
2030-10-24,BTC,-0.0
2030-10-24,ETH,-0.0
2030-10-24,US10Y,0.011170277524471545
2030-10-24,CN10Y,-0.0
2030-10-25,000300.SH,-0.0
2030-10-25,SPX,0.08311515409103666
2030-10-25,HSI,-0.0
2030-10-25,N225,-0.04473615478275226
2030-10-25,SX5E,0.028309658460596403
2030-10-25,000688.SH,0.006041636356801515
2030-10-25,SOX,-0.04613241983851447
2030-10-25,NDX,-0.057607508086872934
2030-10-25,XAU,0.025851068084061898
2030-10-25,COPPER,-0.05522435671612037
2030-10-25,WTI,0.0369089242693819
2030-10-25,BTC,-0.0
2030-10-25,ETH,-0.0
2030-10-25,US10Y,0.023473998162375033
2030-10-25,CN10Y,-0.0
2030-10-28,000300.SH,-0.0
2030-10-28,SPX,0.0960128395175425
2030-10-28,HSI,-0.0
2030-10-28,N225,-0.07055413345413517
2030-10-28,SX5E,0.022086897013902027
2030-10-28,000688.SH,-0.01347198054425486
2030-10-28,SOX,-0.044769277140783055
2030-10-28,NDX,-0.06561743942721689
2030-10-28,XAU,0.028871896634093515
2030-10-28,COPPER,-0.024086813956227866
2030-10-28,WTI,0.04157186054010493
2030-10-28,BTC,-0.0
2030-10-28,ETH,-0.0
2030-10-28,US10Y,0.029956150816969843
2030-10-28,CN10Y,-0.0
2030-10-29,000300.SH,-0.0
2030-10-29,SPX,0.09415442100210542
2030-10-29,HSI,-0.0
2030-10-29,N225,-0.09790021594078074
2030-10-29,SX5E,0.045140553611885716
2030-10-29,000688.SH,-0.014503063704262863
2030-10-29,SOX,-0.01661503046542547
2030-10-29,NDX,-0.06439702460118733
2030-10-29,XAU,0.025193600277445282
2030-10-29,COPPER,-0.003546348359846777
2030-10-29,WTI,0.0020548494687206605
2030-10-29,BTC,-0.0
2030-10-29,ETH,-0.0
2030-10-29,US10Y,0.03041825871133978
2030-10-29,CN10Y,-0.0
2030-10-30,000300.SH,-0.0
2030-10-30,SPX,0.07739023706610261
2030-10-30,HSI,-0.0
2030-10-30,N225,-0.10694664108448185
2030-10-30,SX5E,0.050903551786465634
2030-10-30,000688.SH,0.015174616738911535
2030-10-30,SOX,0.0075601981127338
2030-10-30,NDX,-0.09171129761211064
2030-10-30,XAU,0.011291839492717563
2030-10-30,COPPER,0.009779905962699722
2030-10-30,WTI,-0.010087320602753073
2030-10-30,BTC,-0.0
2030-10-30,ETH,-0.0
2030-10-30,US10Y,0.036644910139709885
2030-10-30,CN10Y,-0.0
2030-10-31,000300.SH,-0.0
2030-10-31,SPX,0.08305747098406893
2030-10-31,HSI,-0.0
2030-10-31,N225,-0.08035667426110335
2030-10-31,SX5E,0.03602205401175833
2030-10-31,000688.SH,0.06691507015740908
2030-10-31,SOX,-0.04613791648684921
2030-10-31,NDX,-0.10206401325229938
2030-10-31,XAU,0.04192663266677725
2030-10-31,COPPER,0.011551789219445859
2030-10-31,WTI,-0.0326177632251296
2030-10-31,BTC,-0.0
2030-10-31,ETH,-0.0
2030-10-31,US10Y,0.021703350185916844
2030-10-31,CN10Y,-0.0
2030-11-01,000300.SH,-0.0
2030-11-01,SPX,0.06773164559543825
2030-11-01,HSI,-0.0
2030-11-01,N225,-0.05896978516259363
2030-11-01,SX5E,0.032566717821843616
2030-11-01,000688.SH,0.0637919171201928
2030-11-01,SOX,-0.026686159936206415
2030-11-01,NDX,-0.09529404000069201
2030-11-01,XAU,0.02728733454613102
2030-11-01,COPPER,0.024612299222011594
2030-11-01,WTI,-0.051502312170093524
2030-11-01,BTC,-0.0
2030-11-01,ETH,-0.0
2030-11-01,US10Y,0.01646238296396207
2030-11-01,CN10Y,-0.0
2030-11-04,000300.SH,-0.0
2030-11-04,SPX,0.05797063240505694
2030-11-04,HSI,-0.0
2030-11-04,N225,-0.031571778811611675
2030-11-04,SX5E,0.00864721900914405
2030-11-04,000688.SH,-0.017033586333298496
2030-11-04,SOX,0.011540134587093829
2030-11-04,NDX,-0.06956492345176163
2030-11-04,XAU,-0.008350426128364992
2030-11-04,COPPER,0.0582250469857174
2030-11-04,WTI,-0.014997876734910258
2030-11-04,BTC,-0.0
2030-11-04,ETH,-0.0
2030-11-04,US10Y,0.005135558472925421
2030-11-04,CN10Y,-0.0
2030-11-05,000300.SH,-0.0
2030-11-05,SPX,0.04862828045466987
2030-11-05,HSI,-0.0
2030-11-05,N225,-0.04483587432399292
2030-11-05,SX5E,0.013177612662326244
2030-11-05,000688.SH,0.007589129121595983
2030-11-05,SOX,0.041279642794975924
2030-11-05,NDX,-0.06297282360917136
2030-11-05,XAU,-0.028973425828618924
2030-11-05,COPPER,0.02609907714906011
2030-11-05,WTI,-0.035079386158983705
2030-11-05,BTC,-0.0
2030-11-05,ETH,-0.0
2030-11-05,US10Y,0.03508776773813022
2030-11-05,CN10Y,-0.0
2030-11-06,000300.SH,-0.0
2030-11-06,SPX,0.06870756362001743
2030-11-06,HSI,-0.0
2030-11-06,N225,-0.0671643910487744
2030-11-06,SX5E,0.012266774844609297
2030-11-06,000688.SH,0.04508428126580669
2030-11-06,SOX,0.0063637396909884975
2030-11-06,NDX,-0.06529077238581917
2030-11-06,XAU,-0.040307296646496446
2030-11-06,COPPER,0.00864633822456107
2030-11-06,WTI,-0.01017373358080208
2030-11-06,BTC,-0.0
2030-11-06,ETH,-0.0
2030-11-06,US10Y,0.041867496015898516
2030-11-06,CN10Y,-0.0
2030-11-07,000300.SH,-0.0
2030-11-07,SPX,0.07730634259527427
2030-11-07,HSI,-0.0
2030-11-07,N225,-0.06581203205720298
2030-11-07,SX5E,-0.002085733471973894
2030-11-07,000688.SH,0.05307361938495468
2030-11-07,SOX,-0.045076973809936964
2030-11-07,NDX,-0.08089469695742978
2030-11-07,XAU,-0.01586401244062705
2030-11-07,COPPER,0.032135737791174804
2030-11-07,WTI,0.027687257009024583
2030-11-07,BTC,-0.0
2030-11-07,ETH,-0.0
2030-11-07,US10Y,0.019530491956731233
2030-11-07,CN10Y,-0.0
2030-11-08,000300.SH,-0.0
2030-11-08,SPX,0.057140105354759885
2030-11-08,HSI,-0.0
2030-11-08,N225,-0.04214358095745067
2030-11-08,SX5E,-0.022708196861789445
2030-11-08,000688.SH,0.019271845370410552
2030-11-08,SOX,-0.04280138555575198
2030-11-08,NDX,-0.05918944873807565
2030-11-08,XAU,-0.000660181842802381
2030-11-08,COPPER,0.024877599029629157
2030-11-08,WTI,0.06274659593358412
2030-11-08,BTC,-0.0
2030-11-08,ETH,-0.0
2030-11-08,US10Y,0.003466648267476248
2030-11-08,CN10Y,-0.0
2030-11-11,000300.SH,-0.0
2030-11-11,SPX,0.09236097650770571
2030-11-11,HSI,-0.0
2030-11-11,N225,-0.04264986949494625
2030-11-11,SX5E,-0.03040468681350574
2030-11-11,000688.SH,0.01186317009844528
2030-11-11,SOX,-0.02082496471031755
2030-11-11,NDX,-0.07878579742464847
2030-11-11,XAU,0.004046189468537616
2030-11-11,COPPER,0.04962284858673451
2030-11-11,WTI,0.0197417419101553
2030-11-11,BTC,-0.0
2030-11-11,ETH,-0.0
2030-11-11,US10Y,-0.004969608128169826
2030-11-11,CN10Y,-0.0
2030-11-12,000300.SH,-0.0
2030-11-12,SPX,0.08821615013155454
2030-11-12,HSI,-0.0
2030-11-12,N225,-0.014864272183712508
2030-11-12,SX5E,0.006384098610866914
2030-11-12,000688.SH,0.016818381658046812
2030-11-12,SOX,-0.0300335146032112
2030-11-12,NDX,-0.08432210340721853
2030-11-12,XAU,-0.007272380095227789
2030-11-12,COPPER,0.0538455090517461
2030-11-12,WTI,-0.02548644209875458
2030-11-12,BTC,-0.0
2030-11-12,ETH,-0.0
2030-11-12,US10Y,-0.0032854270640993964
2030-11-12,CN10Y,-0.0
2030-11-13,000300.SH,-0.0
2030-11-13,SPX,0.08591348068598839
2030-11-13,HSI,-0.0
2030-11-13,N225,0.012395716320991542
2030-11-13,SX5E,0.014725548370754172
2030-11-13,000688.SH,0.012752789122170663
2030-11-13,SOX,0.01225497640511864
2030-11-13,NDX,-0.10554088514248644
2030-11-13,XAU,-0.0409393819482291
2030-11-13,COPPER,0.05489454076493064
2030-11-13,WTI,-0.05170569733895235
2030-11-13,BTC,-0.0
2030-11-13,ETH,-0.0
2030-11-13,US10Y,0.00524891275970328
2030-11-13,CN10Y,-0.0
2030-11-14,000300.SH,-0.0
2030-11-14,SPX,0.051966049946533886
2030-11-14,HSI,-0.0
2030-11-14,N225,0.043726754119947864
2030-11-14,SX5E,0.022181127313162775
2030-11-14,000688.SH,-0.0507089531749792
2030-11-14,SOX,0.03552290297393049
2030-11-14,NDX,-0.09154320320279873
2030-11-14,XAU,-0.052189613355002565
2030-11-14,COPPER,0.05445374854231911
2030-11-14,WTI,-0.022714279208586402
2030-11-14,BTC,-0.0
2030-11-14,ETH,-0.0
2030-11-14,US10Y,0.009305466045461229
2030-11-14,CN10Y,-0.0
2030-11-15,000300.SH,-0.0
2030-11-15,SPX,0.04476037910649345
2030-11-15,HSI,-0.0
2030-11-15,N225,0.047922887767873415
2030-11-15,SX5E,0.0015710997377132926
2030-11-15,000688.SH,-0.027254393705622215
2030-11-15,SOX,0.09320905673576887
2030-11-15,NDX,-0.06846419957573502
2030-11-15,XAU,-0.04087432955906369
2030-11-15,COPPER,0.029067421743223743
2030-11-15,WTI,-0.08698635456223347
2030-11-15,BTC,-0.0
2030-11-15,ETH,-0.0
2030-11-15,US10Y,0.007048432311570773
2030-11-15,CN10Y,-0.0
2030-11-18,000300.SH,-0.0
2030-11-18,SPX,0.03245617118369504
2030-11-18,HSI,-0.0
2030-11-18,N225,0.025558315438480635
2030-11-18,SX5E,0.0024991151372161444
2030-11-18,000688.SH,-0.03896556558321882
2030-11-18,SOX,0.07599636016425693
2030-11-18,NDX,-0.026365132983882003
2030-11-18,XAU,-0.01963821070166348
2030-11-18,COPPER,-0.02108769293344856
2030-11-18,WTI,-0.04365677221097638
2030-11-18,BTC,-0.0
2030-11-18,ETH,-0.0
2030-11-18,US10Y,0.013203412489528802
2030-11-18,CN10Y,-0.0
2030-11-19,000300.SH,-0.0
2030-11-19,SPX,0.005353104432670338
2030-11-19,HSI,-0.0
2030-11-19,N225,0.01668633166211675
2030-11-19,SX5E,-0.0042415813721036946
2030-11-19,000688.SH,-0.008576887302093172
2030-11-19,SOX,0.05851167498854435
2030-11-19,NDX,-0.005816148083844582
2030-11-19,XAU,0.0013394613997606483
2030-11-19,COPPER,-0.02444866104250866
2030-11-19,WTI,-0.042339295745638404
2030-11-19,BTC,-0.0
2030-11-19,ETH,-0.0
2030-11-19,US10Y,0.0035320010630880416
2030-11-19,CN10Y,-0.0
2030-11-20,000300.SH,-0.0
2030-11-20,SPX,-0.007625427272448253
2030-11-20,HSI,-0.0
2030-11-20,N225,0.03768516119221017
2030-11-20,SX5E,-0.0014473705117446205
2030-11-20,000688.SH,-0.02207506955666297
2030-11-20,SOX,0.07618739666688346
2030-11-20,NDX,-0.05672959244014218
2030-11-20,XAU,0.004823256941099174
2030-11-20,COPPER,-0.032132148876895354
2030-11-20,WTI,0.014370047254165307
2030-11-20,BTC,-0.0
2030-11-20,ETH,-0.0
2030-11-20,US10Y,-0.013056253396472345
2030-11-20,CN10Y,-0.0
2030-11-21,000300.SH,-0.0
2030-11-21,SPX,-0.018488853412469263
2030-11-21,HSI,-0.0
2030-11-21,N225,0.059844846001489385
2030-11-21,SX5E,0.011208106030455595
2030-11-21,000688.SH,-0.018483054833339067
2030-11-21,SOX,0.07105075576287354
2030-11-21,NDX,-0.030547896160564764
2030-11-21,XAU,-0.0009770330502097344
2030-11-21,COPPER,-0.049025345518707804
2030-11-21,WTI,-0.036567266273055565
2030-11-21,BTC,-0.0
2030-11-21,ETH,-0.0
2030-11-21,US10Y,0.011985741453522611
2030-11-21,CN10Y,-0.0
2030-11-22,000300.SH,-0.0
2030-11-22,SPX,-0.033879669614368044
2030-11-22,HSI,-0.0
2030-11-22,N225,0.09478790471487736
2030-11-22,SX5E,0.0050892188663170905
2030-11-22,000688.SH,-0.05631509774558455
2030-11-22,SOX,0.10796874684535876
2030-11-22,NDX,-0.02868522619342695
2030-11-22,XAU,-0.03509396715103151
2030-11-22,COPPER,0.005264663568811188
2030-11-22,WTI,-0.06740940820444631
2030-11-22,BTC,-0.0
2030-11-22,ETH,-0.0
2030-11-22,US10Y,0.008272834913487462
2030-11-22,CN10Y,-0.0
2030-11-25,000300.SH,-0.0
2030-11-25,SPX,-0.044660696588733576
2030-11-25,HSI,-0.0
2030-11-25,N225,0.1361338183213526
2030-11-25,SX5E,0.01917071967624594
2030-11-25,000688.SH,-0.06648485299860421
2030-11-25,SOX,0.06452864127250983
2030-11-25,NDX,-0.028257057224714013
2030-11-25,XAU,-0.06392733153357091
2030-11-25,COPPER,-0.011872475408721127
2030-11-25,WTI,-0.014278300432286131
2030-11-25,BTC,-0.0
2030-11-25,ETH,-0.0
2030-11-25,US10Y,0.009647534916517533
2030-11-25,CN10Y,-0.0
2030-11-26,000300.SH,-0.0
2030-11-26,SPX,-0.0513701048244465
2030-11-26,HSI,-0.0
2030-11-26,N225,0.14773170886596293
2030-11-26,SX5E,0.015803784274960903
2030-11-26,000688.SH,-0.04056773444182131
2030-11-26,SOX,0.023532885285919673
2030-11-26,NDX,-0.023239901854044228
2030-11-26,XAU,-0.06155039271263248
2030-11-26,COPPER,-0.031721173758285835
2030-11-26,WTI,0.00798914502975882
2030-11-26,BTC,-0.0
2030-11-26,ETH,-0.0
2030-11-26,US10Y,0.013391784134625672
2030-11-26,CN10Y,-0.0
2030-11-27,000300.SH,-0.0
2030-11-27,SPX,-0.04115383094408987
2030-11-27,HSI,-0.0
2030-11-27,N225,0.1392701532207847
2030-11-27,SX5E,0.021006432651208932
2030-11-27,000688.SH,-0.08333148197585122
2030-11-27,SOX,0.04352155241818764
2030-11-27,NDX,0.003835273082986545
2030-11-27,XAU,-0.08430338242435337
2030-11-27,COPPER,-0.027514097623356694
2030-11-27,WTI,0.016458321166354026
2030-11-27,BTC,-0.0
2030-11-27,ETH,-0.0
2030-11-27,US10Y,0.012211060428127458
2030-11-27,CN10Y,-0.0
2030-11-28,000300.SH,-0.0
2030-11-28,SPX,-0.05722157200990182
2030-11-28,HSI,-0.0
2030-11-28,N225,0.11964194966899637
2030-11-28,SX5E,0.008685339147821667
2030-11-28,000688.SH,-0.11529489123219927
2030-11-28,SOX,0.04271215982162987
2030-11-28,NDX,0.030424161796729826
2030-11-28,XAU,-0.09999817109895756
2030-11-28,COPPER,0.007603402568735831
2030-11-28,WTI,0.049593474758158576
2030-11-28,BTC,-0.0
2030-11-28,ETH,-0.0
2030-11-28,US10Y,0.013854146578983166
2030-11-28,CN10Y,-0.0
2030-11-29,000300.SH,-0.0
2030-11-29,SPX,-0.02337812866066664
2030-11-29,HSI,-0.0
2030-11-29,N225,0.1266708206055742
2030-11-29,SX5E,0.025038660426774356
2030-11-29,000688.SH,-0.11857284035642639
2030-11-29,SOX,0.020791841773377125
2030-11-29,NDX,0.02234395091092148
2030-11-29,XAU,-0.07973409748482528
2030-11-29,COPPER,0.008574519398270999
2030-11-29,WTI,0.020012291247263822
2030-11-29,BTC,-0.0
2030-11-29,ETH,-0.0
2030-11-29,US10Y,-0.0017470178602656834
2030-11-29,CN10Y,-0.0
2030-12-02,000300.SH,-0.0
2030-12-02,SPX,-0.021090653708259348
2030-12-02,HSI,-0.0
2030-12-02,N225,0.0913569682993962
2030-12-02,SX5E,0.03211155148894853
2030-12-02,000688.SH,-0.11112724447122474
2030-12-02,SOX,-0.035597455183060185
2030-12-02,NDX,0.03374715484413953
2030-12-02,XAU,-0.07039536633567114
2030-12-02,COPPER,0.020132277601543708
2030-12-02,WTI,0.05798887584624747
2030-12-02,BTC,-0.0
2030-12-02,ETH,-0.0
2030-12-02,US10Y,0.0028738916179409184
2030-12-02,CN10Y,-0.0
2030-12-03,000300.SH,-0.0
2030-12-03,SPX,-0.006929541122971476
2030-12-03,HSI,-0.0
2030-12-03,N225,0.10267256777940707
2030-12-03,SX5E,0.022111573551838015
2030-12-03,000688.SH,-0.11352668383567996
2030-12-03,SOX,-0.03494774404943389
2030-12-03,NDX,0.02426133778185242
2030-12-03,XAU,-0.07279741377265117
2030-12-03,COPPER,0.009768158834960959
2030-12-03,WTI,0.07816606770150142
2030-12-03,BTC,-0.0
2030-12-03,ETH,-0.0
2030-12-03,US10Y,-0.008778322868822951
2030-12-03,CN10Y,-0.0
2030-12-04,000300.SH,-0.0
2030-12-04,SPX,-0.01673412413635439
2030-12-04,HSI,-0.0
2030-12-04,N225,0.11675515313316626
2030-12-04,SX5E,0.028210609462145736
2030-12-04,000688.SH,-0.117530503774311
2030-12-04,SOX,-0.06463623371457367
2030-12-04,NDX,0.04570822586271874
2030-12-04,XAU,-0.07108076595467794
2030-12-04,COPPER,-0.005995224115809996
2030-12-04,WTI,0.07687608444626075
2030-12-04,BTC,-0.0
2030-12-04,ETH,-0.0
2030-12-04,US10Y,0.008426778791437481
2030-12-04,CN10Y,-0.0
2030-12-05,000300.SH,-0.0
2030-12-05,SPX,-0.02942608772427694
2030-12-05,HSI,-0.0
2030-12-05,N225,0.13255093130589948
2030-12-05,SX5E,0.025839993095802774
2030-12-05,000688.SH,-0.11456000221703011
2030-12-05,SOX,-0.008599826631663933
2030-12-05,NDX,0.04970798369701429
2030-12-05,XAU,-0.09950168090682338
2030-12-05,COPPER,-0.03063305959127599
2030-12-05,WTI,0.06006887037345096
2030-12-05,BTC,-0.0
2030-12-05,ETH,-0.0
2030-12-05,US10Y,0.014552878598903935
2030-12-05,CN10Y,-0.0
2030-12-06,000300.SH,-0.0
2030-12-06,SPX,0.00473231160068513
2030-12-06,HSI,-0.0
2030-12-06,N225,0.08425309506602588
2030-12-06,SX5E,0.027405821399039812
2030-12-06,000688.SH,-0.084585824505009
2030-12-06,SOX,-0.04984895604922154
2030-12-06,NDX,0.04866001071462314
2030-12-06,XAU,-0.10086840689196037
2030-12-06,COPPER,-0.023180690649018537
2030-12-06,WTI,0.07443321001997588
2030-12-06,BTC,-0.0
2030-12-06,ETH,-0.0
2030-12-06,US10Y,0.018999429294860953
2030-12-06,CN10Y,-0.0
2030-12-09,000300.SH,-0.0
2030-12-09,SPX,-0.006494131797687597
2030-12-09,HSI,-0.0
2030-12-09,N225,0.08655375575717739
2030-12-09,SX5E,0.03787984578054533
2030-12-09,000688.SH,-0.08973230846806204
2030-12-09,SOX,-0.001334517248540626
2030-12-09,NDX,0.03395179487786011
2030-12-09,XAU,-0.11968686514427351
2030-12-09,COPPER,-0.054380001498515414
2030-12-09,WTI,0.08991184178957548
2030-12-09,BTC,-0.0
2030-12-09,ETH,-0.0
2030-12-09,US10Y,0.0233305859519229
2030-12-09,CN10Y,-0.0
2030-12-10,000300.SH,-0.0
2030-12-10,SPX,-0.011566094022020811
2030-12-10,HSI,-0.0
2030-12-10,N225,0.05892884541478421
2030-12-10,SX5E,0.02107319572446672
2030-12-10,000688.SH,-0.14687882933773985
2030-12-10,SOX,0.02103361529711554
2030-12-10,NDX,0.06717232227629742
2030-12-10,XAU,-0.11078577781767018
2030-12-10,COPPER,-0.05078090696922762
2030-12-10,WTI,0.11014156702282904
2030-12-10,BTC,-0.0
2030-12-10,ETH,-0.0
2030-12-10,US10Y,0.04166206241116993
2030-12-10,CN10Y,-0.0
2030-12-11,000300.SH,-0.0
2030-12-11,SPX,0.006568312280896544
2030-12-11,HSI,-0.0
2030-12-11,N225,0.051968079869002794
2030-12-11,SX5E,0.018212377777455137
2030-12-11,000688.SH,-0.1372446904595807
2030-12-11,SOX,-0.004659664115692727
2030-12-11,NDX,0.07281995166947675
2030-12-11,XAU,-0.08682634628228202
2030-12-11,COPPER,-0.08740003156218087
2030-12-11,WTI,0.12094818511146471
2030-12-11,BTC,-0.0
2030-12-11,ETH,-0.0
2030-12-11,US10Y,0.04561382571144354
2030-12-11,CN10Y,-0.0
2030-12-12,000300.SH,-0.0
2030-12-12,SPX,0.035150016873712546
2030-12-12,HSI,-0.0
2030-12-12,N225,0.016556954502052783
2030-12-12,SX5E,0.005004895973331117
2030-12-12,000688.SH,-0.1275044042485322
2030-12-12,SOX,-0.006477025832168139
2030-12-12,NDX,0.05962728919373757
2030-12-12,XAU,-0.06919068826034616
2030-12-12,COPPER,-0.08630976674939699
2030-12-12,WTI,0.12707495674296648
2030-12-12,BTC,-0.0
2030-12-12,ETH,-0.0
2030-12-12,US10Y,0.046067771804646634
2030-12-12,CN10Y,-0.0
2030-12-13,000300.SH,-0.0
2030-12-13,SPX,0.02177651804408243
2030-12-13,HSI,-0.0
2030-12-13,N225,0.009648364519184768
2030-12-13,SX5E,0.01678039027855073
2030-12-13,000688.SH,-0.1554367976766176
2030-12-13,SOX,-0.012295053654617229
2030-12-13,NDX,0.08008011463099735
2030-12-13,XAU,-0.09543647350709968
2030-12-13,COPPER,-0.0902484294811112
2030-12-13,WTI,0.1706816005491907
2030-12-13,BTC,-0.0
2030-12-13,ETH,-0.0
2030-12-13,US10Y,0.05444976629744277
2030-12-13,CN10Y,-0.0
2030-12-16,000300.SH,-0.0
2030-12-16,SPX,0.026225120511331683
2030-12-16,HSI,-0.0
2030-12-16,N225,0.04547108514421185
2030-12-16,SX5E,0.01331837933798592
2030-12-16,000688.SH,-0.1364538383070169
2030-12-16,SOX,0.004557428822630282
2030-12-16,NDX,0.01667108141860344
2030-12-16,XAU,-0.12251326716410685
2030-12-16,COPPER,-0.10298222120257458
2030-12-16,WTI,0.1974906733193667
2030-12-16,BTC,-0.0
2030-12-16,ETH,-0.0
2030-12-16,US10Y,0.05821555811957104
2030-12-16,CN10Y,-0.0
2030-12-17,000300.SH,-0.0
2030-12-17,SPX,0.04118977507256389
2030-12-17,HSI,-0.0
2030-12-17,N225,0.03242987068846334
2030-12-17,SX5E,0.06587931351694723
2030-12-17,000688.SH,-0.19544886978609433
2030-12-17,SOX,0.024750821320089572
2030-12-17,NDX,0.013177493431670205
2030-12-17,XAU,-0.11116733189429216
2030-12-17,COPPER,-0.12335540644107079
2030-12-17,WTI,0.193045746687266
2030-12-17,BTC,-0.0
2030-12-17,ETH,-0.0
2030-12-17,US10Y,0.059498587404457556
2030-12-17,CN10Y,-0.0
2030-12-18,000300.SH,-0.0
2030-12-18,SPX,0.028732888668566534
2030-12-18,HSI,-0.0
2030-12-18,N225,0.007861778796474464
2030-12-18,SX5E,0.07109900217369056
2030-12-18,000688.SH,-0.17291651193915555
2030-12-18,SOX,7.611275253802119e-05
2030-12-18,NDX,0.026739274995410806
2030-12-18,XAU,-0.1009476684215622
2030-12-18,COPPER,-0.10377411627707459
2030-12-18,WTI,0.1732155795351379
2030-12-18,BTC,-0.0
2030-12-18,ETH,-0.0
2030-12-18,US10Y,0.06991365971597098
2030-12-18,CN10Y,-0.0
2030-12-19,000300.SH,-0.0
2030-12-19,SPX,0.04419333846590785
2030-12-19,HSI,-0.0
2030-12-19,N225,0.015079391781091772
2030-12-19,SX5E,0.05686350723727801
2030-12-19,000688.SH,-0.14124608605168681
2030-12-19,SOX,0.030991540140017572
2030-12-19,NDX,-0.009265984139983797
2030-12-19,XAU,-0.10272927494634726
2030-12-19,COPPER,-0.1347910456617105
2030-12-19,WTI,0.18942660845819626
2030-12-19,BTC,-0.0
2030-12-19,ETH,-0.0
2030-12-19,US10Y,0.05147800471723487
2030-12-19,CN10Y,-0.0
2030-12-20,000300.SH,-0.0
2030-12-20,SPX,0.06163885982462563
2030-12-20,HSI,-0.0
2030-12-20,N225,-0.01546490996710589
2030-12-20,SX5E,0.06808653882953847
2030-12-20,000688.SH,-0.13344451476594987
2030-12-20,SOX,0.05359636597562671
2030-12-20,NDX,-0.02226438349133506
2030-12-20,XAU,-0.0965737854641135
2030-12-20,COPPER,-0.14845254933349208
2030-12-20,WTI,0.18466326516634946
2030-12-20,BTC,-0.0
2030-12-20,ETH,-0.0
2030-12-20,US10Y,0.04821511322585753
2030-12-20,CN10Y,-0.0
2030-12-23,000300.SH,-0.0
2030-12-23,SPX,0.06802468396681431
2030-12-23,HSI,-0.0
2030-12-23,N225,-0.016202668882055377
2030-12-23,SX5E,0.05880302820331864
2030-12-23,000688.SH,-0.10396556359931697
2030-12-23,SOX,0.06733413428226241
2030-12-23,NDX,-0.03956487214777609
2030-12-23,XAU,-0.08683802310041118
2030-12-23,COPPER,-0.15537061098311636
2030-12-23,WTI,0.169019825981344
2030-12-23,BTC,-0.0
2030-12-23,ETH,-0.0
2030-12-23,US10Y,0.038760066278937105
2030-12-23,CN10Y,-0.0
2030-12-24,000300.SH,-0.0
2030-12-24,SPX,0.0598352832413855
2030-12-24,HSI,-0.0
2030-12-24,N225,-0.018665609874021886
2030-12-24,SX5E,0.05935711436345391
2030-12-24,000688.SH,-0.14056351693509322
2030-12-24,SOX,0.1182669341703665
2030-12-24,NDX,-0.05446341489082394
2030-12-24,XAU,-0.09027592877149059
2030-12-24,COPPER,-0.14954522503630302
2030-12-24,WTI,0.1812199822454608
2030-12-24,BTC,-0.0
2030-12-24,ETH,-0.0
2030-12-24,US10Y,0.03483438148706522
2030-12-24,CN10Y,-0.0
2030-12-25,000300.SH,-0.0
2030-12-25,SPX,0.012770624982822928
2030-12-25,HSI,-0.0
2030-12-25,N225,-0.028186556273286437
2030-12-25,SX5E,0.03725925910851409
2030-12-25,000688.SH,-0.0587583783782178
2030-12-25,SOX,0.13603827591588077
2030-12-25,NDX,-0.05976725829289134
2030-12-25,XAU,-0.08685536243815818
2030-12-25,COPPER,-0.1724987347057569
2030-12-25,WTI,0.1867749119011306
2030-12-25,BTC,-0.0
2030-12-25,ETH,-0.0
2030-12-25,US10Y,0.03322321817996108
2030-12-25,CN10Y,-0.0
2030-12-26,000300.SH,-0.0
2030-12-26,SPX,-0.001982804415672607
2030-12-26,HSI,-0.0
2030-12-26,N225,-0.028688719235334635
2030-12-26,SX5E,0.05571305872382942
2030-12-26,000688.SH,-0.057116851246556896
2030-12-26,SOX,0.16264336998714357
2030-12-26,NDX,-0.07862939758519541
2030-12-26,XAU,-0.06963135454129454
2030-12-26,COPPER,-0.20716845729339575
2030-12-26,WTI,0.2001826824306831
2030-12-26,BTC,-0.0
2030-12-26,ETH,-0.0
2030-12-26,US10Y,0.024678473175795045
2030-12-26,CN10Y,-0.0
2030-12-27,000300.SH,-0.0
2030-12-27,SPX,-0.03190547627011442
2030-12-27,HSI,-0.0
2030-12-27,N225,-0.021801693184509106
2030-12-27,SX5E,0.045448696742086424
2030-12-27,000688.SH,-0.03581983352425625
2030-12-27,SOX,0.16239731029732457
2030-12-27,NDX,-0.075975880803868
2030-12-27,XAU,-0.07019494262608617
2030-12-27,COPPER,-0.238161270701478
2030-12-27,WTI,0.2138597055372045
2030-12-27,BTC,-0.0
2030-12-27,ETH,-0.0
2030-12-27,US10Y,0.05215338453369718
2030-12-27,CN10Y,-0.0
2030-12-30,000300.SH,-0.0
2030-12-30,SPX,-0.020937679686995912
2030-12-30,HSI,-0.0
2030-12-30,N225,-0.002645439006439654
2030-12-30,SX5E,0.0503657538871025
2030-12-30,000688.SH,-0.0394927530044571
2030-12-30,SOX,0.14949011820798064
2030-12-30,NDX,-0.10582677524887374
2030-12-30,XAU,-0.059583321156991956
2030-12-30,COPPER,-0.23757872563409477
2030-12-30,WTI,0.21821028368221865
2030-12-30,BTC,-0.0
2030-12-30,ETH,-0.0
2030-12-30,US10Y,0.04799853796055225
2030-12-30,CN10Y,-0.0
2030-12-31,000300.SH,-0.0
2030-12-31,SPX,-0.023503744605860147
2030-12-31,HSI,-0.0
2030-12-31,N225,-0.007957600039948104
2030-12-31,SX5E,0.06771782059877363
2030-12-31,000688.SH,-0.04951862618551559
2030-12-31,SOX,0.16174762310163024
2030-12-31,NDX,-0.10375816091013795
2030-12-31,XAU,-0.02200752973545045
2030-12-31,COPPER,-0.24284637979154525
2030-12-31,WTI,0.18613635890463448
2030-12-31,BTC,-0.0
2030-12-31,ETH,-0.0
2030-12-31,US10Y,0.03399023866342016
2030-12-31,CN10Y,-0.0
2031-01-01,000300.SH,-0.0
2031-01-01,SPX,-0.03971069385403499
2031-01-01,HSI,-0.0
2031-01-01,N225,0.0036097593503057373
2031-01-01,SX5E,0.07236210526085737
2031-01-01,000688.SH,-0.05492210031399486
2031-01-01,SOX,0.22080223543362676
2031-01-01,NDX,-0.09097586532408494
2031-01-01,XAU,-0.05533388059421395
2031-01-01,COPPER,-0.24319370421445197
2031-01-01,WTI,0.17262501554596613
2031-01-01,BTC,-0.0
2031-01-01,ETH,-0.0
2031-01-01,US10Y,0.014737128710024658
2031-01-01,CN10Y,-0.0
2031-01-02,000300.SH,-0.0
2031-01-02,SPX,-0.05011619258162416
2031-01-02,HSI,-0.0
2031-01-02,N225,-0.019506360997881843
2031-01-02,SX5E,0.08071481103602043
2031-01-02,000688.SH,-0.09214282597498495
2031-01-02,SOX,0.2087677399887838
2031-01-02,NDX,-0.06499753665236419
2031-01-02,XAU,-0.03916473856915114
2031-01-02,COPPER,-0.19483843418318342
2031-01-02,WTI,0.12713864727175564
2031-01-02,BTC,-0.0
2031-01-02,ETH,-0.0
2031-01-02,US10Y,0.04414489066263298
2031-01-02,CN10Y,-0.0
2031-01-03,000300.SH,-0.0
2031-01-03,SPX,-0.07318905551943773
2031-01-03,HSI,-0.0
2031-01-03,N225,0.014599061179340934
2031-01-03,SX5E,0.1059070992436845
2031-01-03,000688.SH,-0.09075620330075357
2031-01-03,SOX,0.24010808998637964
2031-01-03,NDX,-0.08390667159782098
2031-01-03,XAU,-0.05506780001385442
2031-01-03,COPPER,-0.17052876152477303
2031-01-03,WTI,0.08490703308964337
2031-01-03,BTC,-0.0
2031-01-03,ETH,-0.0
2031-01-03,US10Y,0.02792720845759554
2031-01-03,CN10Y,-0.0
2031-01-06,000300.SH,-0.0
2031-01-06,SPX,-0.08428520802934146
2031-01-06,HSI,-0.0
2031-01-06,N225,0.006131551777750271
2031-01-06,SX5E,0.07666710210787218
2031-01-06,000688.SH,-0.09532881388877969
2031-01-06,SOX,0.24805100627960525
2031-01-06,NDX,-0.055117737310583365
2031-01-06,XAU,-0.03421316532565421
2031-01-06,COPPER,-0.1792831517550155
2031-01-06,WTI,0.08385703892815234
2031-01-06,BTC,-0.0
2031-01-06,ETH,-0.0
2031-01-06,US10Y,0.033521377215998384
2031-01-06,CN10Y,-0.0
2031-01-07,000300.SH,-0.0
2031-01-07,SPX,-0.08893540257242684
2031-01-07,HSI,-0.0
2031-01-07,N225,0.011064443005175955
2031-01-07,SX5E,0.07411316772934817
2031-01-07,000688.SH,-0.01700201790993392
2031-01-07,SOX,0.2152746093352245
2031-01-07,NDX,-0.05896825550707031
2031-01-07,XAU,-0.012981895950301659
2031-01-07,COPPER,-0.18475509621739475
2031-01-07,WTI,0.06067747497033916
2031-01-07,BTC,-0.0
2031-01-07,ETH,-0.0
2031-01-07,US10Y,0.0015129731170437054
2031-01-07,CN10Y,-0.0
2031-01-08,000300.SH,-0.0
2031-01-08,SPX,-0.1023404291779316
2031-01-08,HSI,-0.0
2031-01-08,N225,0.0016513053476659052
2031-01-08,SX5E,0.0696924197997676
2031-01-08,000688.SH,-0.0007031318597555299
2031-01-08,SOX,0.1887143045600179
2031-01-08,NDX,-0.03397524166003997
2031-01-08,XAU,-0.009861516137104495
2031-01-08,COPPER,-0.15354171067726224
2031-01-08,WTI,0.06323899567470531
2031-01-08,BTC,-0.0
2031-01-08,ETH,-0.0
2031-01-08,US10Y,-0.022874995870057466
2031-01-08,CN10Y,-0.0
2031-01-09,000300.SH,-0.0
2031-01-09,SPX,-0.10537240924881497
2031-01-09,HSI,-0.0
2031-01-09,N225,-0.010027650612691653
2031-01-09,SX5E,0.05756831000583974
2031-01-09,000688.SH,-0.03911756643558453
2031-01-09,SOX,0.22709455337265902
2031-01-09,NDX,-0.03255537609942636
2031-01-09,XAU,-0.03133640095851373
2031-01-09,COPPER,-0.12778949560368635
2031-01-09,WTI,0.09930937950840812
2031-01-09,BTC,-0.0
2031-01-09,ETH,-0.0
2031-01-09,US10Y,-0.03777334392818343
2031-01-09,CN10Y,-0.0
2031-01-10,000300.SH,-0.0
2031-01-10,SPX,-0.12063231953577043
2031-01-10,HSI,-0.0
2031-01-10,N225,-0.013462608446263395
2031-01-10,SX5E,0.06846502540858163
2031-01-10,000688.SH,-0.013856434342792021
2031-01-10,SOX,0.23677565838474046
2031-01-10,NDX,-0.06253666265546996
2031-01-10,XAU,-0.013544982993700817
2031-01-10,COPPER,-0.09507345210999793
2031-01-10,WTI,0.06433623715721251
2031-01-10,BTC,-0.0
2031-01-10,ETH,-0.0
2031-01-10,US10Y,-0.050470460866535075
2031-01-10,CN10Y,-0.0
2031-01-13,000300.SH,-0.0
2031-01-13,SPX,-0.10585901950986693
2031-01-13,HSI,-0.0
2031-01-13,N225,-0.0033352156633348895
2031-01-13,SX5E,0.05721486411246589
2031-01-13,000688.SH,-0.04675711975662296
2031-01-13,SOX,0.19067267184353962
2031-01-13,NDX,-0.0292628211392041
2031-01-13,XAU,0.0017014994431296577
2031-01-13,COPPER,-0.07624509674097008
2031-01-13,WTI,0.06490681939238681
2031-01-13,BTC,-0.0
2031-01-13,ETH,-0.0
2031-01-13,US10Y,-0.05303658198151872
2031-01-13,CN10Y,-0.0
2031-01-14,000300.SH,-0.0
2031-01-14,SPX,-0.09795486348073028
2031-01-14,HSI,-0.0
2031-01-14,N225,0.013999860533284727
2031-01-14,SX5E,0.030400461015232368
2031-01-14,000688.SH,0.00482911809805955
2031-01-14,SOX,0.1554510986244083
2031-01-14,NDX,-0.03957103376705499
2031-01-14,XAU,-0.015016538091347374
2031-01-14,COPPER,-0.06498057362317051
2031-01-14,WTI,0.06521958174217084
2031-01-14,BTC,-0.0
2031-01-14,ETH,-0.0
2031-01-14,US10Y,-0.05237711105084659
2031-01-14,CN10Y,-0.0
2031-01-15,000300.SH,-0.0
2031-01-15,SPX,-0.06893936291153814
2031-01-15,HSI,-0.0
2031-01-15,N225,0.03319211647621505
2031-01-15,SX5E,0.00039652087408722364
2031-01-15,000688.SH,0.024066229725044304
2031-01-15,SOX,0.10634622061908597
2031-01-15,NDX,-0.021715022010020114
2031-01-15,XAU,-0.038031006368327076
2031-01-15,COPPER,-0.08749701567504987
2031-01-15,WTI,0.09800282536517764
2031-01-15,BTC,-0.0
2031-01-15,ETH,-0.0
2031-01-15,US10Y,-0.045821506094666245
2031-01-15,CN10Y,-0.0
2031-01-16,000300.SH,-0.0
2031-01-16,SPX,-0.07237725343177646
2031-01-16,HSI,-0.0
2031-01-16,N225,0.017225025567158297
2031-01-16,SX5E,0.015152943943979686
2031-01-16,000688.SH,0.037530421933085714
2031-01-16,SOX,0.04720503580545699
2031-01-16,NDX,0.009678800046070099
2031-01-16,XAU,-0.05177076152617692
2031-01-16,COPPER,-0.04698819246874153
2031-01-16,WTI,0.08308541407008435
2031-01-16,BTC,-0.0
2031-01-16,ETH,-0.0
2031-01-16,US10Y,-0.03874143393913446
2031-01-16,CN10Y,-0.0
2031-01-17,000300.SH,-0.0
2031-01-17,SPX,-0.08746920222870386
2031-01-17,HSI,-0.0
2031-01-17,N225,0.020437981524791572
2031-01-17,SX5E,0.026824547512807724
2031-01-17,000688.SH,0.02019098173902065
2031-01-17,SOX,0.02761379311183969
2031-01-17,NDX,0.037166221485763755
2031-01-17,XAU,-0.06122938472331083
2031-01-17,COPPER,-0.03393906700459491
2031-01-17,WTI,0.08668182569959706
2031-01-17,BTC,-0.0
2031-01-17,ETH,-0.0
2031-01-17,US10Y,-0.03627769711720724
2031-01-17,CN10Y,-0.0
2031-01-20,000300.SH,-0.0
2031-01-20,SPX,-0.07850594479375225
2031-01-20,HSI,-0.0
2031-01-20,N225,0.02801940263849044
2031-01-20,SX5E,0.03301166396934285
2031-01-20,000688.SH,-0.04032745808313811
2031-01-20,SOX,0.05965084085452754
2031-01-20,NDX,0.05021535909249945
2031-01-20,XAU,-0.057229215930677424
2031-01-20,COPPER,-0.03360817690099703
2031-01-20,WTI,0.08671370455077873
2031-01-20,BTC,-0.0
2031-01-20,ETH,-0.0
2031-01-20,US10Y,-0.047940175397070905
2031-01-20,CN10Y,-0.0
2031-01-21,000300.SH,-0.0
2031-01-21,SPX,-0.0998191764524108
2031-01-21,HSI,-0.0
2031-01-21,N225,0.04157387067356318
2031-01-21,SX5E,0.02824278185801672
2031-01-21,000688.SH,-0.03232451372372248
2031-01-21,SOX,-0.002572749734279671
2031-01-21,NDX,0.03661682455702537
2031-01-21,XAU,-0.05937505468703273
2031-01-21,COPPER,0.004011065600447658
2031-01-21,WTI,0.1430113751637504
2031-01-21,BTC,-0.0
2031-01-21,ETH,-0.0
2031-01-21,US10Y,-0.05936442325535364
2031-01-21,CN10Y,-0.0
2031-01-22,000300.SH,-0.0
2031-01-22,SPX,-0.052697344229771584
2031-01-22,HSI,-0.0
2031-01-22,N225,0.06249060191164739
2031-01-22,SX5E,0.048224012729574675
2031-01-22,000688.SH,-0.09966372128197887
2031-01-22,SOX,-0.05691867919854729
2031-01-22,NDX,0.0464358700426815
2031-01-22,XAU,-0.04004462308295473
2031-01-22,COPPER,0.009466844301449027
2031-01-22,WTI,0.1341379876676309
2031-01-22,BTC,-0.0
2031-01-22,ETH,-0.0
2031-01-22,US10Y,-0.05143094885972811
2031-01-22,CN10Y,-0.0
2031-01-23,000300.SH,-0.0
2031-01-23,SPX,-0.047345837677125545
2031-01-23,HSI,-0.0
2031-01-23,N225,0.07211606641464165
2031-01-23,SX5E,0.031846226754962945
2031-01-23,000688.SH,-0.11929470886846835
2031-01-23,SOX,-0.05802068950735312
2031-01-23,NDX,0.051545803946746474
2031-01-23,XAU,-0.03393590260071488
2031-01-23,COPPER,0.04632243767360309
2031-01-23,WTI,0.11162217056887058
2031-01-23,BTC,-0.0
2031-01-23,ETH,-0.0
2031-01-23,US10Y,-0.05485556670515844
2031-01-23,CN10Y,-0.0
2031-01-24,000300.SH,-0.0
2031-01-24,SPX,-0.04458404870664312
2031-01-24,HSI,-0.0
2031-01-24,N225,0.04724391718195897
2031-01-24,SX5E,0.0009533585963783578
2031-01-24,000688.SH,-0.16900505232013407
2031-01-24,SOX,-0.01885724460877091
2031-01-24,NDX,0.09136200166119404
2031-01-24,XAU,-0.03669594293502303
2031-01-24,COPPER,0.08483812654727649
2031-01-24,WTI,0.10985266131005522
2031-01-24,BTC,-0.0
2031-01-24,ETH,-0.0
2031-01-24,US10Y,-0.06510777672628809
2031-01-24,CN10Y,-0.0
2031-01-27,000300.SH,-0.0
2031-01-27,SPX,-0.057136991621016285
2031-01-27,HSI,-0.0
2031-01-27,N225,0.044227888540168285
2031-01-27,SX5E,0.014430656312035672
2031-01-27,000688.SH,-0.1328622464167104
2031-01-27,SOX,0.03390421537669659
2031-01-27,NDX,0.1255973559142592
2031-01-27,XAU,-0.046024695395339356
2031-01-27,COPPER,0.060200817247324054
2031-01-27,WTI,0.035763787616218415
2031-01-27,BTC,-0.0
2031-01-27,ETH,-0.0
2031-01-27,US10Y,-0.07810078757363294
2031-01-27,CN10Y,-0.0
2031-01-28,000300.SH,-0.0
2031-01-28,SPX,-0.0456545698774125
2031-01-28,HSI,-0.0
2031-01-28,N225,0.05105024374675753
2031-01-28,SX5E,0.014556675245156522
2031-01-28,000688.SH,-0.13200248758672253
2031-01-28,SOX,0.009854511624993914
2031-01-28,NDX,0.08979396357337077
2031-01-28,XAU,-0.058522522636925145
2031-01-28,COPPER,0.0668033770638106
2031-01-28,WTI,0.07954521804840685
2031-01-28,BTC,-0.0
2031-01-28,ETH,-0.0
2031-01-28,US10Y,-0.07542440920143488
2031-01-28,CN10Y,-0.0
2031-01-29,000300.SH,-0.0
2031-01-29,SPX,-0.02631807173347833
2031-01-29,HSI,-0.0
2031-01-29,N225,0.0560924224638238
2031-01-29,SX5E,0.044102962950832506
2031-01-29,000688.SH,-0.10947113997439858
2031-01-29,SOX,-0.007261702223510934
2031-01-29,NDX,0.08845713278802916
2031-01-29,XAU,-0.0547271045079204
2031-01-29,COPPER,0.03950150031879722
2031-01-29,WTI,0.04977106526066685
2031-01-29,BTC,-0.0
2031-01-29,ETH,-0.0
2031-01-29,US10Y,-0.08014706534283936
2031-01-29,CN10Y,-0.0
2031-01-30,000300.SH,-0.0
2031-01-30,SPX,-0.011015956592202024
2031-01-30,HSI,-0.0
2031-01-30,N225,0.04866360088142356
2031-01-30,SX5E,0.03657036934170667
2031-01-30,000688.SH,-0.06721867465783293
2031-01-30,SOX,0.03526488435848295
2031-01-30,NDX,0.05940812765283769
2031-01-30,XAU,-0.0698301056996004
2031-01-30,COPPER,0.022561828635612236
2031-01-30,WTI,0.06790679655405482
2031-01-30,BTC,-0.0
2031-01-30,ETH,-0.0
2031-01-30,US10Y,-0.12231087047448255
2031-01-30,CN10Y,-0.0
2031-01-31,000300.SH,-0.0
2031-01-31,SPX,-0.01578164251935031
2031-01-31,HSI,-0.0
2031-01-31,N225,0.036549938570757154
2031-01-31,SX5E,0.041139070720058
2031-01-31,000688.SH,-0.037172855761108646
2031-01-31,SOX,0.050325430566868286
2031-01-31,NDX,0.06083101907112456
2031-01-31,XAU,-0.04344690886924946
2031-01-31,COPPER,-0.0057758505257413835
2031-01-31,WTI,0.018296076421115345
2031-01-31,BTC,-0.0
2031-01-31,ETH,-0.0
2031-01-31,US10Y,-0.10496427767447342
2031-01-31,CN10Y,-0.0
2031-02-03,000300.SH,-0.0
2031-02-03,SPX,-0.01247647785223845
2031-02-03,HSI,-0.0
2031-02-03,N225,0.027828581627772284
2031-02-03,SX5E,0.04911220258649733
2031-02-03,000688.SH,-0.023705274225289688
2031-02-03,SOX,0.01997060463263032
2031-02-03,NDX,0.04186018619239989
2031-02-03,XAU,-0.03841001432920192
2031-02-03,COPPER,0.007758873214609942
2031-02-03,WTI,0.028054308017289472
2031-02-03,BTC,-0.0
2031-02-03,ETH,-0.0
2031-02-03,US10Y,-0.09999298986447117
2031-02-03,CN10Y,-0.0
2031-02-04,000300.SH,-0.0
2031-02-04,SPX,0.0028805575236463517
2031-02-04,HSI,-0.0
2031-02-04,N225,0.0281131427727762
2031-02-04,SX5E,0.0577986145282675
2031-02-04,000688.SH,-0.07502172192292723
2031-02-04,SOX,0.048937552380055246
2031-02-04,NDX,0.0439127794989264
2031-02-04,XAU,-0.05792577813640211
2031-02-04,COPPER,0.014310363412978531
2031-02-04,WTI,0.015752523311327447
2031-02-04,BTC,-0.0
2031-02-04,ETH,-0.0
2031-02-04,US10Y,-0.0787580333686536
2031-02-04,CN10Y,-0.0
2031-02-05,000300.SH,-0.0
2031-02-05,SPX,0.007972789297537964
2031-02-05,HSI,-0.0
2031-02-05,N225,0.014825445842133977
2031-02-05,SX5E,0.06311184159599398
2031-02-05,000688.SH,-0.12907708893806868
2031-02-05,SOX,0.13453750783413942
2031-02-05,NDX,0.03615318875067797
2031-02-05,XAU,-0.08218563140589029
2031-02-05,COPPER,0.013451489780710231
2031-02-05,WTI,-0.010657220418653341
2031-02-05,BTC,-0.0
2031-02-05,ETH,-0.0
2031-02-05,US10Y,-0.04813232233858742
2031-02-05,CN10Y,-0.0
2031-02-06,000300.SH,-0.0
2031-02-06,SPX,0.012339045597063867
2031-02-06,HSI,-0.0
2031-02-06,N225,0.02952719319315784
2031-02-06,SX5E,0.0687606463818722
2031-02-06,000688.SH,-0.08060554258074296
2031-02-06,SOX,0.11839596989127765
2031-02-06,NDX,0.032759234810441455
2031-02-06,XAU,-0.05761386557625889
2031-02-06,COPPER,-0.008830031539312878
2031-02-06,WTI,-0.08645410567837622
2031-02-06,BTC,-0.0
2031-02-06,ETH,-0.0
2031-02-06,US10Y,-0.028278544499130982
2031-02-06,CN10Y,-0.0
2031-02-07,000300.SH,-0.0
2031-02-07,SPX,0.018983505406319566
2031-02-07,HSI,-0.0
2031-02-07,N225,0.035963607113617464
2031-02-07,SX5E,0.03608659006958724
2031-02-07,000688.SH,-0.06934853456580956
2031-02-07,SOX,0.08025753897641791
2031-02-07,NDX,0.021375868164465055
2031-02-07,XAU,-0.054079360736873076
2031-02-07,COPPER,-0.0177874098903445
2031-02-07,WTI,-0.05725004998591009
2031-02-07,BTC,-0.0
2031-02-07,ETH,-0.0
2031-02-07,US10Y,0.005798245448522489
2031-02-07,CN10Y,-0.0
2031-02-10,000300.SH,-0.0
2031-02-10,SPX,0.028095420195744805
2031-02-10,HSI,-0.0
2031-02-10,N225,0.0404161724747459
2031-02-10,SX5E,0.061384549225052085
2031-02-10,000688.SH,-0.07319852778920376
2031-02-10,SOX,0.04237500602359131
2031-02-10,NDX,0.02358763936751366
2031-02-10,XAU,-0.054602535485302243
2031-02-10,COPPER,0.01195429784350834
2031-02-10,WTI,-0.06743816186891316
2031-02-10,BTC,-0.0
2031-02-10,ETH,-0.0
2031-02-10,US10Y,-0.012573859986742819
2031-02-10,CN10Y,-0.0
2031-02-11,000300.SH,-0.0
2031-02-11,SPX,0.03112132197816414
2031-02-11,HSI,-0.0
2031-02-11,N225,-0.008088521901602037
2031-02-11,SX5E,0.04560544850910497
2031-02-11,000688.SH,-0.07113421045546384
2031-02-11,SOX,0.09869839813621017
2031-02-11,NDX,0.0341276840134105
2031-02-11,XAU,-0.07269860344677423
2031-02-11,COPPER,0.0013227556363954885
2031-02-11,WTI,-0.06703762438416323
2031-02-11,BTC,-0.0
2031-02-11,ETH,-0.0
2031-02-11,US10Y,0.008083351914709509
2031-02-11,CN10Y,-0.0
2031-02-12,000300.SH,-0.0
2031-02-12,SPX,-0.002251559279690781
2031-02-12,HSI,-0.0
2031-02-12,N225,-0.019412332500122222
2031-02-12,SX5E,0.06121354054204736
2031-02-12,000688.SH,-0.08534893672299479
2031-02-12,SOX,0.12562868187606072
2031-02-12,NDX,0.05393775925024408
2031-02-12,XAU,-0.08891350582206836
2031-02-12,COPPER,0.03176516242392715
2031-02-12,WTI,-0.06930204218330879
2031-02-12,BTC,-0.0
2031-02-12,ETH,-0.0
2031-02-12,US10Y,-0.007316767584105332
2031-02-12,CN10Y,-0.0
2031-02-13,000300.SH,-0.0
2031-02-13,SPX,-0.01332548690439275
2031-02-13,HSI,-0.0
2031-02-13,N225,-0.027653103845172503
2031-02-13,SX5E,0.06978146394808646
2031-02-13,000688.SH,-0.09380749173779876
2031-02-13,SOX,0.14677239677894102
2031-02-13,NDX,0.04378295464675509
2031-02-13,XAU,-0.08028037106371996
2031-02-13,COPPER,0.04115466455695658
2031-02-13,WTI,-0.08621831107066193
2031-02-13,BTC,-0.0
2031-02-13,ETH,-0.0
2031-02-13,US10Y,-0.00020671530900534182
2031-02-13,CN10Y,-0.0
2031-02-14,000300.SH,-0.0
2031-02-14,SPX,-0.018592353754092527
2031-02-14,HSI,-0.0
2031-02-14,N225,0.011135085112985395
2031-02-14,SX5E,0.06093701453867481
2031-02-14,000688.SH,-0.08259801357393354
2031-02-14,SOX,0.1392293476614444
2031-02-14,NDX,0.04628307926718532
2031-02-14,XAU,-0.07233575690724516
2031-02-14,COPPER,0.02526176564790461
2031-02-14,WTI,-0.09867872626937249
2031-02-14,BTC,-0.0
2031-02-14,ETH,-0.0
2031-02-14,US10Y,-0.010641441723562274
2031-02-14,CN10Y,-0.0
2031-02-17,000300.SH,-0.0
2031-02-17,SPX,-0.0141175992590368
2031-02-17,HSI,-0.0
2031-02-17,N225,0.007557300299199639
2031-02-17,SX5E,0.05494378354749979
2031-02-17,000688.SH,-0.032605487484075414
2031-02-17,SOX,0.11887247656330698
2031-02-17,NDX,0.038393226874580154
2031-02-17,XAU,-0.05708103919290845
2031-02-17,COPPER,0.025042718938107195
2031-02-17,WTI,-0.13509706956058476
2031-02-17,BTC,-0.0
2031-02-17,ETH,-0.0
2031-02-17,US10Y,-0.005908310726099791
2031-02-17,CN10Y,-0.0
2031-02-18,000300.SH,-0.0
2031-02-18,SPX,0.01573700614862139
2031-02-18,HSI,-0.0
2031-02-18,N225,0.0021080875546635597
2031-02-18,SX5E,0.051865393084969375
2031-02-18,000688.SH,-0.011370432575734824
2031-02-18,SOX,0.11048067220941511
2031-02-18,NDX,0.03644583969230619
2031-02-18,XAU,-0.057626428235465335
2031-02-18,COPPER,0.014935530711278372
2031-02-18,WTI,-0.18815801746919097
2031-02-18,BTC,-0.0
2031-02-18,ETH,-0.0
2031-02-18,US10Y,0.025582348879124306
2031-02-18,CN10Y,-0.0
2031-02-19,000300.SH,-0.0
2031-02-19,SPX,0.010349127335771396
2031-02-19,HSI,-0.0
2031-02-19,N225,0.005632963548742157
2031-02-19,SX5E,0.047122548919518226
2031-02-19,000688.SH,-0.0251154246158894
2031-02-19,SOX,0.15811479694599145
2031-02-19,NDX,0.05743717420077421
2031-02-19,XAU,-0.043491153593932
2031-02-19,COPPER,0.03094999021796692
2031-02-19,WTI,-0.26379237714396686
2031-02-19,BTC,-0.0
2031-02-19,ETH,-0.0
2031-02-19,US10Y,0.022792354185011195
2031-02-19,CN10Y,-0.0
2031-02-20,000300.SH,-0.0
2031-02-20,SPX,0.002132470106528797
2031-02-20,HSI,-0.0
2031-02-20,N225,0.00457223444287334
2031-02-20,SX5E,0.03038185918314712
2031-02-20,000688.SH,-0.008739562635142277
2031-02-20,SOX,0.12979944994287743
2031-02-20,NDX,0.05832569866727246
2031-02-20,XAU,-0.0437436957248311
2031-02-20,COPPER,0.013528002393426814
2031-02-20,WTI,-0.22812808047908853
2031-02-20,BTC,-0.0
2031-02-20,ETH,-0.0
2031-02-20,US10Y,0.041871624102922944
2031-02-20,CN10Y,-0.0
2031-02-21,000300.SH,-0.0
2031-02-21,SPX,0.0013684794636515114
2031-02-21,HSI,-0.0
2031-02-21,N225,-0.008677522752719208
2031-02-21,SX5E,0.0612608146093604
2031-02-21,000688.SH,0.01595952176757751
2031-02-21,SOX,0.10279180144507347
2031-02-21,NDX,0.020291188927561234
2031-02-21,XAU,-0.028386996578498483
2031-02-21,COPPER,0.005856089934543118
2031-02-21,WTI,-0.2208129240332484
2031-02-21,BTC,-0.0
2031-02-21,ETH,-0.0
2031-02-21,US10Y,0.05034954721668673
2031-02-21,CN10Y,-0.0
2031-02-24,000300.SH,-0.0
2031-02-24,SPX,0.0023600058954493116
2031-02-24,HSI,-0.0
2031-02-24,N225,0.0046739147361470855
2031-02-24,SX5E,0.04320783603359678
2031-02-24,000688.SH,0.01422065750491408
2031-02-24,SOX,0.09424514257234774
2031-02-24,NDX,0.010164603652154797
2031-02-24,XAU,-0.039781046253876635
2031-02-24,COPPER,0.01824208111332494
2031-02-24,WTI,-0.21972424719470898
2031-02-24,BTC,-0.0
2031-02-24,ETH,-0.0
2031-02-24,US10Y,0.07239105194063736
2031-02-24,CN10Y,-0.0
2031-02-25,000300.SH,-0.0
2031-02-25,SPX,-0.00028180962940826774
2031-02-25,HSI,-0.0
2031-02-25,N225,0.007762523513861075
2031-02-25,SX5E,0.04908407848442341
2031-02-25,000688.SH,0.015820895846347653
2031-02-25,SOX,0.0612541419228575
2031-02-25,NDX,0.04539780072512287
2031-02-25,XAU,-0.04712901826538893
2031-02-25,COPPER,0.04662689030341056
2031-02-25,WTI,-0.2625562391649213
2031-02-25,BTC,-0.0
2031-02-25,ETH,-0.0
2031-02-25,US10Y,0.08402073626368421
2031-02-25,CN10Y,-0.0
2031-02-26,000300.SH,-0.0
2031-02-26,SPX,0.005451007487614908
2031-02-26,HSI,-0.0
2031-02-26,N225,-0.0035787849749136886
2031-02-26,SX5E,0.014776381271130679
2031-02-26,000688.SH,0.0030655432594626983
2031-02-26,SOX,0.03391160731345925
2031-02-26,NDX,-0.027099161669362586
2031-02-26,XAU,-0.02864039533456615
2031-02-26,COPPER,0.10446275260101191
2031-02-26,WTI,-0.1935525308545162
2031-02-26,BTC,-0.0
2031-02-26,ETH,-0.0
2031-02-26,US10Y,0.09120358090066909
2031-02-26,CN10Y,-0.0
2031-02-27,000300.SH,-0.0
2031-02-27,SPX,0.0018978578391180853
2031-02-27,HSI,-0.0
2031-02-27,N225,-0.0038319155478663304
2031-02-27,SX5E,-2.418001703429623e-06
2031-02-27,000688.SH,-0.021531128578826067
2031-02-27,SOX,-0.02553430899402956
2031-02-27,NDX,0.0005139210691975024
2031-02-27,XAU,-0.019160632560551037
2031-02-27,COPPER,0.09357409358365502
2031-02-27,WTI,-0.12597044759477188
2031-02-27,BTC,-0.0
2031-02-27,ETH,-0.0
2031-02-27,US10Y,0.1000449787857692
2031-02-27,CN10Y,-0.0
2031-02-28,000300.SH,-0.0
2031-02-28,SPX,0.028088744610034425
2031-02-28,HSI,-0.0
2031-02-28,N225,-0.0380127279470507
2031-02-28,SX5E,-0.009382624995945353
2031-02-28,000688.SH,-0.04693799050138757
2031-02-28,SOX,-0.04362778999066644
2031-02-28,NDX,0.01396273169062508
2031-02-28,XAU,-0.024751556293499885
2031-02-28,COPPER,0.09042493019231504
2031-02-28,WTI,-0.06888435327734527
2031-02-28,BTC,-0.0
2031-02-28,ETH,-0.0
2031-02-28,US10Y,0.09912063651291135
2031-02-28,CN10Y,-0.0
2031-03-03,000300.SH,-0.0
2031-03-03,SPX,0.042877069991291886
2031-03-03,HSI,-0.0
2031-03-03,N225,-0.01760959576356913
2031-03-03,SX5E,-0.004364951470400259
2031-03-03,000688.SH,-0.058689770656582575
2031-03-03,SOX,-0.07369142932275391
2031-03-03,NDX,0.03588063320228976
2031-03-03,XAU,-0.05140207578862456
2031-03-03,COPPER,0.09667294260251894
2031-03-03,WTI,-0.062126168224425085
2031-03-03,BTC,-0.0
2031-03-03,ETH,-0.0
2031-03-03,US10Y,0.09245334543024647
2031-03-03,CN10Y,-0.0
2031-03-04,000300.SH,-0.0
2031-03-04,SPX,0.018000500193181158
2031-03-04,HSI,-0.0
2031-03-04,N225,-0.005991199809444047
2031-03-04,SX5E,-0.016712769104069915
2031-03-04,000688.SH,-0.07789218654042834
2031-03-04,SOX,-0.05675878160011889
2031-03-04,NDX,0.040151235140885574
2031-03-04,XAU,-0.055996561485032306
2031-03-04,COPPER,0.0942477364988406
2031-03-04,WTI,-0.033493797393416055
2031-03-04,BTC,-0.0
2031-03-04,ETH,-0.0
2031-03-04,US10Y,0.09444582409959595
2031-03-04,CN10Y,-0.0
2031-03-05,000300.SH,-0.0
2031-03-05,SPX,0.03891140513072837
2031-03-05,HSI,-0.0
2031-03-05,N225,0.009741881080318874
2031-03-05,SX5E,-0.04129934935598698
2031-03-05,000688.SH,-0.05021611856029816
2031-03-05,SOX,-0.09867631200776542
2031-03-05,NDX,0.02190599686786431
2031-03-05,XAU,-0.03312658782469617
2031-03-05,COPPER,0.1266136800476032
2031-03-05,WTI,-0.04846412968524565
2031-03-05,BTC,-0.0
2031-03-05,ETH,-0.0
2031-03-05,US10Y,0.07460953430747219
2031-03-05,CN10Y,-0.0
2031-03-06,000300.SH,-0.0
2031-03-06,SPX,0.03628635346650125
2031-03-06,HSI,-0.0
2031-03-06,N225,0.012894577305077787
2031-03-06,SX5E,-0.04626396196564604
2031-03-06,000688.SH,-0.04607780635981396
2031-03-06,SOX,-0.08312663807008838
2031-03-06,NDX,0.017233733708653724
2031-03-06,XAU,-0.05128533307152442
2031-03-06,COPPER,0.12123899249855238
2031-03-06,WTI,-0.028210687604473338
2031-03-06,BTC,-0.0
2031-03-06,ETH,-0.0
2031-03-06,US10Y,0.06731077009275813
2031-03-06,CN10Y,-0.0
2031-03-07,000300.SH,-0.0
2031-03-07,SPX,0.05215974880301521
2031-03-07,HSI,-0.0
2031-03-07,N225,0.021509909207708885
2031-03-07,SX5E,-0.027052316294388392
2031-03-07,000688.SH,-0.05724518134278398
2031-03-07,SOX,-0.07607871310304712
2031-03-07,NDX,0.037949413227073764
2031-03-07,XAU,-0.0648008635039744
2031-03-07,COPPER,0.10968788356828324
2031-03-07,WTI,-0.029814855107115255
2031-03-07,BTC,-0.0
2031-03-07,ETH,-0.0
2031-03-07,US10Y,0.03368497454522427
2031-03-07,CN10Y,-0.0
2031-03-10,000300.SH,-0.0
2031-03-10,SPX,0.04325623399762723
2031-03-10,HSI,-0.0
2031-03-10,N225,-0.0029427933152426106
2031-03-10,SX5E,-0.04127791799511121
2031-03-10,000688.SH,-0.09624053104813526
2031-03-10,SOX,-0.025522103901775672
2031-03-10,NDX,0.07460714839585159
2031-03-10,XAU,-0.05735020594868905
2031-03-10,COPPER,0.09638512869630901
2031-03-10,WTI,-0.021617897833226568
2031-03-10,BTC,-0.0
2031-03-10,ETH,-0.0
2031-03-10,US10Y,0.030702938952387935
2031-03-10,CN10Y,-0.0
2031-03-11,000300.SH,-0.0
2031-03-11,SPX,0.03634730760562296
2031-03-11,HSI,-0.0
2031-03-11,N225,0.02540501338195214
2031-03-11,SX5E,-0.02673748269023213
2031-03-11,000688.SH,-0.09856242940034099
2031-03-11,SOX,-0.017458527354260484
2031-03-11,NDX,0.06122913634008709
2031-03-11,XAU,-0.04623099020372457
2031-03-11,COPPER,0.10442936711094251
2031-03-11,WTI,-0.052999337944959486
2031-03-11,BTC,-0.0
2031-03-11,ETH,-0.0
2031-03-11,US10Y,0.014577943154910438
2031-03-11,CN10Y,-0.0
2031-03-12,000300.SH,-0.0
2031-03-12,SPX,0.05959870746240744
2031-03-12,HSI,-0.0
2031-03-12,N225,0.040389178281150864
2031-03-12,SX5E,-0.05770004548700479
2031-03-12,000688.SH,-0.10031767382181458
2031-03-12,SOX,0.014989045365506947
2031-03-12,NDX,0.040262230445380694
2031-03-12,XAU,-0.02544531003880105
2031-03-12,COPPER,0.07395198903059394
2031-03-12,WTI,-0.05718396517202642
2031-03-12,BTC,-0.0
2031-03-12,ETH,-0.0
2031-03-12,US10Y,0.011455843934604065
2031-03-12,CN10Y,-0.0
2031-03-13,000300.SH,-0.0
2031-03-13,SPX,0.06640417864312372
2031-03-13,HSI,-0.0
2031-03-13,N225,0.06273188621113139
2031-03-13,SX5E,-0.07041996043890617
2031-03-13,000688.SH,-0.10957831892544742
2031-03-13,SOX,-0.012555547312828824
2031-03-13,NDX,0.033660170124324325
2031-03-13,XAU,-0.02638323751158193
2031-03-13,COPPER,0.06488644580939634
2031-03-13,WTI,-0.006611720733814767
2031-03-13,BTC,-0.0
2031-03-13,ETH,-0.0
2031-03-13,US10Y,-0.0021338958653981583
2031-03-13,CN10Y,-0.0
2031-03-14,000300.SH,-0.0
2031-03-14,SPX,0.05516600508432337
2031-03-14,HSI,-0.0
2031-03-14,N225,0.02371873919387972
2031-03-14,SX5E,-0.11110984511357005
2031-03-14,000688.SH,-0.08671635316017443
2031-03-14,SOX,-0.02920213002730855
2031-03-14,NDX,0.04089013135964845
2031-03-14,XAU,-0.022134560729452704
2031-03-14,COPPER,0.06892018725565781
2031-03-14,WTI,0.05550053619333795
2031-03-14,BTC,-0.0
2031-03-14,ETH,-0.0
2031-03-14,US10Y,0.00496728994365768
2031-03-14,CN10Y,-0.0
2031-03-17,000300.SH,-0.0
2031-03-17,SPX,0.010955523066289982
2031-03-17,HSI,-0.0
2031-03-17,N225,0.00290209964706486
2031-03-17,SX5E,-0.10168656299094328
2031-03-17,000688.SH,-0.05315730018590101
2031-03-17,SOX,-0.02784471486381135
2031-03-17,NDX,0.059278671431987034
2031-03-17,XAU,-0.0521319318246963
2031-03-17,COPPER,0.08592379588715258
2031-03-17,WTI,0.06990418578885182
2031-03-17,BTC,-0.0
2031-03-17,ETH,-0.0
2031-03-17,US10Y,0.005856234044002977
2031-03-17,CN10Y,-0.0
2031-03-18,000300.SH,-0.0
2031-03-18,SPX,0.004657726503118175
2031-03-18,HSI,-0.0
2031-03-18,N225,0.014975804569296366
2031-03-18,SX5E,-0.11318330429186561
2031-03-18,000688.SH,-0.07036255109784631
2031-03-18,SOX,0.0033739075088927255
2031-03-18,NDX,0.08990704301523049
2031-03-18,XAU,-0.05497397691330856
2031-03-18,COPPER,0.061658265637564234
2031-03-18,WTI,0.07421383685960402
2031-03-18,BTC,-0.0
2031-03-18,ETH,-0.0
2031-03-18,US10Y,-0.010266751790687876
2031-03-18,CN10Y,-0.0
2031-03-19,000300.SH,-0.0
2031-03-19,SPX,-0.007608031593553231
2031-03-19,HSI,-0.0
2031-03-19,N225,-0.013061739695426405
2031-03-19,SX5E,-0.10158411267334681
2031-03-19,000688.SH,0.005500742489316229
2031-03-19,SOX,-0.041365358719017295
2031-03-19,NDX,0.05353533691219301
2031-03-19,XAU,-0.07136174962741627
2031-03-19,COPPER,0.05011952512530818
2031-03-19,WTI,0.14229597103474445
2031-03-19,BTC,-0.0
2031-03-19,ETH,-0.0
2031-03-19,US10Y,-0.016470583252803827
2031-03-19,CN10Y,-0.0
2031-03-20,000300.SH,-0.0
2031-03-20,SPX,0.013782411183003808
2031-03-20,HSI,-0.0
2031-03-20,N225,-0.008545414781357629
2031-03-20,SX5E,-0.0835512915945684
2031-03-20,000688.SH,0.03728327355730687
2031-03-20,SOX,-0.04375383730847378
2031-03-20,NDX,0.03758381551068671
2031-03-20,XAU,-0.07425860128055915
2031-03-20,COPPER,0.03181264959925893
2031-03-20,WTI,0.11963417287279904
2031-03-20,BTC,-0.0
2031-03-20,ETH,-0.0
2031-03-20,US10Y,-0.02998717775809995
2031-03-20,CN10Y,-0.0
2031-03-21,000300.SH,-0.0
2031-03-21,SPX,0.03648954198452696
2031-03-21,HSI,-0.0
2031-03-21,N225,-0.00027796460272755874
2031-03-21,SX5E,-0.08743517780039298
2031-03-21,000688.SH,0.07973848213123995
2031-03-21,SOX,-0.07253208767039387
2031-03-21,NDX,0.020888035802049756
2031-03-21,XAU,-0.08267579671185078
2031-03-21,COPPER,0.02305571076297373
2031-03-21,WTI,0.11856163221741725
2031-03-21,BTC,-0.0
2031-03-21,ETH,-0.0
2031-03-21,US10Y,-0.03581237611284714
2031-03-21,CN10Y,-0.0
2031-03-24,000300.SH,-0.0
2031-03-24,SPX,0.042289383753944476
2031-03-24,HSI,-0.0
2031-03-24,N225,-0.014265908450456399
2031-03-24,SX5E,-0.10564343243924079
2031-03-24,000688.SH,0.07504444500850851
2031-03-24,SOX,-0.0759828375834451
2031-03-24,NDX,0.021386313677379358
2031-03-24,XAU,-0.062485442989496244
2031-03-24,COPPER,-0.0008929219994955225
2031-03-24,WTI,0.15058263375950406
2031-03-24,BTC,-0.0
2031-03-24,ETH,-0.0
2031-03-24,US10Y,-0.030032232737205074
2031-03-24,CN10Y,-0.0
2031-03-25,000300.SH,-0.0
2031-03-25,SPX,0.04021521741090698
2031-03-25,HSI,-0.0
2031-03-25,N225,-0.0326368374573484
2031-03-25,SX5E,-0.11086081446023649
2031-03-25,000688.SH,0.07401813752008986
2031-03-25,SOX,-0.032961707847130824
2031-03-25,NDX,0.01999843294249802
2031-03-25,XAU,-0.06134505036805331
2031-03-25,COPPER,-0.04877122003437094
2031-03-25,WTI,0.18568612083317082
2031-03-25,BTC,-0.0
2031-03-25,ETH,-0.0
2031-03-25,US10Y,-0.03334227853952856
2031-03-25,CN10Y,-0.0
2031-03-26,000300.SH,-0.0
2031-03-26,SPX,0.04018248706300443
2031-03-26,HSI,-0.0
2031-03-26,N225,-0.04052810767380104
2031-03-26,SX5E,-0.09505843145955878
2031-03-26,000688.SH,0.049280966190705155
2031-03-26,SOX,-0.010847723511861657
2031-03-26,NDX,0.08134589833813631
2031-03-26,XAU,-0.07745043050558953
2031-03-26,COPPER,-0.0635410663111152
2031-03-26,WTI,0.16019459574049477
2031-03-26,BTC,-0.0
2031-03-26,ETH,-0.0
2031-03-26,US10Y,-0.04357818787041884
2031-03-26,CN10Y,-0.0
2031-03-27,000300.SH,-0.0
2031-03-27,SPX,0.03654744149093047
2031-03-27,HSI,-0.0
2031-03-27,N225,-0.03248544755803829
2031-03-27,SX5E,-0.06764737697867293
2031-03-27,000688.SH,0.05450484971001977
2031-03-27,SOX,0.012017675506207918
2031-03-27,NDX,0.06444679756682856
2031-03-27,XAU,-0.08955871914122703
2031-03-27,COPPER,-0.07895488592613721
2031-03-27,WTI,0.12709685423751887
2031-03-27,BTC,-0.0
2031-03-27,ETH,-0.0
2031-03-27,US10Y,-0.02596718890743311
2031-03-27,CN10Y,-0.0
2031-03-28,000300.SH,-0.0
2031-03-28,SPX,-0.009492330461036955
2031-03-28,HSI,-0.0
2031-03-28,N225,0.002947143243904087
2031-03-28,SX5E,-0.0629003156974698
2031-03-28,000688.SH,0.04211808662155317
2031-03-28,SOX,0.07119800734085163
2031-03-28,NDX,0.07050801913237727
2031-03-28,XAU,-0.11499243293980488
2031-03-28,COPPER,-0.05094003129012268
2031-03-28,WTI,0.06893586116917441
2031-03-28,BTC,-0.0
2031-03-28,ETH,-0.0
2031-03-28,US10Y,-0.01738200711942744
2031-03-28,CN10Y,-0.0
2031-03-31,000300.SH,-0.0
2031-03-31,SPX,-0.03566108666432437
2031-03-31,HSI,-0.0
2031-03-31,N225,-0.0009004564285457995
2031-03-31,SX5E,-0.04940230613856506
2031-03-31,000688.SH,0.04910110195584862
2031-03-31,SOX,0.07526974380568244
2031-03-31,NDX,0.05267487036318505
2031-03-31,XAU,-0.09958061808180915
2031-03-31,COPPER,-0.06992869375351103
2031-03-31,WTI,0.07894052971052926
2031-03-31,BTC,-0.0
2031-03-31,ETH,-0.0
2031-03-31,US10Y,-0.0005130847684908773
2031-03-31,CN10Y,-0.0
2031-04-01,000300.SH,-0.0
2031-04-01,SPX,-0.026084120491476803
2031-04-01,HSI,-0.0
2031-04-01,N225,-0.007974434608254435
2031-04-01,SX5E,-0.04161389139642132
2031-04-01,000688.SH,0.030227479503705107
2031-04-01,SOX,0.04003072106191905
2031-04-01,NDX,0.03578001666190132
2031-04-01,XAU,-0.08707858695953001
2031-04-01,COPPER,-0.02377863341495632
2031-04-01,WTI,0.08989554007718317
2031-04-01,BTC,-0.0
2031-04-01,ETH,-0.0
2031-04-01,US10Y,-0.009404090434072431
2031-04-01,CN10Y,-0.0
2031-04-02,000300.SH,-0.0
2031-04-02,SPX,-0.060102737662417326
2031-04-02,HSI,-0.0
2031-04-02,N225,0.00953585264340843
2031-04-02,SX5E,-0.023139256251026263
2031-04-02,000688.SH,0.016361773043444296
2031-04-02,SOX,0.0466306212452192
2031-04-02,NDX,0.06874105305727976
2031-04-02,XAU,-0.06182645559768832
2031-04-02,COPPER,-0.07304920543373047
2031-04-02,WTI,0.08764986187990169
2031-04-02,BTC,-0.0
2031-04-02,ETH,-0.0
2031-04-02,US10Y,-0.010801506924395455
2031-04-02,CN10Y,-0.0
2031-04-03,000300.SH,-0.0
2031-04-03,SPX,-0.07079587406175099
2031-04-03,HSI,-0.0
2031-04-03,N225,0.0015608823701306184
2031-04-03,SX5E,-0.005443026397806708
2031-04-03,000688.SH,0.04076936075260853
2031-04-03,SOX,0.018802004540928903
2031-04-03,NDX,0.09646146215653592
2031-04-03,XAU,-0.054601320965447286
2031-04-03,COPPER,-0.05860274483015082
2031-04-03,WTI,0.061092945026527595
2031-04-03,BTC,-0.0
2031-04-03,ETH,-0.0
2031-04-03,US10Y,-0.02924368859157874
2031-04-03,CN10Y,-0.0
2031-04-04,000300.SH,-0.0
2031-04-04,SPX,-0.10487223256291972
2031-04-04,HSI,-0.0
2031-04-04,N225,-0.02132559303060432
2031-04-04,SX5E,0.009763765631427463
2031-04-04,000688.SH,0.0868199341254009
2031-04-04,SOX,0.023458813942170496
2031-04-04,NDX,0.09417558788486637
2031-04-04,XAU,-0.03772091514699606
2031-04-04,COPPER,-0.061783311877216224
2031-04-04,WTI,0.027031428098204094
2031-04-04,BTC,-0.0
2031-04-04,ETH,-0.0
2031-04-04,US10Y,-0.015547477064337652
2031-04-04,CN10Y,-0.0
2031-04-07,000300.SH,-0.0
2031-04-07,SPX,-0.11701366995381124
2031-04-07,HSI,-0.0
2031-04-07,N225,-0.010860926757805029
2031-04-07,SX5E,-0.016814630381383276
2031-04-07,000688.SH,0.14672838513831488
2031-04-07,SOX,0.006201982739242398
2031-04-07,NDX,0.07589670485555826
2031-04-07,XAU,-0.025859853879314002
2031-04-07,COPPER,-0.08749687028033401
2031-04-07,WTI,0.019834937115362668
2031-04-07,BTC,-0.0
2031-04-07,ETH,-0.0
2031-04-07,US10Y,0.009383941404166684
2031-04-07,CN10Y,-0.0
2031-04-08,000300.SH,-0.0
2031-04-08,SPX,-0.11642587724552834
2031-04-08,HSI,-0.0
2031-04-08,N225,0.016838951649336478
2031-04-08,SX5E,-0.004502657803837573
2031-04-08,000688.SH,0.14996342717640604
2031-04-08,SOX,-0.022270908943064174
2031-04-08,NDX,0.07221970802675273
2031-04-08,XAU,-0.04072523852916744
2031-04-08,COPPER,-0.08178521547673227
2031-04-08,WTI,0.004010656237293887
2031-04-08,BTC,-0.0
2031-04-08,ETH,-0.0
2031-04-08,US10Y,0.022677154908537438
2031-04-08,CN10Y,-0.0
2031-04-09,000300.SH,-0.0
2031-04-09,SPX,-0.09580113972836733
2031-04-09,HSI,-0.0
2031-04-09,N225,0.02039067662092775
2031-04-09,SX5E,0.03559949150793073
2031-04-09,000688.SH,0.13755853417565297
2031-04-09,SOX,-0.03025469639705199
2031-04-09,NDX,0.060086995915495246
2031-04-09,XAU,-0.0383264304107621
2031-04-09,COPPER,-0.058623106872087154
2031-04-09,WTI,-0.062362068430607084
2031-04-09,BTC,-0.0
2031-04-09,ETH,-0.0
2031-04-09,US10Y,0.03173174361886873
2031-04-09,CN10Y,-0.0
2031-04-10,000300.SH,-0.0
2031-04-10,SPX,-0.08208604746501785
2031-04-10,HSI,-0.0
2031-04-10,N225,-0.0022662502756387107
2031-04-10,SX5E,0.05019306286832286
2031-04-10,000688.SH,0.11420262903527116
2031-04-10,SOX,0.04446965614702347
2031-04-10,NDX,0.07158283508709887
2031-04-10,XAU,-0.033272996227402936
2031-04-10,COPPER,-0.07239031795981933
2031-04-10,WTI,-0.12415147450402622
2031-04-10,BTC,-0.0
2031-04-10,ETH,-0.0
2031-04-10,US10Y,0.03371890329419026
2031-04-10,CN10Y,-0.0
2031-04-11,000300.SH,-0.0
2031-04-11,SPX,-0.05127895474012105
2031-04-11,HSI,-0.0
2031-04-11,N225,-0.010924029349032204
2031-04-11,SX5E,0.0907621370149683
2031-04-11,000688.SH,0.1390934520965265
2031-04-11,SOX,0.08067968875600395
2031-04-11,NDX,0.039424130811287976
2031-04-11,XAU,-0.018875299648323338
2031-04-11,COPPER,-0.09826971438995001
2031-04-11,WTI,-0.22138725614094143
2031-04-11,BTC,-0.0
2031-04-11,ETH,-0.0
2031-04-11,US10Y,0.050775845589582286
2031-04-11,CN10Y,-0.0
2031-04-14,000300.SH,-0.0
2031-04-14,SPX,-0.02184788831369
2031-04-14,HSI,-0.0
2031-04-14,N225,0.011861230088807531
2031-04-14,SX5E,0.08016870181150901
2031-04-14,000688.SH,0.11170347851601738
2031-04-14,SOX,0.08917288200230936
2031-04-14,NDX,0.013840583732036062
2031-04-14,XAU,-0.004045045292060533
2031-04-14,COPPER,-0.1389999537636233
2031-04-14,WTI,-0.22869076781030806
2031-04-14,BTC,-0.0
2031-04-14,ETH,-0.0
2031-04-14,US10Y,0.08683677902900488
2031-04-14,CN10Y,-0.0
2031-04-15,000300.SH,-0.0
2031-04-15,SPX,-0.024860867722944418
2031-04-15,HSI,-0.0
2031-04-15,N225,-0.007760982278750966
2031-04-15,SX5E,0.08530024100124182
2031-04-15,000688.SH,0.11787495679776301
2031-04-15,SOX,0.08338511579184842
2031-04-15,NDX,0.0020079280518926815
2031-04-15,XAU,-0.0009990947698750204
2031-04-15,COPPER,-0.09895234380597707
2031-04-15,WTI,-0.2547773848096204
2031-04-15,BTC,-0.0
2031-04-15,ETH,-0.0
2031-04-15,US10Y,0.09878243174442489
2031-04-15,CN10Y,-0.0
2031-04-16,000300.SH,-0.0
2031-04-16,SPX,-0.01699775481406944
2031-04-16,HSI,-0.0
2031-04-16,N225,0.01874831916363645
2031-04-16,SX5E,0.06981180355281177
2031-04-16,000688.SH,0.05189953516104391
2031-04-16,SOX,0.08643497883013271
2031-04-16,NDX,0.018483490625386595
2031-04-16,XAU,0.011822614169692405
2031-04-16,COPPER,-0.11531228960685966
2031-04-16,WTI,-0.21902234695762177
2031-04-16,BTC,-0.0
2031-04-16,ETH,-0.0
2031-04-16,US10Y,0.0941316498758515
2031-04-16,CN10Y,-0.0
2031-04-17,000300.SH,-0.0
2031-04-17,SPX,-0.027312742740543877
2031-04-17,HSI,-0.0
2031-04-17,N225,0.022753909131142648
2031-04-17,SX5E,0.05978220475088381
2031-04-17,000688.SH,0.047456673773857594
2031-04-17,SOX,0.08399657050404137
2031-04-17,NDX,0.005560189341364895
2031-04-17,XAU,0.01775664266999598
2031-04-17,COPPER,-0.10482792550744179
2031-04-17,WTI,-0.19485218832374715
2031-04-17,BTC,-0.0
2031-04-17,ETH,-0.0
2031-04-17,US10Y,0.08968666640045027
2031-04-17,CN10Y,-0.0
2031-04-18,000300.SH,-0.0
2031-04-18,SPX,-0.04467255642790656
2031-04-18,HSI,-0.0
2031-04-18,N225,0.010141999120033602
2031-04-18,SX5E,0.04236876097047512
2031-04-18,000688.SH,0.07489059318917285
2031-04-18,SOX,0.14466775711988078
2031-04-18,NDX,-0.00034707656909356566
2031-04-18,XAU,-0.015083799929562363
2031-04-18,COPPER,-0.0977802061090324
2031-04-18,WTI,-0.17897487852247795
2031-04-18,BTC,-0.0
2031-04-18,ETH,-0.0
2031-04-18,US10Y,0.06478940715851339
2031-04-18,CN10Y,-0.0
2031-04-21,000300.SH,-0.0
2031-04-21,SPX,-0.03215992201824055
2031-04-21,HSI,-0.0
2031-04-21,N225,0.006215517654495769
2031-04-21,SX5E,0.050169195299986535
2031-04-21,000688.SH,0.08363953808090668
2031-04-21,SOX,0.18515739044385748
2031-04-21,NDX,-0.02488284998931549
2031-04-21,XAU,-0.03638776873827353
2031-04-21,COPPER,-0.11857621181049842
2031-04-21,WTI,-0.17077742762377104
2031-04-21,BTC,-0.0
2031-04-21,ETH,-0.0
2031-04-21,US10Y,0.05760253870085533
2031-04-21,CN10Y,-0.0
2031-04-22,000300.SH,-0.0
2031-04-22,SPX,-0.03429963742687475
2031-04-22,HSI,-0.0
2031-04-22,N225,0.0041578620587778455
2031-04-22,SX5E,0.02218212062781435
2031-04-22,000688.SH,0.05693997248896797
2031-04-22,SOX,0.17772889770151998
2031-04-22,NDX,-0.019283630401070197
2031-04-22,XAU,-0.04420573356211448
2031-04-22,COPPER,-0.08173243788940848
2031-04-22,WTI,-0.15128897941845407
2031-04-22,BTC,-0.0
2031-04-22,ETH,-0.0
2031-04-22,US10Y,0.06980156582084282
2031-04-22,CN10Y,-0.0
2031-04-23,000300.SH,-0.0
2031-04-23,SPX,-0.034009000207196535
2031-04-23,HSI,-0.0
2031-04-23,N225,0.0037949490281942817
2031-04-23,SX5E,0.027658372954571978
2031-04-23,000688.SH,0.06738845703593792
2031-04-23,SOX,0.18887872521013294
2031-04-23,NDX,0.0017729914157324153
2031-04-23,XAU,-0.04085402748212643
2031-04-23,COPPER,-0.08011542041485228
2031-04-23,WTI,-0.22780931129196
2031-04-23,BTC,-0.0
2031-04-23,ETH,-0.0
2031-04-23,US10Y,0.09329426375156552
2031-04-23,CN10Y,-0.0
2031-04-24,000300.SH,-0.0
2031-04-24,SPX,-0.016309392682543784
2031-04-24,HSI,-0.0
2031-04-24,N225,0.0069140402547418975
2031-04-24,SX5E,0.013175321895456567
2031-04-24,000688.SH,0.0607182321537475
2031-04-24,SOX,0.19132870823717985
2031-04-24,NDX,-0.009173933962449771
2031-04-24,XAU,-0.042287468712496556
2031-04-24,COPPER,-0.0684086349041052
2031-04-24,WTI,-0.21980943130786323
2031-04-24,BTC,-0.0
2031-04-24,ETH,-0.0
2031-04-24,US10Y,0.08385255902832996
2031-04-24,CN10Y,-0.0
2031-04-25,000300.SH,-0.0
2031-04-25,SPX,-0.017249894794035138
2031-04-25,HSI,-0.0
2031-04-25,N225,0.0007555078882902702
2031-04-25,SX5E,0.0027009328548369504
2031-04-25,000688.SH,0.0535907504044672
2031-04-25,SOX,0.20019070360707514
2031-04-25,NDX,-0.023609490864840408
2031-04-25,XAU,-0.030422601447869187
2031-04-25,COPPER,-0.05824784573178367
2031-04-25,WTI,-0.2053342512690167
2031-04-25,BTC,-0.0
2031-04-25,ETH,-0.0
2031-04-25,US10Y,0.07762618935287209
2031-04-25,CN10Y,-0.0
2031-04-28,000300.SH,-0.0
2031-04-28,SPX,-0.010449122632627959
2031-04-28,HSI,-0.0
2031-04-28,N225,-0.03609817462165948
2031-04-28,SX5E,-0.023362015416140483
2031-04-28,000688.SH,0.07193188658153862
2031-04-28,SOX,0.21460013103111966
2031-04-28,NDX,-0.006308074688678008
2031-04-28,XAU,-0.034113217695494004
2031-04-28,COPPER,-0.02693789045307895
2031-04-28,WTI,-0.21960390453644144
2031-04-28,BTC,-0.0
2031-04-28,ETH,-0.0
2031-04-28,US10Y,0.07034038243145992
2031-04-28,CN10Y,-0.0
2031-04-29,000300.SH,-0.0
2031-04-29,SPX,0.0179996439417923
2031-04-29,HSI,-0.0
2031-04-29,N225,-0.03990184001487853
2031-04-29,SX5E,0.0007634135895464543
2031-04-29,000688.SH,0.11009494192666479
2031-04-29,SOX,0.22683138713077264
2031-04-29,NDX,-0.030980817670369427
2031-04-29,XAU,-0.049569605447716075
2031-04-29,COPPER,-0.06445214296196522
2031-04-29,WTI,-0.24924725769082212
2031-04-29,BTC,-0.0
2031-04-29,ETH,-0.0
2031-04-29,US10Y,0.07846227719697663
2031-04-29,CN10Y,-0.0
2031-04-30,000300.SH,-0.0
2031-04-30,SPX,0.03325089572132305
2031-04-30,HSI,-0.0
2031-04-30,N225,-0.05423119769252097
2031-04-30,SX5E,-0.011519373253268376
2031-04-30,000688.SH,0.11652269146352918
2031-04-30,SOX,0.20729901733966802
2031-04-30,NDX,-0.02446916088970686
2031-04-30,XAU,-0.07527215402163508
2031-04-30,COPPER,-0.04874570330788923
2031-04-30,WTI,-0.20673190881640116
2031-04-30,BTC,-0.0
2031-04-30,ETH,-0.0
2031-04-30,US10Y,0.06389689345690448
2031-04-30,CN10Y,-0.0
2031-05-01,000300.SH,-0.0
2031-05-01,SPX,0.04287361074524928
2031-05-01,HSI,-0.0
2031-05-01,N225,-0.050128549574081985
2031-05-01,SX5E,-0.008567569519352173
2031-05-01,000688.SH,0.11106105403329111
2031-05-01,SOX,0.2283312386083195
2031-05-01,NDX,-0.036299363157461545
2031-05-01,XAU,-0.06115701983345121
2031-05-01,COPPER,-0.05181384848030335
2031-05-01,WTI,-0.24521149092122635
2031-05-01,BTC,-0.0
2031-05-01,ETH,-0.0
2031-05-01,US10Y,0.07091193809901873
2031-05-01,CN10Y,-0.0
2031-05-02,000300.SH,-0.0
2031-05-02,SPX,0.07236212059918241
2031-05-02,HSI,-0.0
2031-05-02,N225,-0.03514377363436412
2031-05-02,SX5E,-0.03621954240806203
2031-05-02,000688.SH,0.07443919764221495
2031-05-02,SOX,0.24445008205390312
2031-05-02,NDX,-0.0780981410144007
2031-05-02,XAU,-0.06810762912017576
2031-05-02,COPPER,-0.055856540043667
2031-05-02,WTI,-0.2070421607894441
2031-05-02,BTC,-0.0
2031-05-02,ETH,-0.0
2031-05-02,US10Y,0.0892163867148179
2031-05-02,CN10Y,-0.0
2031-05-05,000300.SH,-0.0
2031-05-05,SPX,0.06789183827178381
2031-05-05,HSI,-0.0
2031-05-05,N225,-0.043184143692147216
2031-05-05,SX5E,-0.03690760899862422
2031-05-05,000688.SH,0.07785786546510184
2031-05-05,SOX,0.2846129265935146
2031-05-05,NDX,-0.08899226391774728
2031-05-05,XAU,-0.10264907079983455
2031-05-05,COPPER,-0.051197413728480495
2031-05-05,WTI,-0.1777669745752136
2031-05-05,BTC,-0.0
2031-05-05,ETH,-0.0
2031-05-05,US10Y,0.07033484538165038
2031-05-05,CN10Y,-0.0
2031-05-06,000300.SH,-0.0
2031-05-06,SPX,0.06852700755406844
2031-05-06,HSI,-0.0
2031-05-06,N225,-0.06996005272478553
2031-05-06,SX5E,-0.05087285938597698
2031-05-06,000688.SH,0.06834784346521541
2031-05-06,SOX,0.24947260279378136
2031-05-06,NDX,-0.0789303408780994
2031-05-06,XAU,-0.08163851547619835
2031-05-06,COPPER,-0.06230430654415875
2031-05-06,WTI,-0.11545108785893642
2031-05-06,BTC,-0.0
2031-05-06,ETH,-0.0
2031-05-06,US10Y,0.07280970905509311
2031-05-06,CN10Y,-0.0
2031-05-07,000300.SH,-0.0
2031-05-07,SPX,0.05530149957858395
2031-05-07,HSI,-0.0
2031-05-07,N225,-0.09864963606654056
2031-05-07,SX5E,-0.046716109127304596
2031-05-07,000688.SH,0.024693764296626217
2031-05-07,SOX,0.26526864877314443
2031-05-07,NDX,-0.061942196617793
2031-05-07,XAU,-0.10462998731802112
2031-05-07,COPPER,-0.07171280222715683
2031-05-07,WTI,-0.03831142400145092
2031-05-07,BTC,-0.0
2031-05-07,ETH,-0.0
2031-05-07,US10Y,0.07669824270991446
2031-05-07,CN10Y,-0.0
2031-05-08,000300.SH,-0.0
2031-05-08,SPX,0.04104593173816544
2031-05-08,HSI,-0.0
2031-05-08,N225,-0.08843782145090412
2031-05-08,SX5E,-0.057878046692952434
2031-05-08,000688.SH,0.05493052420405271
2031-05-08,SOX,0.19944806697732173
2031-05-08,NDX,-0.05985094568920292
2031-05-08,XAU,-0.095854277565485
2031-05-08,COPPER,-0.07480130710407848
2031-05-08,WTI,0.02861835256128231
2031-05-08,BTC,-0.0
2031-05-08,ETH,-0.0
2031-05-08,US10Y,0.052779523021798044
2031-05-08,CN10Y,-0.0
2031-05-09,000300.SH,-0.0
2031-05-09,SPX,0.04917350759322049
2031-05-09,HSI,-0.0
2031-05-09,N225,-0.07296701098697828
2031-05-09,SX5E,-0.03857563190610697
2031-05-09,000688.SH,0.01693667531321808
2031-05-09,SOX,0.11903347125703363
2031-05-09,NDX,-0.059597690883639295
2031-05-09,XAU,-0.10553467460846669
2031-05-09,COPPER,-0.01799826873369343
2031-05-09,WTI,0.06618877333918116
2031-05-09,BTC,-0.0
2031-05-09,ETH,-0.0
2031-05-09,US10Y,0.04334084961622779
2031-05-09,CN10Y,-0.0
2031-05-12,000300.SH,-0.0
2031-05-12,SPX,0.04551703479977058
2031-05-12,HSI,-0.0
2031-05-12,N225,-0.0749816643677468
2031-05-12,SX5E,-0.03439686207422855
2031-05-12,000688.SH,0.015946538521218852
2031-05-12,SOX,0.06335107675695403
2031-05-12,NDX,-0.036138204763366585
2031-05-12,XAU,-0.08693610514296202
2031-05-12,COPPER,-0.00982146462677879
2031-05-12,WTI,0.07469975227297213
2031-05-12,BTC,-0.0
2031-05-12,ETH,-0.0
2031-05-12,US10Y,0.04275989862416314
2031-05-12,CN10Y,-0.0
2031-05-13,000300.SH,-0.0
2031-05-13,SPX,0.0435003778722895
2031-05-13,HSI,-0.0
2031-05-13,N225,-0.0790883161244991
2031-05-13,SX5E,-0.02649112154228683
2031-05-13,000688.SH,0.031246236423095493
2031-05-13,SOX,0.06730516746010153
2031-05-13,NDX,-0.014846107336271223
2031-05-13,XAU,-0.09468190594502301
2031-05-13,COPPER,-0.050911566451462636
2031-05-13,WTI,0.09435591185345268
2031-05-13,BTC,-0.0
2031-05-13,ETH,-0.0
2031-05-13,US10Y,0.02961132379060141
2031-05-13,CN10Y,-0.0
2031-05-14,000300.SH,-0.0
2031-05-14,SPX,0.062234573048334726
2031-05-14,HSI,-0.0
2031-05-14,N225,-0.10376809242094638
2031-05-14,SX5E,-0.01311254960781669
2031-05-14,000688.SH,0.05651869833573317
2031-05-14,SOX,0.04575266562882631
2031-05-14,NDX,0.005873693753127546
2031-05-14,XAU,-0.09963379960473179
2031-05-14,COPPER,-0.03185004301460127
2031-05-14,WTI,0.05796336621651722
2031-05-14,BTC,-0.0
2031-05-14,ETH,-0.0
2031-05-14,US10Y,0.020021487665554158
2031-05-14,CN10Y,-0.0
2031-05-15,000300.SH,-0.0
2031-05-15,SPX,0.0694074785982087
2031-05-15,HSI,-0.0
2031-05-15,N225,-0.13173463855885642
2031-05-15,SX5E,0.004757165438070739
2031-05-15,000688.SH,0.06579861652119141
2031-05-15,SOX,0.0509467003299797
2031-05-15,NDX,0.03569187783602211
2031-05-15,XAU,-0.12019804252758017
2031-05-15,COPPER,-0.023285945971932967
2031-05-15,WTI,-0.010027811450571134
2031-05-15,BTC,-0.0
2031-05-15,ETH,-0.0
2031-05-15,US10Y,0.058644599785466156
2031-05-15,CN10Y,-0.0
2031-05-16,000300.SH,-0.0
2031-05-16,SPX,0.06899928468058343
2031-05-16,HSI,-0.0
2031-05-16,N225,-0.13357531131381223
2031-05-16,SX5E,0.01946979590102716
2031-05-16,000688.SH,0.0066938535907606865
2031-05-16,SOX,0.03807106598425705
2031-05-16,NDX,0.05728764377265072
2031-05-16,XAU,-0.08420012069032842
2031-05-16,COPPER,-0.025917196039692943
2031-05-16,WTI,-0.030865651444549058
2031-05-16,BTC,-0.0
2031-05-16,ETH,-0.0
2031-05-16,US10Y,0.08403663555910151
2031-05-16,CN10Y,-0.0
2031-05-19,000300.SH,-0.0
2031-05-19,SPX,0.050115572309345366
2031-05-19,HSI,-0.0
2031-05-19,N225,-0.10955578002119463
2031-05-19,SX5E,0.04668738640126633
2031-05-19,000688.SH,0.00796379814801539
2031-05-19,SOX,-0.03977121824350689
2031-05-19,NDX,0.062207919238673456
2031-05-19,XAU,-0.07228690271101715
2031-05-19,COPPER,0.0068665974931679495
2031-05-19,WTI,-0.05774574103739963
2031-05-19,BTC,-0.0
2031-05-19,ETH,-0.0
2031-05-19,US10Y,0.10551836842264722
2031-05-19,CN10Y,-0.0
2031-05-20,000300.SH,-0.0
2031-05-20,SPX,0.05473700424639735
2031-05-20,HSI,-0.0
2031-05-20,N225,-0.0812316756473053
2031-05-20,SX5E,0.05249907690822688
2031-05-20,000688.SH,0.017456907082361656
2031-05-20,SOX,-0.045004321164920216
2031-05-20,NDX,0.08055182408583642
2031-05-20,XAU,-0.06283626287254987
2031-05-20,COPPER,0.002565476745463412
2031-05-20,WTI,-0.10350247003616543
2031-05-20,BTC,-0.0
2031-05-20,ETH,-0.0
2031-05-20,US10Y,0.08476444065265246
2031-05-20,CN10Y,-0.0
2031-05-21,000300.SH,-0.0
2031-05-21,SPX,0.02673332908954207
2031-05-21,HSI,-0.0
2031-05-21,N225,-0.04933283023687978
2031-05-21,SX5E,0.041441406318134685
2031-05-21,000688.SH,0.01855198792405101
2031-05-21,SOX,-0.05508834431636285
2031-05-21,NDX,0.03210937403852924
2031-05-21,XAU,-0.0409192531839709
2031-05-21,COPPER,0.0009201976881342382
2031-05-21,WTI,-0.04369424488601652
2031-05-21,BTC,-0.0
2031-05-21,ETH,-0.0
2031-05-21,US10Y,0.06927837756483704
2031-05-21,CN10Y,-0.0
2031-05-22,000300.SH,-0.0
2031-05-22,SPX,0.032864109709522304
2031-05-22,HSI,-0.0
2031-05-22,N225,-0.04167446293508838
2031-05-22,SX5E,0.04857948520870081
2031-05-22,000688.SH,0.04031416112489026
2031-05-22,SOX,-0.0696798427939828
2031-05-22,NDX,0.03546332398913683
2031-05-22,XAU,-0.028977141097821898
2031-05-22,COPPER,-0.017003319953450738
2031-05-22,WTI,-0.05520801606084659
2031-05-22,BTC,-0.0
2031-05-22,ETH,-0.0
2031-05-22,US10Y,0.05532170280894014
2031-05-22,CN10Y,-0.0
2031-05-23,000300.SH,-0.0
2031-05-23,SPX,0.08290567206220092
2031-05-23,HSI,-0.0
2031-05-23,N225,-0.012952027331625052
2031-05-23,SX5E,0.050430595268638655
2031-05-23,000688.SH,0.02987520987970276
2031-05-23,SOX,-0.10225578983024095
2031-05-23,NDX,0.03424168704667907
2031-05-23,XAU,-0.026032448690160952
2031-05-23,COPPER,-0.05772051751939943
2031-05-23,WTI,-0.04275480050122477
2031-05-23,BTC,-0.0
2031-05-23,ETH,-0.0
2031-05-23,US10Y,0.04426241961542789
2031-05-23,CN10Y,-0.0
2031-05-26,000300.SH,-0.0
2031-05-26,SPX,0.09783785938999869
2031-05-26,HSI,-0.0
2031-05-26,N225,0.007297096808917731
2031-05-26,SX5E,0.06365564440404134
2031-05-26,000688.SH,0.008542576538164284
2031-05-26,SOX,-0.09351216927901397
2031-05-26,NDX,0.03437824308451967
2031-05-26,XAU,-0.038521231309385735
2031-05-26,COPPER,-0.05083508669692595
2031-05-26,WTI,-0.0741924726316375
2031-05-26,BTC,-0.0
2031-05-26,ETH,-0.0
2031-05-26,US10Y,0.04534953969131803
2031-05-26,CN10Y,-0.0
2031-05-27,000300.SH,-0.0
2031-05-27,SPX,0.05571921964195546
2031-05-27,HSI,-0.0
2031-05-27,N225,0.019697369116047213
2031-05-27,SX5E,0.025241143591860096
2031-05-27,000688.SH,0.0503093543158251
2031-05-27,SOX,-0.12650439298313337
2031-05-27,NDX,0.09640925935377438
2031-05-27,XAU,-0.04245878976097987
2031-05-27,COPPER,-0.06452096444518209
2031-05-27,WTI,-0.0681306901575294
2031-05-27,BTC,-0.0
2031-05-27,ETH,-0.0
2031-05-27,US10Y,0.05423849132735964
2031-05-27,CN10Y,-0.0
2031-05-28,000300.SH,-0.0
2031-05-28,SPX,0.05002359788597261
2031-05-28,HSI,-0.0
2031-05-28,N225,0.022053987830436387
2031-05-28,SX5E,0.0393545614156779
2031-05-28,000688.SH,0.0207457070085725
2031-05-28,SOX,-0.09925889038485834
2031-05-28,NDX,0.09107088499276964
2031-05-28,XAU,-0.04123989079541863
2031-05-28,COPPER,-0.03207130105224303
2031-05-28,WTI,-0.10955541485191231
2031-05-28,BTC,-0.0
2031-05-28,ETH,-0.0
2031-05-28,US10Y,0.05887675795100099
2031-05-28,CN10Y,-0.0
2031-05-29,000300.SH,-0.0
2031-05-29,SPX,0.021629477611847612
2031-05-29,HSI,-0.0
2031-05-29,N225,0.01073644914445947
2031-05-29,SX5E,0.030083107795382195
2031-05-29,000688.SH,-0.0009502801232850423
2031-05-29,SOX,-0.09744245534306797
2031-05-29,NDX,0.12250334854785448
2031-05-29,XAU,-0.04028889257906204
2031-05-29,COPPER,-0.03440429815325902
2031-05-29,WTI,-0.050906380737703635
2031-05-29,BTC,-0.0
2031-05-29,ETH,-0.0
2031-05-29,US10Y,0.03903992383683121
2031-05-29,CN10Y,-0.0
2031-05-30,000300.SH,-0.0
2031-05-30,SPX,0.01682670277572086
2031-05-30,HSI,-0.0
2031-05-30,N225,-0.009910284553429648
2031-05-30,SX5E,0.03867045680905144
2031-05-30,000688.SH,0.020695285853797655
2031-05-30,SOX,-0.10477316217719614
2031-05-30,NDX,0.15894774624266197
2031-05-30,XAU,-0.05832537314117202
2031-05-30,COPPER,-0.034174947734914383
2031-05-30,WTI,-0.0586791106266162
2031-05-30,BTC,-0.0
2031-05-30,ETH,-0.0
2031-05-30,US10Y,0.030722686552091837
2031-05-30,CN10Y,-0.0
2031-06-02,000300.SH,-0.0
2031-06-02,SPX,-0.008454392406051111
2031-06-02,HSI,-0.0
2031-06-02,N225,-0.04258335302520095
2031-06-02,SX5E,0.05260486448546446
2031-06-02,000688.SH,-0.00833650449924979
2031-06-02,SOX,-0.11464676209146323
2031-06-02,NDX,0.1478662238589267
2031-06-02,XAU,-0.0493400230022201
2031-06-02,COPPER,-0.029910831567927752
2031-06-02,WTI,0.012571871876535384
2031-06-02,BTC,-0.0
2031-06-02,ETH,-0.0
2031-06-02,US10Y,0.04022890637118194
2031-06-02,CN10Y,-0.0
2031-06-03,000300.SH,-0.0
2031-06-03,SPX,0.001108590060520876
2031-06-03,HSI,-0.0
2031-06-03,N225,-0.04714614707636485
2031-06-03,SX5E,0.04846168245903552
2031-06-03,000688.SH,-0.032156279810213795
2031-06-03,SOX,-0.0908179667742031
2031-06-03,NDX,0.18851762237995046
2031-06-03,XAU,-0.046147396231981955
2031-06-03,COPPER,-0.014030027656173946
2031-06-03,WTI,-0.038488903327250024
2031-06-03,BTC,-0.0
2031-06-03,ETH,-0.0
2031-06-03,US10Y,0.03069882597667759
2031-06-03,CN10Y,-0.0
2031-06-04,000300.SH,-0.0
2031-06-04,SPX,-0.0017334268383422096
2031-06-04,HSI,-0.0
2031-06-04,N225,-0.029100116116286174
2031-06-04,SX5E,0.01955537531836026
2031-06-04,000688.SH,-0.029371523417919314
2031-06-04,SOX,-0.09306251742198708
2031-06-04,NDX,0.20086884988502232
2031-06-04,XAU,-0.02253504860093889
2031-06-04,COPPER,0.007122443309763573
2031-06-04,WTI,-0.07139053136733432
2031-06-04,BTC,-0.0
2031-06-04,ETH,-0.0
2031-06-04,US10Y,0.019646495249658884
2031-06-04,CN10Y,-0.0
2031-06-05,000300.SH,-0.0
2031-06-05,SPX,-0.028762063929241043
2031-06-05,HSI,-0.0
2031-06-05,N225,-0.03548163709343521
2031-06-05,SX5E,0.003780690668650213
2031-06-05,000688.SH,-0.03651267489361007
2031-06-05,SOX,-0.07714144921839843
2031-06-05,NDX,0.17550724132704115
2031-06-05,XAU,-0.014531439647240801
2031-06-05,COPPER,0.049860482704643105
2031-06-05,WTI,-0.09223799408222408
2031-06-05,BTC,-0.0
2031-06-05,ETH,-0.0
2031-06-05,US10Y,0.05551884416381672
2031-06-05,CN10Y,-0.0
2031-06-06,000300.SH,-0.0
2031-06-06,SPX,-0.040101839165006904
2031-06-06,HSI,-0.0
2031-06-06,N225,-0.03957428496033953
2031-06-06,SX5E,-0.00455609712092824
2031-06-06,000688.SH,-0.06713726717068352
2031-06-06,SOX,-0.0073375876503370754
2031-06-06,NDX,0.17855480672098178
2031-06-06,XAU,-0.0021657338470743893
2031-06-06,COPPER,0.02924068863241195
2031-06-06,WTI,-0.09543550391914044
2031-06-06,BTC,-0.0
2031-06-06,ETH,-0.0
2031-06-06,US10Y,0.04851281848011894
2031-06-06,CN10Y,-0.0
2031-06-09,000300.SH,-0.0
2031-06-09,SPX,-0.04277939390588775
2031-06-09,HSI,-0.0
2031-06-09,N225,-0.03890273511456113
2031-06-09,SX5E,-0.01570742083607289
2031-06-09,000688.SH,-0.06954427392069228
2031-06-09,SOX,0.04545410047530631
2031-06-09,NDX,0.14883391102882518
2031-06-09,XAU,-0.015032636078359906
2031-06-09,COPPER,0.07469247023572284
2031-06-09,WTI,-0.1281763458530226
2031-06-09,BTC,-0.0
2031-06-09,ETH,-0.0
2031-06-09,US10Y,0.0411623239687446
2031-06-09,CN10Y,-0.0
2031-06-10,000300.SH,-0.0
2031-06-10,SPX,-0.030253829997675244
2031-06-10,HSI,-0.0
2031-06-10,N225,-0.040233239052607436
2031-06-10,SX5E,-0.002214573941812405
2031-06-10,000688.SH,-0.10475121108744997
2031-06-10,SOX,0.03849781931553285
2031-06-10,NDX,0.11893027196275739
2031-06-10,XAU,0.004752683470424585
2031-06-10,COPPER,0.09895158484272906
2031-06-10,WTI,-0.11838472136378206
2031-06-10,BTC,-0.0
2031-06-10,ETH,-0.0
2031-06-10,US10Y,0.03470521585188279
2031-06-10,CN10Y,-0.0
2031-06-11,000300.SH,-0.0
2031-06-11,SPX,-0.04048132068234383
2031-06-11,HSI,-0.0
2031-06-11,N225,-0.018826901342085534
2031-06-11,SX5E,-0.007516858596905457
2031-06-11,000688.SH,-0.13197146974388138
2031-06-11,SOX,0.06767626810345907
2031-06-11,NDX,0.09548910133501559
2031-06-11,XAU,0.013294183818150528
2031-06-11,COPPER,0.08403430173380336
2031-06-11,WTI,-0.09886689872683851
2031-06-11,BTC,-0.0
2031-06-11,ETH,-0.0
2031-06-11,US10Y,0.037169594101625465
2031-06-11,CN10Y,-0.0
2031-06-12,000300.SH,-0.0
2031-06-12,SPX,-0.07089638052143922
2031-06-12,HSI,-0.0
2031-06-12,N225,0.007221549902067843
2031-06-12,SX5E,0.005588538022968277
2031-06-12,000688.SH,-0.1482726281538433
2031-06-12,SOX,0.0667930924956844
2031-06-12,NDX,0.10245611112217928
2031-06-12,XAU,0.024772192035184833
2031-06-12,COPPER,0.08127886577830368
2031-06-12,WTI,-0.07376321289438525
2031-06-12,BTC,-0.0
2031-06-12,ETH,-0.0
2031-06-12,US10Y,0.004821872213275918
2031-06-12,CN10Y,-0.0
2031-06-13,000300.SH,-0.0
2031-06-13,SPX,-0.06034762476984591
2031-06-13,HSI,-0.0
2031-06-13,N225,0.02679868762204189
2031-06-13,SX5E,0.014390202441985845
2031-06-13,000688.SH,-0.11641317403405624
2031-06-13,SOX,0.05947553511525803
2031-06-13,NDX,0.09362235687140373
2031-06-13,XAU,-0.008398485476158611
2031-06-13,COPPER,0.06887967773539037
2031-06-13,WTI,-0.06631065139266212
2031-06-13,BTC,-0.0
2031-06-13,ETH,-0.0
2031-06-13,US10Y,-0.011696524113360099
2031-06-13,CN10Y,-0.0
2031-06-16,000300.SH,-0.0
2031-06-16,SPX,-0.08053720580271945
2031-06-16,HSI,-0.0
2031-06-16,N225,0.004673526309010656
2031-06-16,SX5E,0.001685532298426933
2031-06-16,000688.SH,-0.10657960582783862
2031-06-16,SOX,0.08616991822241987
2031-06-16,NDX,0.11223496884462002
2031-06-16,XAU,0.006294035673770602
2031-06-16,COPPER,0.06307850552851833
2031-06-16,WTI,-0.05064581675208686
2031-06-16,BTC,-0.0
2031-06-16,ETH,-0.0
2031-06-16,US10Y,-0.0363738584941253
2031-06-16,CN10Y,-0.0
2031-06-17,000300.SH,-0.0
2031-06-17,SPX,-0.06830273359173547
2031-06-17,HSI,-0.0
2031-06-17,N225,-0.022514045369833622
2031-06-17,SX5E,0.0379572439132625
2031-06-17,000688.SH,-0.08448875315540151
2031-06-17,SOX,0.07831945405525662
2031-06-17,NDX,0.10360574134822675
2031-06-17,XAU,0.006364044784547312
2031-06-17,COPPER,0.02973203305451027
2031-06-17,WTI,-0.049238788859659516
2031-06-17,BTC,-0.0
2031-06-17,ETH,-0.0
2031-06-17,US10Y,-0.03143419617917498
2031-06-17,CN10Y,-0.0
2031-06-18,000300.SH,-0.0
2031-06-18,SPX,-0.039723708308948114
2031-06-18,HSI,-0.0
2031-06-18,N225,-0.04543091505903562
2031-06-18,SX5E,0.03977074241315851
2031-06-18,000688.SH,-0.09528985021947446
2031-06-18,SOX,0.07055608152049132
2031-06-18,NDX,0.07878134771556924
2031-06-18,XAU,-0.0009284201795212206
2031-06-18,COPPER,0.027058256562318576
2031-06-18,WTI,0.00059281979679544
2031-06-18,BTC,-0.0
2031-06-18,ETH,-0.0
2031-06-18,US10Y,-0.03538635424135392
2031-06-18,CN10Y,-0.0
2031-06-19,000300.SH,-0.0
2031-06-19,SPX,-0.06314643260272818
2031-06-19,HSI,-0.0
2031-06-19,N225,-0.06164958433811371
2031-06-19,SX5E,0.03312597468415286
2031-06-19,000688.SH,-0.13684983146377808
2031-06-19,SOX,0.08365697208844866
2031-06-19,NDX,0.08151190359164945
2031-06-19,XAU,0.017539428766923857
2031-06-19,COPPER,0.06281716564967828
2031-06-19,WTI,0.02094716626259334
2031-06-19,BTC,-0.0
2031-06-19,ETH,-0.0
2031-06-19,US10Y,-0.03795276263882724
2031-06-19,CN10Y,-0.0
2031-06-20,000300.SH,-0.0
2031-06-20,SPX,-0.07453765868859642
2031-06-20,HSI,-0.0
2031-06-20,N225,-0.09084246836454893
2031-06-20,SX5E,0.0568583062034956
2031-06-20,000688.SH,-0.07579177544841084
2031-06-20,SOX,0.05890760208084518
2031-06-20,NDX,0.11391747058782344
2031-06-20,XAU,0.010241471548695974
2031-06-20,COPPER,0.04243003002988512
2031-06-20,WTI,-0.01417479209771702
2031-06-20,BTC,-0.0
2031-06-20,ETH,-0.0
2031-06-20,US10Y,-0.02700818585147023
2031-06-20,CN10Y,-0.0
2031-06-23,000300.SH,-0.0
2031-06-23,SPX,-0.09571284900087457
2031-06-23,HSI,-0.0
2031-06-23,N225,-0.08052858626733943
2031-06-23,SX5E,0.06846621573923944
2031-06-23,000688.SH,-0.07515138358696925
2031-06-23,SOX,0.03396042441689643
2031-06-23,NDX,0.12184166779192794
2031-06-23,XAU,0.027962036939110688
2031-06-23,COPPER,0.03424979833767865
2031-06-23,WTI,0.0031972802346176407
2031-06-23,BTC,-0.0
2031-06-23,ETH,-0.0
2031-06-23,US10Y,-0.03828460460428494
2031-06-23,CN10Y,-0.0
2031-06-24,000300.SH,-0.0
2031-06-24,SPX,-0.05559170691240746
2031-06-24,HSI,-0.0
2031-06-24,N225,-0.10958195799711122
2031-06-24,SX5E,0.07816623160873704
2031-06-24,000688.SH,-0.11535155718462696
2031-06-24,SOX,0.059699787435405896
2031-06-24,NDX,0.10039195206402887
2031-06-24,XAU,0.04605769314353488
2031-06-24,COPPER,0.027674259359918144
2031-06-24,WTI,0.021653895268244763
2031-06-24,BTC,-0.0
2031-06-24,ETH,-0.0
2031-06-24,US10Y,-0.053118596785724476
2031-06-24,CN10Y,-0.0
2031-06-25,000300.SH,-0.0
2031-06-25,SPX,-0.05705097687497499
2031-06-25,HSI,-0.0
2031-06-25,N225,-0.1105924608821108
2031-06-25,SX5E,0.08111458869098911
2031-06-25,000688.SH,-0.09840560171584903
2031-06-25,SOX,0.01033507763890161
2031-06-25,NDX,0.08735299782117442
2031-06-25,XAU,0.035513537413989035
2031-06-25,COPPER,-0.0030953691331137784
2031-06-25,WTI,0.08883601563626728
2031-06-25,BTC,-0.0
2031-06-25,ETH,-0.0
2031-06-25,US10Y,-0.03400780859527519
2031-06-25,CN10Y,-0.0
2031-06-26,000300.SH,-0.0
2031-06-26,SPX,-0.0053075304198194374
2031-06-26,HSI,-0.0
2031-06-26,N225,-0.10756438632560006
2031-06-26,SX5E,0.08366699985413807
2031-06-26,000688.SH,-0.10589075825187241
2031-06-26,SOX,-0.023926414043896334
2031-06-26,NDX,0.029809250380055802
2031-06-26,XAU,0.030383602957947408
2031-06-26,COPPER,0.0031278669440334443
2031-06-26,WTI,0.10210419979414001
2031-06-26,BTC,-0.0
2031-06-26,ETH,-0.0
2031-06-26,US10Y,-0.006402830889130935
2031-06-26,CN10Y,-0.0
2031-06-27,000300.SH,-0.0
2031-06-27,SPX,0.008924634959513143
2031-06-27,HSI,-0.0
2031-06-27,N225,-0.09716954453761473
2031-06-27,SX5E,0.07964558623358818
2031-06-27,000688.SH,-0.12828527686579735
2031-06-27,SOX,-0.013460420846123821
2031-06-27,NDX,0.01411891289968057
2031-06-27,XAU,0.06678383362902032
2031-06-27,COPPER,-0.01301331934614362
2031-06-27,WTI,0.1022943070428388
2031-06-27,BTC,-0.0
2031-06-27,ETH,-0.0
2031-06-27,US10Y,-0.01983871316896525
2031-06-27,CN10Y,-0.0
2031-06-30,000300.SH,-0.0
2031-06-30,SPX,0.0077425647241008075
2031-06-30,HSI,-0.0
2031-06-30,N225,-0.07540858874876917
2031-06-30,SX5E,0.08970779483361997
2031-06-30,000688.SH,-0.08293175087217626
2031-06-30,SOX,-0.02212645334802361
2031-06-30,NDX,0.005365475126776428
2031-06-30,XAU,0.06919516203685352
2031-06-30,COPPER,0.0019607992348134352
2031-06-30,WTI,0.05100403829771559
2031-06-30,BTC,-0.0
2031-06-30,ETH,-0.0
2031-06-30,US10Y,-0.044509041284914515
2031-06-30,CN10Y,-0.0
2031-07-01,000300.SH,-0.0
2031-07-01,SPX,-0.001973213666108086
2031-07-01,HSI,-0.0
2031-07-01,N225,-0.061507469568134104
2031-07-01,SX5E,0.09421651010714491
2031-07-01,000688.SH,-0.08326543077190016
2031-07-01,SOX,-0.050506292940539384
2031-07-01,NDX,-0.03528583635848438
2031-07-01,XAU,0.07483586152359926
2031-07-01,COPPER,-0.02136981769175962
2031-07-01,WTI,0.1482869958165916
2031-07-01,BTC,-0.0
2031-07-01,ETH,-0.0
2031-07-01,US10Y,-0.06343130645041603
2031-07-01,CN10Y,-0.0
2031-07-02,000300.SH,-0.0
2031-07-02,SPX,-0.023963295125525606
2031-07-02,HSI,-0.0
2031-07-02,N225,-0.09397346898388384
2031-07-02,SX5E,0.09567915097574173
2031-07-02,000688.SH,-0.04167664984535516
2031-07-02,SOX,-0.09842212519398955
2031-07-02,NDX,-0.054783133658694784
2031-07-02,XAU,0.082672821187309
2031-07-02,COPPER,-0.021796156083509717
2031-07-02,WTI,0.20837111991312882
2031-07-02,BTC,-0.0
2031-07-02,ETH,-0.0
2031-07-02,US10Y,-0.05210826318522474
2031-07-02,CN10Y,-0.0
2031-07-03,000300.SH,-0.0
2031-07-03,SPX,-0.020011532592693806
2031-07-03,HSI,-0.0
2031-07-03,N225,-0.09647675680287242
2031-07-03,SX5E,0.11504135388998428
2031-07-03,000688.SH,-0.04301655653101897
2031-07-03,SOX,-0.09796557779971744
2031-07-03,NDX,-0.030829655443473505
2031-07-03,XAU,0.0730991796887791
2031-07-03,COPPER,-0.013264358029694695
2031-07-03,WTI,0.18729628210985047
2031-07-03,BTC,-0.0
2031-07-03,ETH,-0.0
2031-07-03,US10Y,-0.07387237848914883
2031-07-03,CN10Y,-0.0
2031-07-04,000300.SH,-0.0
2031-07-04,SPX,-0.021050152909589212
2031-07-04,HSI,-0.0
2031-07-04,N225,-0.11727041834327259
2031-07-04,SX5E,0.10330489880998919
2031-07-04,000688.SH,0.010817258039180426
2031-07-04,SOX,-0.10957892343433309
2031-07-04,NDX,-0.03730482201612609
2031-07-04,XAU,0.05919068170633502
2031-07-04,COPPER,-0.03245608048970287
2031-07-04,WTI,0.20873688673636062
2031-07-04,BTC,-0.0
2031-07-04,ETH,-0.0
2031-07-04,US10Y,-0.06438932809884745
2031-07-04,CN10Y,-0.0
2031-07-07,000300.SH,-0.0
2031-07-07,SPX,0.009181760732773667
2031-07-07,HSI,-0.0
2031-07-07,N225,-0.13454656026638032
2031-07-07,SX5E,0.1318844089645916
2031-07-07,000688.SH,0.022568869819661046
2031-07-07,SOX,-0.15227373832155633
2031-07-07,NDX,-0.047591037638463604
2031-07-07,XAU,0.04766347836237828
2031-07-07,COPPER,-0.04601936152728758
2031-07-07,WTI,0.2639744005058478
2031-07-07,BTC,-0.0
2031-07-07,ETH,-0.0
2031-07-07,US10Y,-0.09484222063156969
2031-07-07,CN10Y,-0.0
2031-07-08,000300.SH,-0.0
2031-07-08,SPX,-0.011616620439136343
2031-07-08,HSI,-0.0
2031-07-08,N225,-0.11538058036041457
2031-07-08,SX5E,0.12433655443316757
2031-07-08,000688.SH,0.02161568049787485
2031-07-08,SOX,-0.19953089960118459
2031-07-08,NDX,-0.028853056921096066
2031-07-08,XAU,0.03500359876431708
2031-07-08,COPPER,-0.03063039524059563
2031-07-08,WTI,0.2874708498313785
2031-07-08,BTC,-0.0
2031-07-08,ETH,-0.0
2031-07-08,US10Y,-0.08241513096431637
2031-07-08,CN10Y,-0.0
2031-07-09,000300.SH,-0.0
2031-07-09,SPX,-0.015934040831116002
2031-07-09,HSI,-0.0
2031-07-09,N225,-0.10533628541531923
2031-07-09,SX5E,0.10550374820795018
2031-07-09,000688.SH,0.04530771096308662
2031-07-09,SOX,-0.16079381856769526
2031-07-09,NDX,-0.023568722646866845
2031-07-09,XAU,0.012853108391156859
2031-07-09,COPPER,-0.03526038646457975
2031-07-09,WTI,0.2668458557833912
2031-07-09,BTC,-0.0
2031-07-09,ETH,-0.0
2031-07-09,US10Y,-0.08961716942001213
2031-07-09,CN10Y,-0.0
2031-07-10,000300.SH,-0.0
2031-07-10,SPX,0.0006194926245261037
2031-07-10,HSI,-0.0
2031-07-10,N225,-0.11322935399761788
2031-07-10,SX5E,0.07666455772489106
2031-07-10,000688.SH,-0.0031168327071917287
2031-07-10,SOX,-0.13646198639845467
2031-07-10,NDX,-0.03384142044811831
2031-07-10,XAU,0.03405324106103649
2031-07-10,COPPER,-0.03916268065777964
2031-07-10,WTI,0.295517129764677
2031-07-10,BTC,-0.0
2031-07-10,ETH,-0.0
2031-07-10,US10Y,-0.08104214696597219
2031-07-10,CN10Y,-0.0
2031-07-11,000300.SH,-0.0
2031-07-11,SPX,-0.004961761608753029
2031-07-11,HSI,-0.0
2031-07-11,N225,-0.14843997649518562
2031-07-11,SX5E,0.059107348127277665
2031-07-11,000688.SH,-0.04659482612838549
2031-07-11,SOX,-0.11265457438111984
2031-07-11,NDX,0.0011740141410816751
2031-07-11,XAU,0.051168587726033485
2031-07-11,COPPER,-0.03847886926471064
2031-07-11,WTI,0.3195132859427884
2031-07-11,BTC,-0.0
2031-07-11,ETH,-0.0
2031-07-11,US10Y,-0.0798332280590283
2031-07-11,CN10Y,-0.0
2031-07-14,000300.SH,-0.0
2031-07-14,SPX,0.014629664633567258
2031-07-14,HSI,-0.0
2031-07-14,N225,-0.13849216226732988
2031-07-14,SX5E,0.062025870785501515
2031-07-14,000688.SH,-0.06232454540829955
2031-07-14,SOX,-0.09860968687880053
2031-07-14,NDX,-0.011756469292987754
2031-07-14,XAU,0.0417224752649587
2031-07-14,COPPER,-0.000279701374860393
2031-07-14,WTI,0.2790130843505892
2031-07-14,BTC,-0.0
2031-07-14,ETH,-0.0
2031-07-14,US10Y,-0.08592852981233763
2031-07-14,CN10Y,-0.0
2031-07-15,000300.SH,-0.0
2031-07-15,SPX,0.004662016843528516
2031-07-15,HSI,-0.0
2031-07-15,N225,-0.13855404208434555
2031-07-15,SX5E,0.057011873773883046
2031-07-15,000688.SH,-0.1030384171692876
2031-07-15,SOX,-0.10305138912828944
2031-07-15,NDX,-0.025681767476225588
2031-07-15,XAU,0.0211224526499108
2031-07-15,COPPER,0.03674927507563954
2031-07-15,WTI,0.3289666991324179
2031-07-15,BTC,-0.0
2031-07-15,ETH,-0.0
2031-07-15,US10Y,-0.07818670161723289
2031-07-15,CN10Y,-0.0
2031-07-16,000300.SH,-0.0
2031-07-16,SPX,0.047199298573652355
2031-07-16,HSI,-0.0
2031-07-16,N225,-0.13580778174209995
2031-07-16,SX5E,0.030434794846126243
2031-07-16,000688.SH,-0.12401057062945309
2031-07-16,SOX,-0.10880818520189446
2031-07-16,NDX,0.01532580813762314
2031-07-16,XAU,0.029031958910678918
2031-07-16,COPPER,0.03680252263470161
2031-07-16,WTI,0.3005750656386304
2031-07-16,BTC,-0.0
2031-07-16,ETH,-0.0
2031-07-16,US10Y,-0.09074291116796657
2031-07-16,CN10Y,-0.0
2031-07-17,000300.SH,-0.0
2031-07-17,SPX,0.045769452747591144
2031-07-17,HSI,-0.0
2031-07-17,N225,-0.14128638991671183
2031-07-17,SX5E,0.022170134557919288
2031-07-17,000688.SH,-0.07785709584152924
2031-07-17,SOX,-0.08868214306337607
2031-07-17,NDX,0.024206376238847898
2031-07-17,XAU,0.023371956295452485
2031-07-17,COPPER,0.012039172649120095
2031-07-17,WTI,0.2338933778867037
2031-07-17,BTC,-0.0
2031-07-17,ETH,-0.0
2031-07-17,US10Y,-0.053624841554020676
2031-07-17,CN10Y,-0.0
2031-07-18,000300.SH,-0.0
2031-07-18,SPX,0.02642645597538395
2031-07-18,HSI,-0.0
2031-07-18,N225,-0.1294946875801339
2031-07-18,SX5E,0.002534827042984057
2031-07-18,000688.SH,-0.09431310581585665
2031-07-18,SOX,-0.06618575905081621
2031-07-18,NDX,0.01053643013272265
2031-07-18,XAU,0.01937535722031193
2031-07-18,COPPER,0.04353722076140059
2031-07-18,WTI,0.23980024434626093
2031-07-18,BTC,-0.0
2031-07-18,ETH,-0.0
2031-07-18,US10Y,-0.052216983032262305
2031-07-18,CN10Y,-0.0
2031-07-21,000300.SH,-0.0
2031-07-21,SPX,0.04548501555273394
2031-07-21,HSI,-0.0
2031-07-21,N225,-0.15000618602690535
2031-07-21,SX5E,-0.018241432405930395
2031-07-21,000688.SH,-0.08668384776320194
2031-07-21,SOX,-0.03307261776065454
2031-07-21,NDX,-0.00739616841164263
2031-07-21,XAU,0.022182605399323853
2031-07-21,COPPER,0.02252136438904583
2031-07-21,WTI,0.24630342348715623
2031-07-21,BTC,-0.0
2031-07-21,ETH,-0.0
2031-07-21,US10Y,-0.04109215645992966
2031-07-21,CN10Y,-0.0
2031-07-22,000300.SH,-0.0
2031-07-22,SPX,0.03135504074103148
2031-07-22,HSI,-0.0
2031-07-22,N225,-0.12026658496308593
2031-07-22,SX5E,-0.015177693345365055
2031-07-22,000688.SH,-0.07229139667097748
2031-07-22,SOX,-0.04684046832602225
2031-07-22,NDX,-0.01444119980817021
2031-07-22,XAU,0.023603130727436562
2031-07-22,COPPER,0.020108043126761167
2031-07-22,WTI,0.23255412804477585
2031-07-22,BTC,-0.0
2031-07-22,ETH,-0.0
2031-07-22,US10Y,-0.038602999526388564
2031-07-22,CN10Y,-0.0
2031-07-23,000300.SH,-0.0
2031-07-23,SPX,0.05376265455780761
2031-07-23,HSI,-0.0
2031-07-23,N225,-0.11464220721085121
2031-07-23,SX5E,-0.017387127149386856
2031-07-23,000688.SH,-0.06292740857892254
2031-07-23,SOX,-0.009377381473302878
2031-07-23,NDX,-0.02844884787385078
2031-07-23,XAU,0.04020252919820115
2031-07-23,COPPER,0.052362028469168674
2031-07-23,WTI,0.1521659681943687
2031-07-23,BTC,-0.0
2031-07-23,ETH,-0.0
2031-07-23,US10Y,-0.06571020813323553
2031-07-23,CN10Y,-0.0
2031-07-24,000300.SH,-0.0
2031-07-24,SPX,0.032571042384245734
2031-07-24,HSI,-0.0
2031-07-24,N225,-0.12753907083822089
2031-07-24,SX5E,-0.020255470579554624
2031-07-24,000688.SH,-0.04233933211557111
2031-07-24,SOX,-0.04007841830702266
2031-07-24,NDX,-0.0023558030638106565
2031-07-24,XAU,0.038273806712334574
2031-07-24,COPPER,0.0699511990867186
2031-07-24,WTI,0.16703488419313633
2031-07-24,BTC,-0.0
2031-07-24,ETH,-0.0
2031-07-24,US10Y,-0.07526283747225664
2031-07-24,CN10Y,-0.0
2031-07-25,000300.SH,-0.0
2031-07-25,SPX,0.02211926240373721
2031-07-25,HSI,-0.0
2031-07-25,N225,-0.13252644098670424
2031-07-25,SX5E,-0.018893742521640708
2031-07-25,000688.SH,-0.06668742625830244
2031-07-25,SOX,-0.04180162066060956
2031-07-25,NDX,0.014296060244748544
2031-07-25,XAU,0.0216309568309311
2031-07-25,COPPER,0.08420136518658232
2031-07-25,WTI,0.191492080363583
2031-07-25,BTC,-0.0
2031-07-25,ETH,-0.0
2031-07-25,US10Y,-0.07383049460232688
2031-07-25,CN10Y,-0.0
2031-07-28,000300.SH,-0.0
2031-07-28,SPX,0.0708528149689406
2031-07-28,HSI,-0.0
2031-07-28,N225,-0.1094391971599238
2031-07-28,SX5E,-0.0433467380738909
2031-07-28,000688.SH,-0.10338428933767074
2031-07-28,SOX,-0.06867373207693311
2031-07-28,NDX,0.013852415416904901
2031-07-28,XAU,0.0168823988336328
2031-07-28,COPPER,0.09154134291633767
2031-07-28,WTI,0.18457065993376795
2031-07-28,BTC,-0.0
2031-07-28,ETH,-0.0
2031-07-28,US10Y,-0.05285567542116787
2031-07-28,CN10Y,-0.0
2031-07-29,000300.SH,-0.0
2031-07-29,SPX,0.08656791215505168
2031-07-29,HSI,-0.0
2031-07-29,N225,-0.09827467893628575
2031-07-29,SX5E,-0.024524637551231725
2031-07-29,000688.SH,-0.07882890632976541
2031-07-29,SOX,-0.06441476000163865
2031-07-29,NDX,0.02477129133931283
2031-07-29,XAU,0.00867870694065016
2031-07-29,COPPER,0.1264617400703322
2031-07-29,WTI,0.07389874069844801
2031-07-29,BTC,-0.0
2031-07-29,ETH,-0.0
2031-07-29,US10Y,-0.054335408384873954
2031-07-29,CN10Y,-0.0
2031-07-30,000300.SH,-0.0
2031-07-30,SPX,0.10028286078921365
2031-07-30,HSI,-0.0
2031-07-30,N225,-0.07632401146633641
2031-07-30,SX5E,-0.028456457034669203
2031-07-30,000688.SH,-0.058833556550222585
2031-07-30,SOX,-0.007902985808649864
2031-07-30,NDX,0.04208445398286012
2031-07-30,XAU,0.0015712579612276742
2031-07-30,COPPER,0.08478395724111751
2031-07-30,WTI,0.003518363637805895
2031-07-30,BTC,-0.0
2031-07-30,ETH,-0.0
2031-07-30,US10Y,-0.060723882752352146
2031-07-30,CN10Y,-0.0
2031-07-31,000300.SH,-0.0
2031-07-31,SPX,0.13345387617716692
2031-07-31,HSI,-0.0
2031-07-31,N225,-0.05817215313077006
2031-07-31,SX5E,-0.02331330363855974
2031-07-31,000688.SH,-0.049466135013949974
2031-07-31,SOX,-0.04185847235299743
2031-07-31,NDX,0.03731921075415749
2031-07-31,XAU,0.008105535558021265
2031-07-31,COPPER,0.03454024327048799
2031-07-31,WTI,0.009314339838276271
2031-07-31,BTC,-0.0
2031-07-31,ETH,-0.0
2031-07-31,US10Y,-0.04992314146183756
2031-07-31,CN10Y,-0.0
2031-08-01,000300.SH,-0.0
2031-08-01,SPX,0.1354500059996053
2031-08-01,HSI,-0.0
2031-08-01,N225,-0.058319905739203995
2031-08-01,SX5E,-0.024904261932913563
2031-08-01,000688.SH,-0.06887998440863574
2031-08-01,SOX,-0.0024589351109092494
2031-08-01,NDX,0.05036903576622183
2031-08-01,XAU,0.013647195421945226
2031-08-01,COPPER,0.008599636856464934
2031-08-01,WTI,0.017852316158581634
2031-08-01,BTC,-0.0
2031-08-01,ETH,-0.0
2031-08-01,US10Y,-0.07135510301116427
2031-08-01,CN10Y,-0.0
2031-08-04,000300.SH,-0.0
2031-08-04,SPX,0.10260954440802589
2031-08-04,HSI,-0.0
2031-08-04,N225,-0.024763875867310492
2031-08-04,SX5E,-0.04396402567369292
2031-08-04,000688.SH,-0.07914409002922146
2031-08-04,SOX,0.04936594603716467
2031-08-04,NDX,0.06870100252965072
2031-08-04,XAU,0.0046093757452133725
2031-08-04,COPPER,-0.023510222401660643
2031-08-04,WTI,-0.0049987372345495044
2031-08-04,BTC,-0.0
2031-08-04,ETH,-0.0
2031-08-04,US10Y,-0.04890491751362634
2031-08-04,CN10Y,-0.0
2031-08-05,000300.SH,-0.0
2031-08-05,SPX,0.11198026857360244
2031-08-05,HSI,-0.0
2031-08-05,N225,-0.028366966937981884
2031-08-05,SX5E,-0.0412507148578166
2031-08-05,000688.SH,-0.0905666411729334
2031-08-05,SOX,0.10858421079562376
2031-08-05,NDX,0.03176298249179205
2031-08-05,XAU,0.015122138583735165
2031-08-05,COPPER,-0.026803165169688836
2031-08-05,WTI,-0.005126197825571152
2031-08-05,BTC,-0.0
2031-08-05,ETH,-0.0
2031-08-05,US10Y,-0.0753359144807685
2031-08-05,CN10Y,-0.0
2031-08-06,000300.SH,-0.0
2031-08-06,SPX,0.11292243380130247
2031-08-06,HSI,-0.0
2031-08-06,N225,-0.04089778578280349
2031-08-06,SX5E,-0.06002112569394375
2031-08-06,000688.SH,-0.12401589402140697
2031-08-06,SOX,0.07958351162158246
2031-08-06,NDX,0.05159635542125075
2031-08-06,XAU,0.01673105370235669
2031-08-06,COPPER,-0.01136478251140957
2031-08-06,WTI,0.030793253862125725
2031-08-06,BTC,-0.0
2031-08-06,ETH,-0.0
2031-08-06,US10Y,-0.055327020399060615
2031-08-06,CN10Y,-0.0
2031-08-07,000300.SH,-0.0
2031-08-07,SPX,0.12698200152291425
2031-08-07,HSI,-0.0
2031-08-07,N225,-0.04816013471420121
2031-08-07,SX5E,-0.04166573089959238
2031-08-07,000688.SH,-0.05619461440554289
2031-08-07,SOX,0.05655390112706746
2031-08-07,NDX,0.03777028684132395
2031-08-07,XAU,-0.018999708720485953
2031-08-07,COPPER,-0.022185896365581027
2031-08-07,WTI,0.010917097509362716
2031-08-07,BTC,-0.0
2031-08-07,ETH,-0.0
2031-08-07,US10Y,-0.04501720189526988
2031-08-07,CN10Y,-0.0
2031-08-08,000300.SH,-0.0
2031-08-08,SPX,0.11395930319860557
2031-08-08,HSI,-0.0
2031-08-08,N225,-0.010773351677881227
2031-08-08,SX5E,-0.03815857834074808
2031-08-08,000688.SH,-0.0164034481282267
2031-08-08,SOX,-0.008070004098730058
2031-08-08,NDX,0.02236976762740691
2031-08-08,XAU,-0.011686789727546745
2031-08-08,COPPER,-0.010942805510809247
2031-08-08,WTI,-0.005384188569822819
2031-08-08,BTC,-0.0
2031-08-08,ETH,-0.0
2031-08-08,US10Y,-0.034909904772254814
2031-08-08,CN10Y,-0.0
2031-08-11,000300.SH,-0.0
2031-08-11,SPX,0.1022067669597356
2031-08-11,HSI,-0.0
2031-08-11,N225,0.004465367141772557
2031-08-11,SX5E,-0.039325005491441696
2031-08-11,000688.SH,0.007556556084510229
2031-08-11,SOX,-0.027709666157270923
2031-08-11,NDX,0.05929191085872993
2031-08-11,XAU,-0.01964268804768461
2031-08-11,COPPER,-0.02921047007025996
2031-08-11,WTI,-0.015222377749631394
2031-08-11,BTC,-0.0
2031-08-11,ETH,-0.0
2031-08-11,US10Y,-0.042410393528470584
2031-08-11,CN10Y,-0.0
2031-08-12,000300.SH,-0.0
2031-08-12,SPX,0.10089403636495879
2031-08-12,HSI,-0.0
2031-08-12,N225,0.012601245783062022
2031-08-12,SX5E,-0.07074631647776958
2031-08-12,000688.SH,0.06583576392209087
2031-08-12,SOX,-0.0020870448193686317
2031-08-12,NDX,0.03788127470085872
2031-08-12,XAU,-0.004520744898991754
2031-08-12,COPPER,-0.03816780036722044
2031-08-12,WTI,-0.04836280531780436
2031-08-12,BTC,-0.0
2031-08-12,ETH,-0.0
2031-08-12,US10Y,-0.05332760888982267
2031-08-12,CN10Y,-0.0
2031-08-13,000300.SH,-0.0
2031-08-13,SPX,0.06456640342894694
2031-08-13,HSI,-0.0
2031-08-13,N225,0.03245656808985401
2031-08-13,SX5E,-0.059211258897723246
2031-08-13,000688.SH,0.0751977419817805
2031-08-13,SOX,-0.014116974270288716
2031-08-13,NDX,0.022790526635550975
2031-08-13,XAU,-0.01203637363884588
2031-08-13,COPPER,-0.0466323825382691
2031-08-13,WTI,-0.019352161229148616
2031-08-13,BTC,-0.0
2031-08-13,ETH,-0.0
2031-08-13,US10Y,-0.04366208956186523
2031-08-13,CN10Y,-0.0
2031-08-14,000300.SH,-0.0
2031-08-14,SPX,0.06872224278031783
2031-08-14,HSI,-0.0
2031-08-14,N225,0.023090205885210473
2031-08-14,SX5E,-0.05167642426361869
2031-08-14,000688.SH,0.09552788402004526
2031-08-14,SOX,-0.05730340858459448
2031-08-14,NDX,-0.005062308841848426
2031-08-14,XAU,-0.02570978528854812
2031-08-14,COPPER,-0.04246156193972552
2031-08-14,WTI,0.04770479667155861
2031-08-14,BTC,-0.0
2031-08-14,ETH,-0.0
2031-08-14,US10Y,-0.05283164043880285
2031-08-14,CN10Y,-0.0
2031-08-15,000300.SH,-0.0
2031-08-15,SPX,0.06354229938078647
2031-08-15,HSI,-0.0
2031-08-15,N225,0.03502636127617675
2031-08-15,SX5E,-0.06282137169781622
2031-08-15,000688.SH,0.03544975741467644
2031-08-15,SOX,-0.06303962423759968
2031-08-15,NDX,-0.04031222715187682
2031-08-15,XAU,-0.024194010981331063
2031-08-15,COPPER,-0.008761215539281775
2031-08-15,WTI,0.11886216789982876
2031-08-15,BTC,-0.0
2031-08-15,ETH,-0.0
2031-08-15,US10Y,-0.053752136363570346
2031-08-15,CN10Y,-0.0
2031-08-18,000300.SH,-0.0
2031-08-18,SPX,0.0662925799138218
2031-08-18,HSI,-0.0
2031-08-18,N225,0.04596995378194159
2031-08-18,SX5E,-0.07349237525007432
2031-08-18,000688.SH,0.09502452329392712
2031-08-18,SOX,-0.07628907941848831
2031-08-18,NDX,-0.059974056452072946
2031-08-18,XAU,-0.028828016749236796
2031-08-18,COPPER,-0.002063363167606691
2031-08-18,WTI,0.11508841348027368
2031-08-18,BTC,-0.0
2031-08-18,ETH,-0.0
2031-08-18,US10Y,-0.08172857943249458
2031-08-18,CN10Y,-0.0
2031-08-19,000300.SH,-0.0
2031-08-19,SPX,0.051004823364249316
2031-08-19,HSI,-0.0
2031-08-19,N225,0.05270746888791133
2031-08-19,SX5E,-0.07126598340431119
2031-08-19,000688.SH,0.05901139261870391
2031-08-19,SOX,-0.09191178713258878
2031-08-19,NDX,-0.035625783293845026
2031-08-19,XAU,-0.030579999348134837
2031-08-19,COPPER,0.032739886236295486
2031-08-19,WTI,0.1070590584454509
2031-08-19,BTC,-0.0
2031-08-19,ETH,-0.0
2031-08-19,US10Y,-0.0731390763737405
2031-08-19,CN10Y,-0.0
2031-08-20,000300.SH,-0.0
2031-08-20,SPX,0.02280226039306071
2031-08-20,HSI,-0.0
2031-08-20,N225,0.04672465607325703
2031-08-20,SX5E,-0.07789281413595234
2031-08-20,000688.SH,0.061524186475972485
2031-08-20,SOX,-0.048575823839112395
2031-08-20,NDX,-0.0326111670665881
2031-08-20,XAU,-0.03329036135470483
2031-08-20,COPPER,0.01807600218427593
2031-08-20,WTI,0.10420533367182101
2031-08-20,BTC,-0.0
2031-08-20,ETH,-0.0
2031-08-20,US10Y,-0.06096227240203781
2031-08-20,CN10Y,-0.0
2031-08-21,000300.SH,-0.0
2031-08-21,SPX,0.022572954046664265
2031-08-21,HSI,-0.0
2031-08-21,N225,0.0806509041540525
2031-08-21,SX5E,-0.0689143626948015
2031-08-21,000688.SH,0.03538214812827478
2031-08-21,SOX,-0.058665513872897895
2031-08-21,NDX,-0.018015897581467023
2031-08-21,XAU,-0.04719451149670869
2031-08-21,COPPER,-0.02246458021196503
2031-08-21,WTI,0.12156615123558676
2031-08-21,BTC,-0.0
2031-08-21,ETH,-0.0
2031-08-21,US10Y,-0.044917291706748526
2031-08-21,CN10Y,-0.0
2031-08-22,000300.SH,-0.0
2031-08-22,SPX,0.008204364487641586
2031-08-22,HSI,-0.0
2031-08-22,N225,0.11071643014508767
2031-08-22,SX5E,-0.04552584135152897
2031-08-22,000688.SH,0.05135700501467052
2031-08-22,SOX,-0.05494449132348735
2031-08-22,NDX,-0.017043670357025302
2031-08-22,XAU,-0.07042533311967686
2031-08-22,COPPER,-0.040339085915318845
2031-08-22,WTI,0.10337589800859834
2031-08-22,BTC,-0.0
2031-08-22,ETH,-0.0
2031-08-22,US10Y,-0.04537527558897009
2031-08-22,CN10Y,-0.0
2031-08-25,000300.SH,-0.0
2031-08-25,SPX,-0.010436020144324546
2031-08-25,HSI,-0.0
2031-08-25,N225,0.10988262913630745
2031-08-25,SX5E,-0.030140419483468996
2031-08-25,000688.SH,0.03937529642652261
2031-08-25,SOX,-0.0416695463193371
2031-08-25,NDX,-0.01871512523904148
2031-08-25,XAU,-0.04450938199265756
2031-08-25,COPPER,-0.06237228770079779
2031-08-25,WTI,0.09519981659431274
2031-08-25,BTC,-0.0
2031-08-25,ETH,-0.0
2031-08-25,US10Y,-0.036614961277524116
2031-08-25,CN10Y,-0.0
2031-08-26,000300.SH,-0.0
2031-08-26,SPX,-0.040110584226854915
2031-08-26,HSI,-0.0
2031-08-26,N225,0.09155273937518199
2031-08-26,SX5E,-0.041928919736021336
2031-08-26,000688.SH,0.08372851518967789
2031-08-26,SOX,-0.009321544877757727
2031-08-26,NDX,-0.041990904984403256
2031-08-26,XAU,-0.053816079120837364
2031-08-26,COPPER,-0.06130250539127029
2031-08-26,WTI,0.11012976513330772
2031-08-26,BTC,-0.0
2031-08-26,ETH,-0.0
2031-08-26,US10Y,-0.03694048136103157
2031-08-26,CN10Y,-0.0
2031-08-27,000300.SH,-0.0
2031-08-27,SPX,-0.03760677370121023
2031-08-27,HSI,-0.0
2031-08-27,N225,0.08834361242964181
2031-08-27,SX5E,-0.017759520431086126
2031-08-27,000688.SH,0.06341428804855492
2031-08-27,SOX,-0.047186949744963375
2031-08-27,NDX,-0.05534440132903853
2031-08-27,XAU,-0.05229588627490221
2031-08-27,COPPER,-0.023997001415511567
2031-08-27,WTI,0.12079199141496091
2031-08-27,BTC,-0.0
2031-08-27,ETH,-0.0
2031-08-27,US10Y,-0.038359358996452084
2031-08-27,CN10Y,-0.0
2031-08-28,000300.SH,-0.0
2031-08-28,SPX,-0.04140021619030027
2031-08-28,HSI,-0.0
2031-08-28,N225,0.08742497886820802
2031-08-28,SX5E,-0.024911309342410117
2031-08-28,000688.SH,0.046945165170229085
2031-08-28,SOX,-0.0554506728034433
2031-08-28,NDX,-0.047182058148896436
2031-08-28,XAU,-0.06723792730760837
2031-08-28,COPPER,-0.001606929383568643
2031-08-28,WTI,0.15100142395162647
2031-08-28,BTC,-0.0
2031-08-28,ETH,-0.0
2031-08-28,US10Y,-0.04758245481384278
2031-08-28,CN10Y,-0.0
2031-08-29,000300.SH,-0.0
2031-08-29,SPX,-0.06197360192516225
2031-08-29,HSI,-0.0
2031-08-29,N225,0.0882458154439185
2031-08-29,SX5E,-0.028416397739066755
2031-08-29,000688.SH,0.09066791886923634
2031-08-29,SOX,-0.13384276364544412
2031-08-29,NDX,-0.056529718474010594
2031-08-29,XAU,-0.06300017481009326
2031-08-29,COPPER,0.05444476086408716
2031-08-29,WTI,0.1453140588347629
2031-08-29,BTC,-0.0
2031-08-29,ETH,-0.0
2031-08-29,US10Y,-0.03490989741823018
2031-08-29,CN10Y,-0.0
2031-09-01,000300.SH,-0.0
2031-09-01,SPX,-0.04087696124887956
2031-09-01,HSI,-0.0
2031-09-01,N225,0.07849688279378583
2031-09-01,SX5E,-0.017246595926372364
2031-09-01,000688.SH,0.07761642710048051
2031-09-01,SOX,-0.1766062839421435
2031-09-01,NDX,-0.06317977290782481
2031-09-01,XAU,-0.04007345829214658
2031-09-01,COPPER,0.08842865791676931
2031-09-01,WTI,0.1496221171371318
2031-09-01,BTC,-0.0
2031-09-01,ETH,-0.0
2031-09-01,US10Y,-0.056181012630803565
2031-09-01,CN10Y,-0.0
2031-09-02,000300.SH,-0.0
2031-09-02,SPX,-0.02820623768112883
2031-09-02,HSI,-0.0
2031-09-02,N225,0.07521090750597519
2031-09-02,SX5E,-0.03299593026307705
2031-09-02,000688.SH,0.11834916387003544
2031-09-02,SOX,-0.18043650157228663
2031-09-02,NDX,-0.04114015374739809
2031-09-02,XAU,-0.057954793301953474
2031-09-02,COPPER,0.06780597250724418
2031-09-02,WTI,0.13297099767060133
2031-09-02,BTC,-0.0
2031-09-02,ETH,-0.0
2031-09-02,US10Y,-0.053603424988012766
2031-09-02,CN10Y,-0.0
2031-09-03,000300.SH,-0.0
2031-09-03,SPX,-0.017008807517882023
2031-09-03,HSI,-0.0
2031-09-03,N225,0.0806112240220618
2031-09-03,SX5E,-0.00787320092313673
2031-09-03,000688.SH,0.17493384489632863
2031-09-03,SOX,-0.21434368562452305
2031-09-03,NDX,-0.05172289261773567
2031-09-03,XAU,-0.051153484021186545
2031-09-03,COPPER,0.09642368490533193
2031-09-03,WTI,0.04893301925394129
2031-09-03,BTC,-0.0
2031-09-03,ETH,-0.0
2031-09-03,US10Y,-0.058799702373202145
2031-09-03,CN10Y,-0.0
2031-09-04,000300.SH,-0.0
2031-09-04,SPX,-0.013297464607604788
2031-09-04,HSI,-0.0
2031-09-04,N225,0.10472579802017651
2031-09-04,SX5E,0.015991871702557912
2031-09-04,000688.SH,0.13463917806694953
2031-09-04,SOX,-0.22451530156829808
2031-09-04,NDX,-0.04034584101239823
2031-09-04,XAU,-0.026151669975398195
2031-09-04,COPPER,0.08591802713572522
2031-09-04,WTI,0.03342682026178166
2031-09-04,BTC,-0.0
2031-09-04,ETH,-0.0
2031-09-04,US10Y,-0.07039141802349302
2031-09-04,CN10Y,-0.0
2031-09-05,000300.SH,-0.0
2031-09-05,SPX,-0.030419785052014387
2031-09-05,HSI,-0.0
2031-09-05,N225,0.13108070122053875
2031-09-05,SX5E,0.03678159194462442
2031-09-05,000688.SH,0.0890911822899258
2031-09-05,SOX,-0.17762791302183317
2031-09-05,NDX,-0.06281723823634411
2031-09-05,XAU,-0.02440015178726239
2031-09-05,COPPER,0.07585560637926367
2031-09-05,WTI,0.04780478800066927
2031-09-05,BTC,-0.0
2031-09-05,ETH,-0.0
2031-09-05,US10Y,-0.08534878173756734
2031-09-05,CN10Y,-0.0
2031-09-08,000300.SH,-0.0
2031-09-08,SPX,-0.024031024693343127
2031-09-08,HSI,-0.0
2031-09-08,N225,0.11503792600085906
2031-09-08,SX5E,0.03902838432099234
2031-09-08,000688.SH,0.06814648492132747
2031-09-08,SOX,-0.17070429978814308
2031-09-08,NDX,-0.09732585377884079
2031-09-08,XAU,-0.018938193250637666
2031-09-08,COPPER,0.059552860163353497
2031-09-08,WTI,0.10651800869879999
2031-09-08,BTC,-0.0
2031-09-08,ETH,-0.0
2031-09-08,US10Y,-0.07728429259436666
2031-09-08,CN10Y,-0.0
2031-09-09,000300.SH,-0.0
2031-09-09,SPX,-0.021854129969624374
2031-09-09,HSI,-0.0
2031-09-09,N225,0.08479097285092796
2031-09-09,SX5E,0.03592600730572762
2031-09-09,000688.SH,0.1265399428349407
2031-09-09,SOX,-0.19857043702968857
2031-09-09,NDX,-0.07099823574454246
2031-09-09,XAU,-0.03296102248496746
2031-09-09,COPPER,0.08229030704864398
2031-09-09,WTI,0.0843824261203564
2031-09-09,BTC,-0.0
2031-09-09,ETH,-0.0
2031-09-09,US10Y,-0.089545830931775
2031-09-09,CN10Y,-0.0
2031-09-10,000300.SH,-0.0
2031-09-10,SPX,-0.009835817194013323
2031-09-10,HSI,-0.0
2031-09-10,N225,0.05839868715689772
2031-09-10,SX5E,0.016884642105682784
2031-09-10,000688.SH,0.1714276386517538
2031-09-10,SOX,-0.22263491236444033
2031-09-10,NDX,-0.06063922705559744
2031-09-10,XAU,-0.012491332792171322
2031-09-10,COPPER,0.10026351340724111
2031-09-10,WTI,0.04332959904573752
2031-09-10,BTC,-0.0
2031-09-10,ETH,-0.0
2031-09-10,US10Y,-0.0847027909610909
2031-09-10,CN10Y,-0.0
2031-09-11,000300.SH,-0.0
2031-09-11,SPX,-0.02919101976656768
2031-09-11,HSI,-0.0
2031-09-11,N225,0.0726554538987528
2031-09-11,SX5E,-0.0016101061103682215
2031-09-11,000688.SH,0.149031949365055
2031-09-11,SOX,-0.16824577498487947
2031-09-11,NDX,-0.04992479320169315
2031-09-11,XAU,-0.010068904030574562
2031-09-11,COPPER,0.11509413215233652
2031-09-11,WTI,0.014831398940254516
2031-09-11,BTC,-0.0
2031-09-11,ETH,-0.0
2031-09-11,US10Y,-0.09257233626231887
2031-09-11,CN10Y,-0.0
2031-09-12,000300.SH,-0.0
2031-09-12,SPX,-0.033304010387467026
2031-09-12,HSI,-0.0
2031-09-12,N225,0.0769262084119589
2031-09-12,SX5E,0.017915265134704587
2031-09-12,000688.SH,0.18030892846666075
2031-09-12,SOX,-0.16903162274043562
2031-09-12,NDX,-0.04016896563581328
2031-09-12,XAU,-0.0012525209481493516
2031-09-12,COPPER,0.09151627702621602
2031-09-12,WTI,-0.03105434496822624
2031-09-12,BTC,-0.0
2031-09-12,ETH,-0.0
2031-09-12,US10Y,-0.09185521435944896
2031-09-12,CN10Y,-0.0
2031-09-15,000300.SH,-0.0
2031-09-15,SPX,-0.044432193461269746
2031-09-15,HSI,-0.0
2031-09-15,N225,0.06471059266484154
2031-09-15,SX5E,0.014978792737169191
2031-09-15,000688.SH,0.09281817163499578
2031-09-15,SOX,-0.15070895443821208
2031-09-15,NDX,0.015322407323475454
2031-09-15,XAU,0.0026284324045466583
2031-09-15,COPPER,0.07208686914718962
2031-09-15,WTI,-0.0056689782689590615
2031-09-15,BTC,-0.0
2031-09-15,ETH,-0.0
2031-09-15,US10Y,-0.061735139743774155
2031-09-15,CN10Y,-0.0
2031-09-16,000300.SH,-0.0
2031-09-16,SPX,-0.06187204597424934
2031-09-16,HSI,-0.0
2031-09-16,N225,0.07454440319900962
2031-09-16,SX5E,0.03013645444531542
2031-09-16,000688.SH,0.11529146501048941
2031-09-16,SOX,-0.14171354696640615
2031-09-16,NDX,-0.014725719233194857
2031-09-16,XAU,0.00022762763563965484
2031-09-16,COPPER,0.07293062511813549
2031-09-16,WTI,0.007111920269874298
2031-09-16,BTC,-0.0
2031-09-16,ETH,-0.0
2031-09-16,US10Y,-0.08193118350460961
2031-09-16,CN10Y,-0.0
2031-09-17,000300.SH,-0.0
2031-09-17,SPX,-0.054073095629676174
2031-09-17,HSI,-0.0
2031-09-17,N225,0.04991645846631081
2031-09-17,SX5E,0.027285240635014512
2031-09-17,000688.SH,0.1407143920636964
2031-09-17,SOX,-0.20424405765386527
2031-09-17,NDX,0.009973819315013448
2031-09-17,XAU,0.011296604902588697
2031-09-17,COPPER,0.06008251314514203
2031-09-17,WTI,0.0322788328861733
2031-09-17,BTC,-0.0
2031-09-17,ETH,-0.0
2031-09-17,US10Y,-0.07323070813039616
2031-09-17,CN10Y,-0.0
2031-09-18,000300.SH,-0.0
2031-09-18,SPX,-0.05977798320667616
2031-09-18,HSI,-0.0
2031-09-18,N225,0.050366643586529446
2031-09-18,SX5E,0.02167883966192458
2031-09-18,000688.SH,0.16667396225969322
2031-09-18,SOX,-0.1444449463326342
2031-09-18,NDX,-0.039489363783040535
2031-09-18,XAU,0.04335279863624793
2031-09-18,COPPER,0.055327281644577286
2031-09-18,WTI,0.0024564675428502616
2031-09-18,BTC,-0.0
2031-09-18,ETH,-0.0
2031-09-18,US10Y,-0.09614370000946822
2031-09-18,CN10Y,-0.0
2031-09-19,000300.SH,-0.0
2031-09-19,SPX,-0.059403107935345895
2031-09-19,HSI,-0.0
2031-09-19,N225,0.004307266181963299
2031-09-19,SX5E,0.007099344877080459
2031-09-19,000688.SH,0.16832823732414268
2031-09-19,SOX,-0.16863150601229981
2031-09-19,NDX,-0.053701447809644434
2031-09-19,XAU,0.07701822802717298
2031-09-19,COPPER,0.08817811056205134
2031-09-19,WTI,0.02132793428207025
2031-09-19,BTC,-0.0
2031-09-19,ETH,-0.0
2031-09-19,US10Y,-0.08452305949718666
2031-09-19,CN10Y,-0.0
2031-09-22,000300.SH,-0.0
2031-09-22,SPX,-0.07161517146686594
2031-09-22,HSI,-0.0
2031-09-22,N225,-0.030423236607723746
2031-09-22,SX5E,0.004754882468552318
2031-09-22,000688.SH,0.20044356768373675
2031-09-22,SOX,-0.12840854066702556
2031-09-22,NDX,-0.05536949238305823
2031-09-22,XAU,0.07534435291353395
2031-09-22,COPPER,0.09375584958303741
2031-09-22,WTI,0.014144817478562496
2031-09-22,BTC,-0.0
2031-09-22,ETH,-0.0
2031-09-22,US10Y,-0.10262702900274413
2031-09-22,CN10Y,-0.0
2031-09-23,000300.SH,-0.0
2031-09-23,SPX,-0.07859808552431499
2031-09-23,HSI,-0.0
2031-09-23,N225,-0.026984365594782442
2031-09-23,SX5E,0.002172887960472366
2031-09-23,000688.SH,0.1567508706798932
2031-09-23,SOX,-0.11407832099311851
2031-09-23,NDX,-0.04145855651077346
2031-09-23,XAU,0.05753970142469663
2031-09-23,COPPER,0.08370229644691751
2031-09-23,WTI,0.04586737323750676
2031-09-23,BTC,-0.0
2031-09-23,ETH,-0.0
2031-09-23,US10Y,-0.08491380112649284
2031-09-23,CN10Y,-0.0
2031-09-24,000300.SH,-0.0
2031-09-24,SPX,-0.05928740701769525
2031-09-24,HSI,-0.0
2031-09-24,N225,-0.03733813840199296
2031-09-24,SX5E,-0.027933283131605775
2031-09-24,000688.SH,0.1797407638102623
2031-09-24,SOX,-0.09841304593830878
2031-09-24,NDX,-0.07182739449218167
2031-09-24,XAU,0.04643266326431629
2031-09-24,COPPER,0.05224733498540926
2031-09-24,WTI,0.10253135896170826
2031-09-24,BTC,-0.0
2031-09-24,ETH,-0.0
2031-09-24,US10Y,-0.08615285203990782
2031-09-24,CN10Y,-0.0
2031-09-25,000300.SH,-0.0
2031-09-25,SPX,-0.06861841378351803
2031-09-25,HSI,-0.0
2031-09-25,N225,-0.03927702829341096
2031-09-25,SX5E,-0.036810660318796415
2031-09-25,000688.SH,0.15976459834692605
2031-09-25,SOX,-0.04754270866808081
2031-09-25,NDX,-0.10632436723278449
2031-09-25,XAU,0.057615528872914955
2031-09-25,COPPER,0.06861746255111464
2031-09-25,WTI,0.08376491907830325
2031-09-25,BTC,-0.0
2031-09-25,ETH,-0.0
2031-09-25,US10Y,-0.07118933055266526
2031-09-25,CN10Y,-0.0
2031-09-26,000300.SH,-0.0
2031-09-26,SPX,-0.04433157420252505
2031-09-26,HSI,-0.0
2031-09-26,N225,-0.026207408350143378
2031-09-26,SX5E,-0.010522304058214707
2031-09-26,000688.SH,0.12555083447917534
2031-09-26,SOX,-0.02392241766062857
2031-09-26,NDX,-0.12008135820497054
2031-09-26,XAU,0.06031723861364424
2031-09-26,COPPER,0.0495391270923449
2031-09-26,WTI,0.05403092729671085
2031-09-26,BTC,-0.0
2031-09-26,ETH,-0.0
2031-09-26,US10Y,-0.06437306500539137
2031-09-26,CN10Y,-0.0
2031-09-29,000300.SH,-0.0
2031-09-29,SPX,-0.038575059441494065
2031-09-29,HSI,-0.0
2031-09-29,N225,-0.025651676486336178
2031-09-29,SX5E,-0.0077195364683545955
2031-09-29,000688.SH,0.09960006863849022
2031-09-29,SOX,-0.034964427069747214
2031-09-29,NDX,-0.11930369812125492
2031-09-29,XAU,0.07274575177469508
2031-09-29,COPPER,0.04004103682632053
2031-09-29,WTI,0.07339672238550486
2031-09-29,BTC,-0.0
2031-09-29,ETH,-0.0
2031-09-29,US10Y,-0.05956918203782135
2031-09-29,CN10Y,-0.0
2031-09-30,000300.SH,-0.0
2031-09-30,SPX,-0.053081816436020134
2031-09-30,HSI,-0.0
2031-09-30,N225,-0.0247957758981301
2031-09-30,SX5E,0.0026884242215845944
2031-09-30,000688.SH,0.11960753276993832
2031-09-30,SOX,-0.04444574458501016
2031-09-30,NDX,-0.0983963079149843
2031-09-30,XAU,0.0658470102994329
2031-09-30,COPPER,0.025093080375258574
2031-09-30,WTI,0.060360284073627285
2031-09-30,BTC,-0.0
2031-09-30,ETH,-0.0
2031-09-30,US10Y,-0.05287668690569454
2031-09-30,CN10Y,-0.0
2031-10-01,000300.SH,-0.0
2031-10-01,SPX,-0.07732725086702087
2031-10-01,HSI,-0.0
2031-10-01,N225,-0.033748306627327106
2031-10-01,SX5E,0.01993749095202023
2031-10-01,000688.SH,0.10059226963056431
2031-10-01,SOX,-0.017876418615671415
2031-10-01,NDX,-0.11277506298093444
2031-10-01,XAU,0.07567298977503412
2031-10-01,COPPER,0.018074249696932217
2031-10-01,WTI,0.07324720107027897
2031-10-01,BTC,-0.0
2031-10-01,ETH,-0.0
2031-10-01,US10Y,-0.045797162033872844
2031-10-01,CN10Y,-0.0
2031-10-02,000300.SH,-0.0
2031-10-02,SPX,-0.08641989322549204
2031-10-02,HSI,-0.0
2031-10-02,N225,-0.04011998381336958
2031-10-02,SX5E,-0.02424713704099194
2031-10-02,000688.SH,0.08752106715793376
2031-10-02,SOX,-0.022824468945646548
2031-10-02,NDX,-0.08159759576793718
2031-10-02,XAU,0.08553602681139583
2031-10-02,COPPER,0.01935247896438766
2031-10-02,WTI,0.11366927954475875
2031-10-02,BTC,-0.0
2031-10-02,ETH,-0.0
2031-10-02,US10Y,-0.05086977368503584
2031-10-02,CN10Y,-0.0
2031-10-03,000300.SH,-0.0
2031-10-03,SPX,-0.047629179993364815
2031-10-03,HSI,-0.0
2031-10-03,N225,-0.05876514884726969
2031-10-03,SX5E,-0.031913753229754205
2031-10-03,000688.SH,0.10293225393342952
2031-10-03,SOX,-0.08023356801695593
2031-10-03,NDX,-0.08167304519844781
2031-10-03,XAU,0.07478622094620804
2031-10-03,COPPER,0.025143846740006907
2031-10-03,WTI,0.12597063712987425
2031-10-03,BTC,-0.0
2031-10-03,ETH,-0.0
2031-10-03,US10Y,-0.028618263463724303
2031-10-03,CN10Y,-0.0
2031-10-06,000300.SH,-0.0
2031-10-06,SPX,-0.02861409257363293
2031-10-06,HSI,-0.0
2031-10-06,N225,-0.06563677924599541
2031-10-06,SX5E,-0.04530247411001127
2031-10-06,000688.SH,0.10771947602920083
2031-10-06,SOX,-0.056349422907035464
2031-10-06,NDX,-0.09751251370953218
2031-10-06,XAU,0.075937665957314
2031-10-06,COPPER,0.049012993065406366
2031-10-06,WTI,0.09636866901738955
2031-10-06,BTC,-0.0
2031-10-06,ETH,-0.0
2031-10-06,US10Y,-0.03562352152310219
2031-10-06,CN10Y,-0.0
2031-10-07,000300.SH,-0.0
2031-10-07,SPX,-0.03231041180143287
2031-10-07,HSI,-0.0
2031-10-07,N225,-0.03336580825740098
2031-10-07,SX5E,-0.031838090050319436
2031-10-07,000688.SH,0.014163509293934767
2031-10-07,SOX,-0.036016430613006314
2031-10-07,NDX,-0.13181745727082764
2031-10-07,XAU,0.10106090849421917
2031-10-07,COPPER,0.032623474547098866
2031-10-07,WTI,0.1362774342050943
2031-10-07,BTC,-0.0
2031-10-07,ETH,-0.0
2031-10-07,US10Y,-0.018777128547359256
2031-10-07,CN10Y,-0.0
2031-10-08,000300.SH,-0.0
2031-10-08,SPX,-0.05603397159769617
2031-10-08,HSI,-0.0
2031-10-08,N225,-0.02531595731513912
2031-10-08,SX5E,0.009007481365951508
2031-10-08,000688.SH,-0.030542867206225774
2031-10-08,SOX,-0.010825691879998047
2031-10-08,NDX,-0.12002008406101017
2031-10-08,XAU,0.053263074966787456
2031-10-08,COPPER,0.018835976785463185
2031-10-08,WTI,0.17846802064609987
2031-10-08,BTC,-0.0
2031-10-08,ETH,-0.0
2031-10-08,US10Y,-0.0168359817042313
2031-10-08,CN10Y,-0.0
2031-10-09,000300.SH,-0.0
2031-10-09,SPX,-0.047469832212055696
2031-10-09,HSI,-0.0
2031-10-09,N225,-0.009349111207075463
2031-10-09,SX5E,0.018848815659279212
2031-10-09,000688.SH,-0.03191821447978955
2031-10-09,SOX,-0.033625473802913586
2031-10-09,NDX,-0.10931291279220781
2031-10-09,XAU,0.03679419684195821
2031-10-09,COPPER,0.05534159726540729
2031-10-09,WTI,0.13785233534210795
2031-10-09,BTC,-0.0
2031-10-09,ETH,-0.0
2031-10-09,US10Y,-0.017161400614707972
2031-10-09,CN10Y,-0.0
2031-10-10,000300.SH,-0.0
2031-10-10,SPX,-0.028227636846562335
2031-10-10,HSI,-0.0
2031-10-10,N225,-0.03693015284225208
2031-10-10,SX5E,0.006684554750126111
2031-10-10,000688.SH,0.0011989259349540586
2031-10-10,SOX,-0.03693156584451098
2031-10-10,NDX,-0.09517659526425364
2031-10-10,XAU,0.03397807138491948
2031-10-10,COPPER,0.041283331733805266
2031-10-10,WTI,0.13557377183400943
2031-10-10,BTC,-0.0
2031-10-10,ETH,-0.0
2031-10-10,US10Y,-0.02145270484023326
2031-10-10,CN10Y,-0.0
2031-10-13,000300.SH,-0.0
2031-10-13,SPX,-0.008026506851428937
2031-10-13,HSI,-0.0
2031-10-13,N225,0.002117343268712591
2031-10-13,SX5E,0.021088725260598
2031-10-13,000688.SH,0.04874185774336838
2031-10-13,SOX,-0.07944149416007168
2031-10-13,NDX,-0.12815919425375508
2031-10-13,XAU,0.02812180235367242
2031-10-13,COPPER,0.03444239848887304
2031-10-13,WTI,0.10754091853866803
2031-10-13,BTC,-0.0
2031-10-13,ETH,-0.0
2031-10-13,US10Y,-0.026425850388637567
2031-10-13,CN10Y,-0.0
2031-10-14,000300.SH,-0.0
2031-10-14,SPX,0.019737282381405562
2031-10-14,HSI,-0.0
2031-10-14,N225,-0.020547351578030285
2031-10-14,SX5E,-0.008595904467392688
2031-10-14,000688.SH,0.05442339690817034
2031-10-14,SOX,-0.04270824614512003
2031-10-14,NDX,-0.14319797562479347
2031-10-14,XAU,0.047141741057112316
2031-10-14,COPPER,0.008440883915620274
2031-10-14,WTI,0.10159861627790147
2031-10-14,BTC,-0.0
2031-10-14,ETH,-0.0
2031-10-14,US10Y,-0.016292442724874536
2031-10-14,CN10Y,-0.0
2031-10-15,000300.SH,-0.0
2031-10-15,SPX,0.014344382363717705
2031-10-15,HSI,-0.0
2031-10-15,N225,-0.009566532592422359
2031-10-15,SX5E,-0.0199366031942565
2031-10-15,000688.SH,0.048130038607174894
2031-10-15,SOX,-0.025552395030707907
2031-10-15,NDX,-0.15867486036353395
2031-10-15,XAU,0.036761646477393786
2031-10-15,COPPER,0.044646872675059554
2031-10-15,WTI,0.0810051669619358
2031-10-15,BTC,-0.0
2031-10-15,ETH,-0.0
2031-10-15,US10Y,-0.011157715904360987
2031-10-15,CN10Y,-0.0
2031-10-16,000300.SH,-0.0
2031-10-16,SPX,0.001075113536682732
2031-10-16,HSI,-0.0
2031-10-16,N225,-0.03638565915967855
2031-10-16,SX5E,-0.04066477356207586
2031-10-16,000688.SH,0.04375303574963743
2031-10-16,SOX,-0.043035253527824495
2031-10-16,NDX,-0.12063645433431854
2031-10-16,XAU,0.005976177906780872
2031-10-16,COPPER,0.0697453416732535
2031-10-16,WTI,0.11438689022418276
2031-10-16,BTC,-0.0
2031-10-16,ETH,-0.0
2031-10-16,US10Y,0.0057855814933591475
2031-10-16,CN10Y,-0.0
2031-10-17,000300.SH,-0.0
2031-10-17,SPX,4.912291609892802e-05
2031-10-17,HSI,-0.0
2031-10-17,N225,-0.012172764179106468
2031-10-17,SX5E,-0.054330497456043896
2031-10-17,000688.SH,0.058283018416385356
2031-10-17,SOX,-0.016449117076865846
2031-10-17,NDX,-0.08217732870331285
2031-10-17,XAU,-0.010352629941647689
2031-10-17,COPPER,0.06403207169629554
2031-10-17,WTI,0.05929192457562017
2031-10-17,BTC,-0.0
2031-10-17,ETH,-0.0
2031-10-17,US10Y,-0.006173800247426489
2031-10-17,CN10Y,-0.0
2031-10-20,000300.SH,-0.0
2031-10-20,SPX,0.009966714215755904
2031-10-20,HSI,-0.0
2031-10-20,N225,0.02976866707903263
2031-10-20,SX5E,-0.05675962321709084
2031-10-20,000688.SH,0.016958408784304158
2031-10-20,SOX,-0.021254667875694883
2031-10-20,NDX,-0.0794983191580166
2031-10-20,XAU,-0.02986380619379475
2031-10-20,COPPER,0.0677655471261263
2031-10-20,WTI,0.060638130706878735
2031-10-20,BTC,-0.0
2031-10-20,ETH,-0.0
2031-10-20,US10Y,0.002278948532497718
2031-10-20,CN10Y,-0.0
2031-10-21,000300.SH,-0.0
2031-10-21,SPX,0.02630275766298079
2031-10-21,HSI,-0.0
2031-10-21,N225,0.039154863170018574
2031-10-21,SX5E,-0.07399531905417044
2031-10-21,000688.SH,0.02716554619804226
2031-10-21,SOX,-0.07740008547309321
2031-10-21,NDX,-0.0645794455988205
2031-10-21,XAU,0.00532582706937239
2031-10-21,COPPER,0.0867779767598219
2031-10-21,WTI,0.026027952705051167
2031-10-21,BTC,-0.0
2031-10-21,ETH,-0.0
2031-10-21,US10Y,0.0052199265607962555
2031-10-21,CN10Y,-0.0
2031-10-22,000300.SH,-0.0
2031-10-22,SPX,0.004605868133694511
2031-10-22,HSI,-0.0
2031-10-22,N225,0.056267513968038946
2031-10-22,SX5E,-0.0440775821306013
2031-10-22,000688.SH,-0.027342831847752026
2031-10-22,SOX,-0.09502130846629248
2031-10-22,NDX,-0.02998685265593376
2031-10-22,XAU,0.02154599132194695
2031-10-22,COPPER,0.09058489227654822
2031-10-22,WTI,0.005733384939243115
2031-10-22,BTC,-0.0
2031-10-22,ETH,-0.0
2031-10-22,US10Y,0.01769092446110832
2031-10-22,CN10Y,-0.0
2031-10-23,000300.SH,-0.0
2031-10-23,SPX,0.0197972001125873
2031-10-23,HSI,-0.0
2031-10-23,N225,0.092859953744751
2031-10-23,SX5E,-0.044023926101760535
2031-10-23,000688.SH,-0.021701526382968538
2031-10-23,SOX,-0.10172289466959954
2031-10-23,NDX,-0.016298407300086734
2031-10-23,XAU,-0.0015632268584259146
2031-10-23,COPPER,0.057035127020199985
2031-10-23,WTI,0.007852006920443903
2031-10-23,BTC,-0.0
2031-10-23,ETH,-0.0
2031-10-23,US10Y,0.007765693514860012
2031-10-23,CN10Y,-0.0
2031-10-24,000300.SH,-0.0
2031-10-24,SPX,-0.006277862983247118
2031-10-24,HSI,-0.0
2031-10-24,N225,0.0713351807724756
2031-10-24,SX5E,-0.06892938521392054
2031-10-24,000688.SH,-0.014130615271344196
2031-10-24,SOX,-0.08805033844139223
2031-10-24,NDX,0.0054201322334676534
2031-10-24,XAU,-0.008767561979311951
2031-10-24,COPPER,0.03155092179038949
2031-10-24,WTI,0.0734817565357846
2031-10-24,BTC,-0.0
2031-10-24,ETH,-0.0
2031-10-24,US10Y,0.004367772557099418
2031-10-24,CN10Y,-0.0
2031-10-27,000300.SH,-0.0
2031-10-27,SPX,-0.001630637802523139
2031-10-27,HSI,-0.0
2031-10-27,N225,0.04469510545076181
2031-10-27,SX5E,-0.07609933892590277
2031-10-27,000688.SH,-0.002097929966039705
2031-10-27,SOX,-0.058318802384956715
2031-10-27,NDX,0.01844503894584538
2031-10-27,XAU,-0.024828199087323158
2031-10-27,COPPER,0.03663402965102539
2031-10-27,WTI,0.04474257420891879
2031-10-27,BTC,-0.0
2031-10-27,ETH,-0.0
2031-10-27,US10Y,0.018458159910192756
2031-10-27,CN10Y,-0.0
2031-10-28,000300.SH,-0.0
2031-10-28,SPX,-0.029533878429119996
2031-10-28,HSI,-0.0
2031-10-28,N225,0.040589727926091425
2031-10-28,SX5E,-0.08560733281145513
2031-10-28,000688.SH,-0.031481136667957654
2031-10-28,SOX,-0.030018361905127144
2031-10-28,NDX,0.019287101697099362
2031-10-28,XAU,-0.010100569728063773
2031-10-28,COPPER,0.04125949790155469
2031-10-28,WTI,0.06116531312250869
2031-10-28,BTC,-0.0
2031-10-28,ETH,-0.0
2031-10-28,US10Y,0.02443963889446581
2031-10-28,CN10Y,-0.0
2031-10-29,000300.SH,-0.0
2031-10-29,SPX,-0.013960136110616845
2031-10-29,HSI,-0.0
2031-10-29,N225,0.027412921361674607
2031-10-29,SX5E,-0.07832331768878734
2031-10-29,000688.SH,-0.024318256942380108
2031-10-29,SOX,-0.05253622643972474
2031-10-29,NDX,-0.010210100023756035
2031-10-29,XAU,-0.021463166425470834
2031-10-29,COPPER,0.037240940064207396
2031-10-29,WTI,0.11787934164815511
2031-10-29,BTC,-0.0
2031-10-29,ETH,-0.0
2031-10-29,US10Y,0.018278000556693853
2031-10-29,CN10Y,-0.0
2031-10-30,000300.SH,-0.0
2031-10-30,SPX,-0.015361858253797442
2031-10-30,HSI,-0.0
2031-10-30,N225,0.031721434255282566
2031-10-30,SX5E,-0.07517370628571575
2031-10-30,000688.SH,0.00029402593435797104
2031-10-30,SOX,-0.02051598689885937
2031-10-30,NDX,-0.05259672726424859
2031-10-30,XAU,-0.04447549212414525
2031-10-30,COPPER,0.038783696116538716
2031-10-30,WTI,0.10642857776895559
2031-10-30,BTC,-0.0
2031-10-30,ETH,-0.0
2031-10-30,US10Y,0.03089603675162583
2031-10-30,CN10Y,-0.0
2031-10-31,000300.SH,-0.0
2031-10-31,SPX,-0.036058158929133145
2031-10-31,HSI,-0.0
2031-10-31,N225,0.0427482734177241
2031-10-31,SX5E,-0.07856693794035143
2031-10-31,000688.SH,0.01160174533629884
2031-10-31,SOX,0.03399327740677893
2031-10-31,NDX,-0.030119980385473154
2031-10-31,XAU,-0.04912137516087244
2031-10-31,COPPER,0.03891201438691953
2031-10-31,WTI,0.05190132436234329
2031-10-31,BTC,-0.0
2031-10-31,ETH,-0.0
2031-10-31,US10Y,0.01470981750576096
2031-10-31,CN10Y,-0.0
2031-11-03,000300.SH,-0.0
2031-11-03,SPX,-0.06669518295816954
2031-11-03,HSI,-0.0
2031-11-03,N225,0.045827488676475084
2031-11-03,SX5E,-0.05280136175562945
2031-11-03,000688.SH,0.03352416907245001
2031-11-03,SOX,0.027831893460495628
2031-11-03,NDX,-0.00902182544389257
2031-11-03,XAU,-0.06566596406358274
2031-11-03,COPPER,0.02089096062715599
2031-11-03,WTI,0.04157858529972616
2031-11-03,BTC,-0.0
2031-11-03,ETH,-0.0
2031-11-03,US10Y,0.024531237084967135
2031-11-03,CN10Y,-0.0
2031-11-04,000300.SH,-0.0
2031-11-04,SPX,-0.07088554177181151
2031-11-04,HSI,-0.0
2031-11-04,N225,0.06174836427190705
2031-11-04,SX5E,-0.05847508606560116
2031-11-04,000688.SH,0.08190445869015295
2031-11-04,SOX,0.04819299252367912
2031-11-04,NDX,0.009790646259932877
2031-11-04,XAU,-0.08582839111211482
2031-11-04,COPPER,0.001586625719543211
2031-11-04,WTI,-0.009347244421731238
2031-11-04,BTC,-0.0
2031-11-04,ETH,-0.0
2031-11-04,US10Y,0.021313175906041013
2031-11-04,CN10Y,-0.0
2031-11-05,000300.SH,-0.0
2031-11-05,SPX,-0.048231013585873846
2031-11-05,HSI,-0.0
2031-11-05,N225,0.044498126145790205
2031-11-05,SX5E,-0.07125684547005498
2031-11-05,000688.SH,0.10184590060877324
2031-11-05,SOX,0.09786063905618828
2031-11-05,NDX,-0.0019563703408577134
2031-11-05,XAU,-0.06123891718932374
2031-11-05,COPPER,0.012100486265974354
2031-11-05,WTI,-0.08640063315228369
2031-11-05,BTC,-0.0
2031-11-05,ETH,-0.0
2031-11-05,US10Y,0.012778627661663693
2031-11-05,CN10Y,-0.0
2031-11-06,000300.SH,-0.0
2031-11-06,SPX,-0.03834378089967077
2031-11-06,HSI,-0.0
2031-11-06,N225,0.050622625552391005
2031-11-06,SX5E,-0.04816421646270773
2031-11-06,000688.SH,0.09705398645160214
2031-11-06,SOX,0.0925103845213516
2031-11-06,NDX,-0.027899127455612047
2031-11-06,XAU,-0.051169875751962975
2031-11-06,COPPER,-0.02086386930436452
2031-11-06,WTI,-0.058011415730354066
2031-11-06,BTC,-0.0
2031-11-06,ETH,-0.0
2031-11-06,US10Y,0.004265289079324263
2031-11-06,CN10Y,-0.0
2031-11-07,000300.SH,-0.0
2031-11-07,SPX,-0.04405054497467238
2031-11-07,HSI,-0.0
2031-11-07,N225,0.02794796793422953
2031-11-07,SX5E,-0.04697642345091215
2031-11-07,000688.SH,0.08464739686620441
2031-11-07,SOX,0.1030983642469038
2031-11-07,NDX,-0.019488030326847094
2031-11-07,XAU,-0.04840948286463099
2031-11-07,COPPER,-0.007814196674833615
2031-11-07,WTI,-0.06931517320120863
2031-11-07,BTC,-0.0
2031-11-07,ETH,-0.0
2031-11-07,US10Y,0.020360122445762872
2031-11-07,CN10Y,-0.0
2031-11-10,000300.SH,-0.0
2031-11-10,SPX,-0.05319238137872986
2031-11-10,HSI,-0.0
2031-11-10,N225,-0.004094831586855172
2031-11-10,SX5E,-0.030792698381286336
2031-11-10,000688.SH,0.041548740913544026
2031-11-10,SOX,0.13772656235985575
2031-11-10,NDX,-0.031976504147554735
2031-11-10,XAU,-0.04531614221938449
2031-11-10,COPPER,0.04487986152536973
2031-11-10,WTI,-0.07802568647015452
2031-11-10,BTC,-0.0
2031-11-10,ETH,-0.0
2031-11-10,US10Y,0.019243079385192204
2031-11-10,CN10Y,-0.0
2031-11-11,000300.SH,-0.0
2031-11-11,SPX,-0.05158361447409696
2031-11-11,HSI,-0.0
2031-11-11,N225,-0.004301857327769186
2031-11-11,SX5E,-0.03141545236729806
2031-11-11,000688.SH,0.020203118387687284
2031-11-11,SOX,0.11154844700374207
2031-11-11,NDX,-0.019021849239235163
2031-11-11,XAU,-0.06575228471651554
2031-11-11,COPPER,0.06784781854765053
2031-11-11,WTI,-0.075863848832012
2031-11-11,BTC,-0.0
2031-11-11,ETH,-0.0
2031-11-11,US10Y,0.048339523017843465
2031-11-11,CN10Y,-0.0
2031-11-12,000300.SH,-0.0
2031-11-12,SPX,-0.03215955870188599
2031-11-12,HSI,-0.0
2031-11-12,N225,0.024109794042272717
2031-11-12,SX5E,-0.019804836950111943
2031-11-12,000688.SH,-0.0062491465517351494
2031-11-12,SOX,0.08707369488832584
2031-11-12,NDX,-0.017326974764738254
2031-11-12,XAU,-0.05139822809510281
2031-11-12,COPPER,0.026469997399536364
2031-11-12,WTI,-0.059189249902384625
2031-11-12,BTC,-0.0
2031-11-12,ETH,-0.0
2031-11-12,US10Y,0.04847450863581951
2031-11-12,CN10Y,-0.0
2031-11-13,000300.SH,-0.0
2031-11-13,SPX,-0.025978427314906405
2031-11-13,HSI,-0.0
2031-11-13,N225,0.05386663357765957
2031-11-13,SX5E,-0.01889971577688233
2031-11-13,000688.SH,-0.03649681325606474
2031-11-13,SOX,0.1319502521029541
2031-11-13,NDX,-0.03947388832367774
2031-11-13,XAU,-0.034750043685248186
2031-11-13,COPPER,0.03366031652249267
2031-11-13,WTI,-0.11298740467277556
2031-11-13,BTC,-0.0
2031-11-13,ETH,-0.0
2031-11-13,US10Y,0.04910909082644447
2031-11-13,CN10Y,-0.0
2031-11-14,000300.SH,-0.0
2031-11-14,SPX,-0.00976734325425828
2031-11-14,HSI,-0.0
2031-11-14,N225,0.04095788218809579
2031-11-14,SX5E,-0.01643201239205813
2031-11-14,000688.SH,-0.08061428099293208
2031-11-14,SOX,0.1321913778333155
2031-11-14,NDX,-0.0635254997625384
2031-11-14,XAU,-0.030227513989410135
2031-11-14,COPPER,0.0635070789196536
2031-11-14,WTI,-0.08824386208110041
2031-11-14,BTC,-0.0
2031-11-14,ETH,-0.0
2031-11-14,US10Y,0.05215417353123234
2031-11-14,CN10Y,-0.0
2031-11-17,000300.SH,-0.0
2031-11-17,SPX,-0.0021309484791144197
2031-11-17,HSI,-0.0
2031-11-17,N225,0.03688504372619922
2031-11-17,SX5E,-0.003338423947851941
2031-11-17,000688.SH,-0.05338442578460664
2031-11-17,SOX,0.12429748407961172
2031-11-17,NDX,-0.056762139929846474
2031-11-17,XAU,-0.0021686448857311004
2031-11-17,COPPER,0.06143907359767368
2031-11-17,WTI,-0.15012060087809428
2031-11-17,BTC,-0.0
2031-11-17,ETH,-0.0
2031-11-17,US10Y,0.0452835825017569
2031-11-17,CN10Y,-0.0
2031-11-18,000300.SH,-0.0
2031-11-18,SPX,8.823745300000352e-06
2031-11-18,HSI,-0.0
2031-11-18,N225,0.03237640525405522
2031-11-18,SX5E,-0.00011070772024549414
2031-11-18,000688.SH,-0.08543911493734223
2031-11-18,SOX,0.17637342553282676
2031-11-18,NDX,-0.059806620209593736
2031-11-18,XAU,-0.023840281365882288
2031-11-18,COPPER,0.06192955741153703
2031-11-18,WTI,-0.16016081428193477
2031-11-18,BTC,-0.0
2031-11-18,ETH,-0.0
2031-11-18,US10Y,0.05866932657127803
2031-11-18,CN10Y,-0.0
2031-11-19,000300.SH,-0.0
2031-11-19,SPX,0.002501680565163949
2031-11-19,HSI,-0.0
2031-11-19,N225,0.022182813328453968
2031-11-19,SX5E,-0.011232012658205896
2031-11-19,000688.SH,-0.06818406054578637
2031-11-19,SOX,0.1546283740073805
2031-11-19,NDX,-0.06688747632302812
2031-11-19,XAU,-0.03619414476009669
2031-11-19,COPPER,0.08892089190391583
2031-11-19,WTI,-0.15501169253192046
2031-11-19,BTC,-0.0
2031-11-19,ETH,-0.0
2031-11-19,US10Y,0.06927562701412257
2031-11-19,CN10Y,-0.0
2031-11-20,000300.SH,-0.0
2031-11-20,SPX,-0.023617445421021725
2031-11-20,HSI,-0.0
2031-11-20,N225,-0.019296201029468447
2031-11-20,SX5E,-0.02378451279877056
2031-11-20,000688.SH,-0.051026170092082566
2031-11-20,SOX,0.1536797825351058
2031-11-20,NDX,-0.047274631182817065
2031-11-20,XAU,-0.025011827992979484
2031-11-20,COPPER,0.08755805405477565
2031-11-20,WTI,-0.1384351431251322
2031-11-20,BTC,-0.0
2031-11-20,ETH,-0.0
2031-11-20,US10Y,0.08720809505239072
2031-11-20,CN10Y,-0.0
2031-11-21,000300.SH,-0.0
2031-11-21,SPX,-0.02412324987858256
2031-11-21,HSI,-0.0
2031-11-21,N225,-0.0021687959643641045
2031-11-21,SX5E,0.004776571546845514
2031-11-21,000688.SH,-0.054684602269968366
2031-11-21,SOX,0.11865122491389715
2031-11-21,NDX,-0.07263972588626923
2031-11-21,XAU,-0.03499246657304708
2031-11-21,COPPER,0.12174970572869166
2031-11-21,WTI,-0.15368634311262327
2031-11-21,BTC,-0.0
2031-11-21,ETH,-0.0
2031-11-21,US10Y,0.09711768149541938
2031-11-21,CN10Y,-0.0
2031-11-24,000300.SH,-0.0
2031-11-24,SPX,-0.05891551985345579
2031-11-24,HSI,-0.0
2031-11-24,N225,0.021676018231755054
2031-11-24,SX5E,6.013494831087415e-05
2031-11-24,000688.SH,-0.008621592844936177
2031-11-24,SOX,0.12156361066702093
2031-11-24,NDX,-0.07064312397881056
2031-11-24,XAU,-0.046377006026512194
2031-11-24,COPPER,0.09068676630773939
2031-11-24,WTI,-0.12623805135169008
2031-11-24,BTC,-0.0
2031-11-24,ETH,-0.0
2031-11-24,US10Y,0.07680876390057943
2031-11-24,CN10Y,-0.0
2031-11-25,000300.SH,-0.0
2031-11-25,SPX,-0.03035620225875665
2031-11-25,HSI,-0.0
2031-11-25,N225,0.02815548271325792
2031-11-25,SX5E,0.003590876203764134
2031-11-25,000688.SH,-0.010692066277629827
2031-11-25,SOX,0.1113833007399003
2031-11-25,NDX,-0.08160668290818524
2031-11-25,XAU,-0.039399663925219874
2031-11-25,COPPER,0.1140529915918546
2031-11-25,WTI,-0.17087755616129996
2031-11-25,BTC,-0.0
2031-11-25,ETH,-0.0
2031-11-25,US10Y,0.07574952028231903
2031-11-25,CN10Y,-0.0
2031-11-26,000300.SH,-0.0
2031-11-26,SPX,-0.027357635733687262
2031-11-26,HSI,-0.0
2031-11-26,N225,0.053293264326021765
2031-11-26,SX5E,-0.028458856535947534
2031-11-26,000688.SH,-0.03197769047845945
2031-11-26,SOX,0.1679107390938621
2031-11-26,NDX,-0.046407686368333076
2031-11-26,XAU,-0.05469547919424947
2031-11-26,COPPER,0.08605118415356378
2031-11-26,WTI,-0.19996817195615743
2031-11-26,BTC,-0.0
2031-11-26,ETH,-0.0
2031-11-26,US10Y,0.08161033269339096
2031-11-26,CN10Y,-0.0
2031-11-27,000300.SH,-0.0
2031-11-27,SPX,0.002116857314523303
2031-11-27,HSI,-0.0
2031-11-27,N225,0.06456252997518577
2031-11-27,SX5E,-0.015525726025170971
2031-11-27,000688.SH,-0.010990762860156496
2031-11-27,SOX,0.07467834681866212
2031-11-27,NDX,-0.02185582643638628
2031-11-27,XAU,-0.0625416060927313
2031-11-27,COPPER,0.07481790353997649
2031-11-27,WTI,-0.19782863714146637
2031-11-27,BTC,-0.0
2031-11-27,ETH,-0.0
2031-11-27,US10Y,0.09256692090756781
2031-11-27,CN10Y,-0.0
2031-11-28,000300.SH,-0.0
2031-11-28,SPX,0.00855037647813607
2031-11-28,HSI,-0.0
2031-11-28,N225,0.04412944408405713
2031-11-28,SX5E,-0.01699116121999378
2031-11-28,000688.SH,0.00903519008804469
2031-11-28,SOX,0.05302525170020788
2031-11-28,NDX,-0.01983798929513822
2031-11-28,XAU,-0.05952193022768528
2031-11-28,COPPER,0.04680230316710188
2031-11-28,WTI,-0.18031039206946883
2031-11-28,BTC,-0.0
2031-11-28,ETH,-0.0
2031-11-28,US10Y,0.115118907294742
2031-11-28,CN10Y,-0.0
2031-12-01,000300.SH,-0.0
2031-12-01,SPX,0.035155785569379955
2031-12-01,HSI,-0.0
2031-12-01,N225,0.048741790408825245
2031-12-01,SX5E,-0.023698164793448384
2031-12-01,000688.SH,-0.009801842595816769
2031-12-01,SOX,0.03740237018098286
2031-12-01,NDX,-0.01797566689285981
2031-12-01,XAU,-0.03462460211947462
2031-12-01,COPPER,0.04836199470025434
2031-12-01,WTI,-0.20868562932860513
2031-12-01,BTC,-0.0
2031-12-01,ETH,-0.0
2031-12-01,US10Y,0.12512396487076682
2031-12-01,CN10Y,-0.0
2031-12-02,000300.SH,-0.0
2031-12-02,SPX,0.00802145651290596
2031-12-02,HSI,-0.0
2031-12-02,N225,0.042279776626896
2031-12-02,SX5E,0.005632808707924292
2031-12-02,000688.SH,-0.027925107562888556
2031-12-02,SOX,-0.01800196888866921
2031-12-02,NDX,-0.003996165066540602
2031-12-02,XAU,-0.034355521525228944
2031-12-02,COPPER,0.06445735508204449
2031-12-02,WTI,-0.1683265018545792
2031-12-02,BTC,-0.0
2031-12-02,ETH,-0.0
2031-12-02,US10Y,0.13221386796813936
2031-12-02,CN10Y,-0.0
2031-12-03,000300.SH,-0.0
2031-12-03,SPX,0.011422978402724951
2031-12-03,HSI,-0.0
2031-12-03,N225,0.035652631375318815
2031-12-03,SX5E,0.00881586402665584
2031-12-03,000688.SH,-0.028774587118985343
2031-12-03,SOX,-0.037344708307828406
2031-12-03,NDX,0.0005300392511037892
2031-12-03,XAU,-0.033777741679914264
2031-12-03,COPPER,0.043672847016667696
2031-12-03,WTI,-0.13355844188062066
2031-12-03,BTC,-0.0
2031-12-03,ETH,-0.0
2031-12-03,US10Y,0.13336111891488334
2031-12-03,CN10Y,-0.0
2031-12-04,000300.SH,-0.0
2031-12-04,SPX,-0.00026628975337364066
2031-12-04,HSI,-0.0
2031-12-04,N225,0.01498573022543689
2031-12-04,SX5E,-0.01670262462438167
2031-12-04,000688.SH,-0.019198993668388887
2031-12-04,SOX,-0.043768336780287576
2031-12-04,NDX,0.021234668847658768
2031-12-04,XAU,-0.017218296125312862
2031-12-04,COPPER,0.03341884430611354
2031-12-04,WTI,-0.108378051794735
2031-12-04,BTC,-0.0
2031-12-04,ETH,-0.0
2031-12-04,US10Y,0.13589334936727684
2031-12-04,CN10Y,-0.0
2031-12-05,000300.SH,-0.0
2031-12-05,SPX,0.012806712819672685
2031-12-05,HSI,-0.0
2031-12-05,N225,0.05080556167538673
2031-12-05,SX5E,-0.03257135487617746
2031-12-05,000688.SH,-0.03522436267500767
2031-12-05,SOX,-0.07124045634368822
2031-12-05,NDX,-0.007918925513110471
2031-12-05,XAU,-0.006379890222520956
2031-12-05,COPPER,0.04407951379923272
2031-12-05,WTI,-0.06283016842641262
2031-12-05,BTC,-0.0
2031-12-05,ETH,-0.0
2031-12-05,US10Y,0.10847336976263323
2031-12-05,CN10Y,-0.0
2031-12-08,000300.SH,-0.0
2031-12-08,SPX,-0.008766166911320733
2031-12-08,HSI,-0.0
2031-12-08,N225,0.0817112374391778
2031-12-08,SX5E,-0.03859786982407219
2031-12-08,000688.SH,-0.03207534438853114
2031-12-08,SOX,-0.054698433305733644
2031-12-08,NDX,0.003431912375199217
2031-12-08,XAU,-0.02173563000664491
2031-12-08,COPPER,0.02723636059458798
2031-12-08,WTI,-0.07076919374466362
2031-12-08,BTC,-0.0
2031-12-08,ETH,-0.0
2031-12-08,US10Y,0.11426312777200869
2031-12-08,CN10Y,-0.0
2031-12-09,000300.SH,-0.0
2031-12-09,SPX,-0.023472733913926333
2031-12-09,HSI,-0.0
2031-12-09,N225,0.06193091133286041
2031-12-09,SX5E,0.013299996649073165
2031-12-09,000688.SH,-0.02885413907168696
2031-12-09,SOX,-0.029850137905939406
2031-12-09,NDX,0.02372368538208059
2031-12-09,XAU,-0.022748037217223446
2031-12-09,COPPER,-0.0021571333000154885
2031-12-09,WTI,-0.08848661550048993
2031-12-09,BTC,-0.0
2031-12-09,ETH,-0.0
2031-12-09,US10Y,0.0966142035452734
2031-12-09,CN10Y,-0.0
2031-12-10,000300.SH,-0.0
2031-12-10,SPX,-0.04895528076850791
2031-12-10,HSI,-0.0
2031-12-10,N225,0.06229841140022777
2031-12-10,SX5E,0.014213233043068495
2031-12-10,000688.SH,-0.006706923128601178
2031-12-10,SOX,0.011325153305470993
2031-12-10,NDX,-0.0022373952414343166
2031-12-10,XAU,-0.01766958947820975
2031-12-10,COPPER,-0.0008241645874463304
2031-12-10,WTI,-0.11201598121005732
2031-12-10,BTC,-0.0
2031-12-10,ETH,-0.0
2031-12-10,US10Y,0.10057253666549665
2031-12-10,CN10Y,-0.0
2031-12-11,000300.SH,-0.0
2031-12-11,SPX,-0.005184984487288186
2031-12-11,HSI,-0.0
2031-12-11,N225,0.03920873675100289
2031-12-11,SX5E,0.05361179551849721
2031-12-11,000688.SH,0.03991282001281341
2031-12-11,SOX,-0.04228830826925084
2031-12-11,NDX,-0.008974203174461268
2031-12-11,XAU,-0.028898339079478787
2031-12-11,COPPER,-0.011762629915352905
2031-12-11,WTI,-0.146436056863871
2031-12-11,BTC,-0.0
2031-12-11,ETH,-0.0
2031-12-11,US10Y,0.11081116950739772
2031-12-11,CN10Y,-0.0
2031-12-12,000300.SH,-0.0
2031-12-12,SPX,-0.018240469443355917
2031-12-12,HSI,-0.0
2031-12-12,N225,0.062275065844888025
2031-12-12,SX5E,0.05408013996421694
2031-12-12,000688.SH,0.05644193520821694
2031-12-12,SOX,-0.08051294987877404
2031-12-12,NDX,-0.004442010444180609
2031-12-12,XAU,-0.01971977228339213
2031-12-12,COPPER,-0.04874263727512093
2031-12-12,WTI,-0.1112574656737997
2031-12-12,BTC,-0.0
2031-12-12,ETH,-0.0
2031-12-12,US10Y,0.11011816398130873
2031-12-12,CN10Y,-0.0
2031-12-15,000300.SH,-0.0
2031-12-15,SPX,-0.032976038678021985
2031-12-15,HSI,-0.0
2031-12-15,N225,0.029390099911643475
2031-12-15,SX5E,0.04876365402785883
2031-12-15,000688.SH,0.03763576326849722
2031-12-15,SOX,-0.07870599153627514
2031-12-15,NDX,0.020822836054951104
2031-12-15,XAU,-0.029494360004428892
2031-12-15,COPPER,-0.0631368470982345
2031-12-15,WTI,-0.04883888373734984
2031-12-15,BTC,-0.0
2031-12-15,ETH,-0.0
2031-12-15,US10Y,0.11653976779136764
2031-12-15,CN10Y,-0.0
2031-12-16,000300.SH,-0.0
2031-12-16,SPX,-0.0014118583592952344
2031-12-16,HSI,-0.0
2031-12-16,N225,0.026620186364735097
2031-12-16,SX5E,0.05881790529143231
2031-12-16,000688.SH,0.06366862433443872
2031-12-16,SOX,-0.12190623775384912
2031-12-16,NDX,0.013550871856670848
2031-12-16,XAU,-0.027061737882907676
2031-12-16,COPPER,-0.07039516946616275
2031-12-16,WTI,-0.03719233536571229
2031-12-16,BTC,-0.0
2031-12-16,ETH,-0.0
2031-12-16,US10Y,0.09530975098065547
2031-12-16,CN10Y,-0.0
2031-12-17,000300.SH,-0.0
2031-12-17,SPX,-0.019547160489527086
2031-12-17,HSI,-0.0
2031-12-17,N225,0.06323881145540469
2031-12-17,SX5E,0.06159564589467579
2031-12-17,000688.SH,0.09270343724605204
2031-12-17,SOX,-0.07636800774098682
2031-12-17,NDX,0.003876702279744154
2031-12-17,XAU,-0.024821283622951294
2031-12-17,COPPER,-0.08926344041165564
2031-12-17,WTI,-0.09479443159502708
2031-12-17,BTC,-0.0
2031-12-17,ETH,-0.0
2031-12-17,US10Y,0.083379726984273
2031-12-17,CN10Y,-0.0
2031-12-18,000300.SH,-0.0
2031-12-18,SPX,-0.009776132979166002
2031-12-18,HSI,-0.0
2031-12-18,N225,0.048417439907866726
2031-12-18,SX5E,0.08823003062173626
2031-12-18,000688.SH,0.07525153078612623
2031-12-18,SOX,-0.13962406223565044
2031-12-18,NDX,0.007978528257003386
2031-12-18,XAU,-0.019740138294241656
2031-12-18,COPPER,-0.08404748092434879
2031-12-18,WTI,-0.05530339591780313
2031-12-18,BTC,-0.0
2031-12-18,ETH,-0.0
2031-12-18,US10Y,0.08861368077847671
2031-12-18,CN10Y,-0.0
2031-12-19,000300.SH,-0.0
2031-12-19,SPX,-0.009585142593757753
2031-12-19,HSI,-0.0
2031-12-19,N225,0.0302934840539678
2031-12-19,SX5E,0.06501774954475492
2031-12-19,000688.SH,0.06477347443119749
2031-12-19,SOX,-0.13742881350168512
2031-12-19,NDX,0.05603910237295795
2031-12-19,XAU,-0.0160588009005257
2031-12-19,COPPER,-0.10897821039602751
2031-12-19,WTI,-0.022928440140452158
2031-12-19,BTC,-0.0
2031-12-19,ETH,-0.0
2031-12-19,US10Y,0.07885559712957023
2031-12-19,CN10Y,-0.0
2031-12-22,000300.SH,-0.0
2031-12-22,SPX,0.0072407891192523745
2031-12-22,HSI,-0.0
2031-12-22,N225,0.0027291127312418072
2031-12-22,SX5E,0.056390743468221614
2031-12-22,000688.SH,0.03514421544229533
2031-12-22,SOX,-0.12687535147896778
2031-12-22,NDX,0.05568388856248111
2031-12-22,XAU,0.010139597664385654
2031-12-22,COPPER,-0.10643625086177382
2031-12-22,WTI,-0.010146463103400255
2031-12-22,BTC,-0.0
2031-12-22,ETH,-0.0
2031-12-22,US10Y,0.07612971845626358
2031-12-22,CN10Y,-0.0
2031-12-23,000300.SH,-0.0
2031-12-23,SPX,-0.012408464038631667
2031-12-23,HSI,-0.0
2031-12-23,N225,-0.011131286355127563
2031-12-23,SX5E,0.07903463825406086
2031-12-23,000688.SH,0.047778300211052636
2031-12-23,SOX,-0.10951520121018915
2031-12-23,NDX,0.0386405154926987
2031-12-23,XAU,-0.002421007282585076
2031-12-23,COPPER,-0.10975730173798692
2031-12-23,WTI,0.00031066452837338887
2031-12-23,BTC,-0.0
2031-12-23,ETH,-0.0
2031-12-23,US10Y,0.0794691421383313
2031-12-23,CN10Y,-0.0
2031-12-24,000300.SH,-0.0
2031-12-24,SPX,-0.02394225104103228
2031-12-24,HSI,-0.0
2031-12-24,N225,-0.027822556313426106
2031-12-24,SX5E,0.09141233157468398
2031-12-24,000688.SH,0.057756928075916314
2031-12-24,SOX,-0.12644132549352735
2031-12-24,NDX,-0.003062342565818943
2031-12-24,XAU,-0.0005440831754821643
2031-12-24,COPPER,-0.05539208039743698
2031-12-24,WTI,0.0024026190406032048
2031-12-24,BTC,-0.0
2031-12-24,ETH,-0.0
2031-12-24,US10Y,0.08563276029551839
2031-12-24,CN10Y,-0.0
2031-12-25,000300.SH,-0.0
2031-12-25,SPX,-0.054089348339202106
2031-12-25,HSI,-0.0
2031-12-25,N225,-0.05971345466746619
2031-12-25,SX5E,0.09495104896777973
2031-12-25,000688.SH,0.024498656972797378
2031-12-25,SOX,-0.048270065716006214
2031-12-25,NDX,0.013809953437706326
2031-12-25,XAU,0.020381314744884138
2031-12-25,COPPER,-0.012764118473864484
2031-12-25,WTI,-0.04890746004075217
2031-12-25,BTC,-0.0
2031-12-25,ETH,-0.0
2031-12-25,US10Y,0.07010347311412096
2031-12-25,CN10Y,-0.0
2031-12-26,000300.SH,-0.0
2031-12-26,SPX,-0.06681404674768843
2031-12-26,HSI,-0.0
2031-12-26,N225,-0.07135729401697997
2031-12-26,SX5E,0.0971759205323584
2031-12-26,000688.SH,0.008355917628297188
2031-12-26,SOX,-0.04136313383247707
2031-12-26,NDX,0.02115771984395458
2031-12-26,XAU,0.02116815210207134
2031-12-26,COPPER,0.01952446713355322
2031-12-26,WTI,-0.06685757127007931
2031-12-26,BTC,-0.0
2031-12-26,ETH,-0.0
2031-12-26,US10Y,0.0790098686269862
2031-12-26,CN10Y,-0.0
2031-12-29,000300.SH,-0.0
2031-12-29,SPX,-0.09263933366536212
2031-12-29,HSI,-0.0
2031-12-29,N225,-0.0465738549143259
2031-12-29,SX5E,0.08960295256442016
2031-12-29,000688.SH,0.013965818564127465
2031-12-29,SOX,-0.042388295163257865
2031-12-29,NDX,-0.009212609431647735
2031-12-29,XAU,0.0085818511656935
2031-12-29,COPPER,0.020778487598491543
2031-12-29,WTI,-0.018377625844574353
2031-12-29,BTC,-0.0
2031-12-29,ETH,-0.0
2031-12-29,US10Y,0.07626260912643279
2031-12-29,CN10Y,-0.0
2031-12-30,000300.SH,-0.0
2031-12-30,SPX,-0.0825484371621477
2031-12-30,HSI,-0.0
2031-12-30,N225,-0.06501323662743072
2031-12-30,SX5E,0.05830795199294854
2031-12-30,000688.SH,-0.004460195212303033
2031-12-30,SOX,-0.039749131228706616
2031-12-30,NDX,-0.006310531547160223
2031-12-30,XAU,-0.003081420685720468
2031-12-30,COPPER,0.015298897348806073
2031-12-30,WTI,0.04355767768497151
2031-12-30,BTC,-0.0
2031-12-30,ETH,-0.0
2031-12-30,US10Y,0.08399842543674052
2031-12-30,CN10Y,-0.0
2031-12-31,000300.SH,-0.0
2031-12-31,SPX,-0.11232793778505396
2031-12-31,HSI,-0.0
2031-12-31,N225,-0.05096348793445938
2031-12-31,SX5E,0.059372814466508494
2031-12-31,000688.SH,0.012000388327372186
2031-12-31,SOX,-0.08014561477902181
2031-12-31,NDX,-0.013142587756109419
2031-12-31,XAU,-0.012703247970555422
2031-12-31,COPPER,0.027281309464415274
2031-12-31,WTI,0.08526663477282927
2031-12-31,BTC,-0.0
2031-12-31,ETH,-0.0
2031-12-31,US10Y,0.08536172919407363
2031-12-31,CN10Y,-0.0
2032-01-01,000300.SH,-0.0
2032-01-01,SPX,-0.08514569826304838
2032-01-01,HSI,-0.0
2032-01-01,N225,-0.03990603854163931
2032-01-01,SX5E,0.08109594568402612
2032-01-01,000688.SH,-0.033257188023364595
2032-01-01,SOX,-0.08515117509151038
2032-01-01,NDX,-0.01425923459294226
2032-01-01,XAU,-0.0185190855256771
2032-01-01,COPPER,0.037922697549989406
2032-01-01,WTI,0.07611380539383225
2032-01-01,BTC,-0.0
2032-01-01,ETH,-0.0
2032-01-01,US10Y,0.08110597141033016
2032-01-01,CN10Y,-0.0
2032-01-02,000300.SH,-0.0
2032-01-02,SPX,-0.08825654251103748
2032-01-02,HSI,-0.0
2032-01-02,N225,-0.04457475438414445
2032-01-02,SX5E,0.1080019514952817
2032-01-02,000688.SH,-0.04025256918255138
2032-01-02,SOX,-0.07023063910468759
2032-01-02,NDX,0.009068963343413693
2032-01-02,XAU,-0.020717010414121072
2032-01-02,COPPER,0.016052815105916322
2032-01-02,WTI,0.03613735195598821
2032-01-02,BTC,-0.0
2032-01-02,ETH,-0.0
2032-01-02,US10Y,0.09477043369593818
2032-01-02,CN10Y,-0.0
2032-01-05,000300.SH,-0.0
2032-01-05,SPX,-0.0701075796874786
2032-01-05,HSI,-0.0
2032-01-05,N225,-0.06281958195183336
2032-01-05,SX5E,0.09781734639185694
2032-01-05,000688.SH,-0.022479594914293743
2032-01-05,SOX,-0.07048384813030732
2032-01-05,NDX,0.006481305510842681
2032-01-05,XAU,0.006564450590976961
2032-01-05,COPPER,-0.003614758201394076
2032-01-05,WTI,0.040780968425588926
2032-01-05,BTC,-0.0
2032-01-05,ETH,-0.0
2032-01-05,US10Y,0.07786129196604023
2032-01-05,CN10Y,-0.0
2032-01-06,000300.SH,-0.0
2032-01-06,SPX,-0.052213912009485046
2032-01-06,HSI,-0.0
2032-01-06,N225,-0.07281280394367633
2032-01-06,SX5E,0.0629695489887798
2032-01-06,000688.SH,0.008404947598044422
2032-01-06,SOX,-0.12661783334571658
2032-01-06,NDX,0.012899388299222249
2032-01-06,XAU,0.00511844294320332
2032-01-06,COPPER,0.009769892658040345
2032-01-06,WTI,0.07441495136744458
2032-01-06,BTC,-0.0
2032-01-06,ETH,-0.0
2032-01-06,US10Y,0.07806737744414456
2032-01-06,CN10Y,-0.0
2032-01-07,000300.SH,-0.0
2032-01-07,SPX,-0.04100616055221326
2032-01-07,HSI,-0.0
2032-01-07,N225,-0.0904564436315927
2032-01-07,SX5E,0.07428594384233114
2032-01-07,000688.SH,0.005896304537534217
2032-01-07,SOX,-0.12082151067538208
2032-01-07,NDX,0.020458628953901447
2032-01-07,XAU,-0.01076326390046375
2032-01-07,COPPER,0.010208860970242104
2032-01-07,WTI,0.08899851719575051
2032-01-07,BTC,-0.0
2032-01-07,ETH,-0.0
2032-01-07,US10Y,0.06319912325989424
2032-01-07,CN10Y,-0.0
2032-01-08,000300.SH,-0.0
2032-01-08,SPX,-0.057120713325099964
2032-01-08,HSI,-0.0
2032-01-08,N225,-0.07609401484558992
2032-01-08,SX5E,0.06149860878078142
2032-01-08,000688.SH,-0.009715289349274434
2032-01-08,SOX,-0.10455675509969507
2032-01-08,NDX,0.035756217833756924
2032-01-08,XAU,-0.007198648635305149
2032-01-08,COPPER,0.030152400502722464
2032-01-08,WTI,0.08880231112215697
2032-01-08,BTC,-0.0
2032-01-08,ETH,-0.0
2032-01-08,US10Y,0.03847588301554757
2032-01-08,CN10Y,-0.0
2032-01-09,000300.SH,-0.0
2032-01-09,SPX,-0.044846377970573406
2032-01-09,HSI,-0.0
2032-01-09,N225,-0.07104181196297302
2032-01-09,SX5E,0.05901395410335983
2032-01-09,000688.SH,-0.0044537062527927
2032-01-09,SOX,-0.094688076804258
2032-01-09,NDX,-0.0026485467110841238
2032-01-09,XAU,-0.002243861093867503
2032-01-09,COPPER,0.052091228325031255
2032-01-09,WTI,0.0727640950560064
2032-01-09,BTC,-0.0
2032-01-09,ETH,-0.0
2032-01-09,US10Y,0.03605310331114962
2032-01-09,CN10Y,-0.0
2032-01-12,000300.SH,-0.0
2032-01-12,SPX,-0.04208392742791807
2032-01-12,HSI,-0.0
2032-01-12,N225,-0.059901502027574036
2032-01-12,SX5E,0.045280576854924565
2032-01-12,000688.SH,-0.0079662676449918
2032-01-12,SOX,-0.09597327039401315
2032-01-12,NDX,-0.012143259851167702
2032-01-12,XAU,-0.00279028582582397
2032-01-12,COPPER,0.058456119052299575
2032-01-12,WTI,0.10109102985581594
2032-01-12,BTC,-0.0
2032-01-12,ETH,-0.0
2032-01-12,US10Y,0.016030787408447173
2032-01-12,CN10Y,-0.0
2032-01-13,000300.SH,-0.0
2032-01-13,SPX,-0.05753845106852113
2032-01-13,HSI,-0.0
2032-01-13,N225,-0.05421557523769716
2032-01-13,SX5E,0.03630701489376648
2032-01-13,000688.SH,-0.0060891875450289745
2032-01-13,SOX,-0.07700082091700144
2032-01-13,NDX,-0.014623016159350619
2032-01-13,XAU,-0.006652529581044396
2032-01-13,COPPER,0.06553557230484079
2032-01-13,WTI,0.09746458440200062
2032-01-13,BTC,-0.0
2032-01-13,ETH,-0.0
2032-01-13,US10Y,0.016812408908034756
2032-01-13,CN10Y,-0.0
2032-01-14,000300.SH,-0.0
2032-01-14,SPX,-0.06302239965592808
2032-01-14,HSI,-0.0
2032-01-14,N225,-0.040739052649676935
2032-01-14,SX5E,0.037500078178617044
2032-01-14,000688.SH,-0.031150629578449468
2032-01-14,SOX,-0.07971128755880477
2032-01-14,NDX,4.670395702716795e-05
2032-01-14,XAU,0.0009254398410500483
2032-01-14,COPPER,0.05270243817437768
2032-01-14,WTI,0.12305887718593539
2032-01-14,BTC,-0.0
2032-01-14,ETH,-0.0
2032-01-14,US10Y,0.0003898321058543562
2032-01-14,CN10Y,-0.0
2032-01-15,000300.SH,-0.0
2032-01-15,SPX,-0.05890978167104312
2032-01-15,HSI,-0.0
2032-01-15,N225,-0.008706851935751327
2032-01-15,SX5E,0.026158260491054755
2032-01-15,000688.SH,-0.01617865659135835
2032-01-15,SOX,-0.05095686279775082
2032-01-15,NDX,-0.026642371405215935
2032-01-15,XAU,0.01009951816765189
2032-01-15,COPPER,0.06374893572577024
2032-01-15,WTI,0.07320089774605015
2032-01-15,BTC,-0.0
2032-01-15,ETH,-0.0
2032-01-15,US10Y,-0.01181308772940185
2032-01-15,CN10Y,-0.0
2032-01-16,000300.SH,-0.0
2032-01-16,SPX,-0.0374545316260211
2032-01-16,HSI,-0.0
2032-01-16,N225,0.019295879492726657
2032-01-16,SX5E,0.008001906470155248
2032-01-16,000688.SH,-0.02630181667487474
2032-01-16,SOX,-0.03080541783638801
2032-01-16,NDX,-0.03847704256652469
2032-01-16,XAU,0.022866416487237334
2032-01-16,COPPER,0.06082122752370607
2032-01-16,WTI,0.025946758266616105
2032-01-16,BTC,-0.0
2032-01-16,ETH,-0.0
2032-01-16,US10Y,-0.003893379536627179
2032-01-16,CN10Y,-0.0
2032-01-19,000300.SH,-0.0
2032-01-19,SPX,-0.01949472719426229
2032-01-19,HSI,-0.0
2032-01-19,N225,0.009274504837310647
2032-01-19,SX5E,-0.005471021784246851
2032-01-19,000688.SH,-0.00485437710527443
2032-01-19,SOX,-0.06294407649156787
2032-01-19,NDX,-0.051137878607725326
2032-01-19,XAU,0.011168258151288961
2032-01-19,COPPER,0.09481073577298865
2032-01-19,WTI,0.02414781705071329
2032-01-19,BTC,-0.0
2032-01-19,ETH,-0.0
2032-01-19,US10Y,0.004500765370780241
2032-01-19,CN10Y,-0.0
2032-01-20,000300.SH,-0.0
2032-01-20,SPX,-0.011049350201184612
2032-01-20,HSI,-0.0
2032-01-20,N225,0.03076259112321061
2032-01-20,SX5E,-0.02061894557738008
2032-01-20,000688.SH,-0.023138509654075417
2032-01-20,SOX,-0.10318384697327079
2032-01-20,NDX,-0.047968483209290036
2032-01-20,XAU,0.00858297868428283
2032-01-20,COPPER,0.11480336746699989
2032-01-20,WTI,0.04441014535887867
2032-01-20,BTC,-0.0
2032-01-20,ETH,-0.0
2032-01-20,US10Y,0.007400052981834292
2032-01-20,CN10Y,-0.0
2032-01-21,000300.SH,-0.0
2032-01-21,SPX,-0.0005013936335207195
2032-01-21,HSI,-0.0
2032-01-21,N225,0.02773289725711773
2032-01-21,SX5E,0.00012820108461032015
2032-01-21,000688.SH,-0.019889463165666654
2032-01-21,SOX,-0.13628306401442314
2032-01-21,NDX,-0.014765627517327629
2032-01-21,XAU,0.028998725415143582
2032-01-21,COPPER,0.07588593980646685
2032-01-21,WTI,0.04909268939769785
2032-01-21,BTC,-0.0
2032-01-21,ETH,-0.0
2032-01-21,US10Y,-0.010398904630093374
2032-01-21,CN10Y,-0.0
2032-01-22,000300.SH,-0.0
2032-01-22,SPX,-0.001476750813482931
2032-01-22,HSI,-0.0
2032-01-22,N225,0.03796410116411755
2032-01-22,SX5E,0.0028164482855437944
2032-01-22,000688.SH,0.015120432072687534
2032-01-22,SOX,-0.15443248995596248
2032-01-22,NDX,-0.023439948779283497
2032-01-22,XAU,0.030543084385766264
2032-01-22,COPPER,0.06558128456830659
2032-01-22,WTI,0.06931574655911159
2032-01-22,BTC,-0.0
2032-01-22,ETH,-0.0
2032-01-22,US10Y,-0.041991907486799096
2032-01-22,CN10Y,-0.0
2032-01-23,000300.SH,-0.0
2032-01-23,SPX,-0.007253651833685842
2032-01-23,HSI,-0.0
2032-01-23,N225,0.0400188737804583
2032-01-23,SX5E,-0.01714512735723364
2032-01-23,000688.SH,0.04758182485038712
2032-01-23,SOX,-0.1575152254705901
2032-01-23,NDX,-0.023220035247464965
2032-01-23,XAU,0.05055730796781195
2032-01-23,COPPER,0.06323964448015468
2032-01-23,WTI,0.05284179016884968
2032-01-23,BTC,-0.0
2032-01-23,ETH,-0.0
2032-01-23,US10Y,-0.049105401338680965
2032-01-23,CN10Y,-0.0
2032-01-26,000300.SH,-0.0
2032-01-26,SPX,0.013460388553987034
2032-01-26,HSI,-0.0
2032-01-26,N225,0.005172847013098007
2032-01-26,SX5E,-0.024025052712296057
2032-01-26,000688.SH,0.009771448861263604
2032-01-26,SOX,-0.08390231525878915
2032-01-26,NDX,0.006195748649338181
2032-01-26,XAU,0.033580811511592965
2032-01-26,COPPER,0.04513939828809736
2032-01-26,WTI,0.07431761406662636
2032-01-26,BTC,-0.0
2032-01-26,ETH,-0.0
2032-01-26,US10Y,-0.07971088897291304
2032-01-26,CN10Y,-0.0
2032-01-27,000300.SH,-0.0
2032-01-27,SPX,0.00637474327904532
2032-01-27,HSI,-0.0
2032-01-27,N225,0.005292871873009388
2032-01-27,SX5E,-0.008498437266166212
2032-01-27,000688.SH,0.049075725005718815
2032-01-27,SOX,-0.06779373594863061
2032-01-27,NDX,-0.010302058956567533
2032-01-27,XAU,0.06874409016228147
2032-01-27,COPPER,0.05961904272152951
2032-01-27,WTI,-0.008793340781877549
2032-01-27,BTC,-0.0
2032-01-27,ETH,-0.0
2032-01-27,US10Y,-0.09371890008833637
2032-01-27,CN10Y,-0.0
2032-01-28,000300.SH,-0.0
2032-01-28,SPX,0.03550169337019453
2032-01-28,HSI,-0.0
2032-01-28,N225,0.025137282340644912
2032-01-28,SX5E,0.0023514587618608147
2032-01-28,000688.SH,0.04025969753637329
2032-01-28,SOX,-0.052468519095367844
2032-01-28,NDX,-0.0022420213111123697
2032-01-28,XAU,0.06478960900289314
2032-01-28,COPPER,0.05336987402689645
2032-01-28,WTI,-0.07907476523021782
2032-01-28,BTC,-0.0
2032-01-28,ETH,-0.0
2032-01-28,US10Y,-0.0876243094021607
2032-01-28,CN10Y,-0.0
2032-01-29,000300.SH,-0.0
2032-01-29,SPX,0.010511667920045195
2032-01-29,HSI,-0.0
2032-01-29,N225,0.04495946533654016
2032-01-29,SX5E,-0.03211601076842065
2032-01-29,000688.SH,0.07655077478499182
2032-01-29,SOX,-0.08169810451825853
2032-01-29,NDX,0.01491010094386827
2032-01-29,XAU,0.06896265112512884
2032-01-29,COPPER,0.031119119648615197
2032-01-29,WTI,-0.06392102864598992
2032-01-29,BTC,-0.0
2032-01-29,ETH,-0.0
2032-01-29,US10Y,-0.06927863582651576
2032-01-29,CN10Y,-0.0
2032-01-30,000300.SH,-0.0
2032-01-30,SPX,0.01420148788826263
2032-01-30,HSI,-0.0
2032-01-30,N225,0.03056043740221448
2032-01-30,SX5E,-0.05787408571472773
2032-01-30,000688.SH,0.09064711692413566
2032-01-30,SOX,-0.054502126612483846
2032-01-30,NDX,0.012128921511387223
2032-01-30,XAU,0.030102138709224905
2032-01-30,COPPER,0.061141299235378616
2032-01-30,WTI,-0.03847641428580072
2032-01-30,BTC,-0.0
2032-01-30,ETH,-0.0
2032-01-30,US10Y,-0.0879287750575887
2032-01-30,CN10Y,-0.0
2032-02-02,000300.SH,-0.0
2032-02-02,SPX,0.020470527939310916
2032-02-02,HSI,-0.0
2032-02-02,N225,0.03325795771835578
2032-02-02,SX5E,-0.06827717533058245
2032-02-02,000688.SH,0.098513813949012
2032-02-02,SOX,-0.08664895755611343
2032-02-02,NDX,0.006305152794389389
2032-02-02,XAU,0.035615606597156936
2032-02-02,COPPER,0.047408233783371244
2032-02-02,WTI,-0.02490836419095676
2032-02-02,BTC,-0.0
2032-02-02,ETH,-0.0
2032-02-02,US10Y,-0.061736795703943005
2032-02-02,CN10Y,-0.0
2032-02-03,000300.SH,-0.0
2032-02-03,SPX,-0.0065191956216881786
2032-02-03,HSI,-0.0
2032-02-03,N225,0.0514502871211451
2032-02-03,SX5E,-0.07425990026651119
2032-02-03,000688.SH,0.08615463452596386
2032-02-03,SOX,-0.08403283170740639
2032-02-03,NDX,0.0020860924075696806
2032-02-03,XAU,0.05149004374191021
2032-02-03,COPPER,0.04820441729758545
2032-02-03,WTI,0.002527610356148305
2032-02-03,BTC,-0.0
2032-02-03,ETH,-0.0
2032-02-03,US10Y,-0.07710115785471724
2032-02-03,CN10Y,-0.0
2032-02-04,000300.SH,-0.0
2032-02-04,SPX,0.011056220403504539
2032-02-04,HSI,-0.0
2032-02-04,N225,0.05386554579028077
2032-02-04,SX5E,-0.1026124981623582
2032-02-04,000688.SH,0.09788594892578842
2032-02-04,SOX,-0.09888445930541458
2032-02-04,NDX,0.017707882429518502
2032-02-04,XAU,0.0203413177609024
2032-02-04,COPPER,0.07448278359092521
2032-02-04,WTI,0.023844230025827418
2032-02-04,BTC,-0.0
2032-02-04,ETH,-0.0
2032-02-04,US10Y,-0.09768697145897574
2032-02-04,CN10Y,-0.0
2032-02-05,000300.SH,-0.0
2032-02-05,SPX,0.005900396853266439
2032-02-05,HSI,-0.0
2032-02-05,N225,0.03448897885417356
2032-02-05,SX5E,-0.10402089257022536
2032-02-05,000688.SH,0.07699094675963966
2032-02-05,SOX,-0.08928397751234095
2032-02-05,NDX,0.007025779841142641
2032-02-05,XAU,0.04245788921460953
2032-02-05,COPPER,0.04315335848637963
2032-02-05,WTI,0.08370048919436718
2032-02-05,BTC,-0.0
2032-02-05,ETH,-0.0
2032-02-05,US10Y,-0.10041296912101348
2032-02-05,CN10Y,-0.0
2032-02-06,000300.SH,-0.0
2032-02-06,SPX,-0.001433868084236501
2032-02-06,HSI,-0.0
2032-02-06,N225,0.012933550550401293
2032-02-06,SX5E,-0.08330326036867611
2032-02-06,000688.SH,0.103755423559954
2032-02-06,SOX,-0.054157512776002434
2032-02-06,NDX,0.04471883623139183
2032-02-06,XAU,0.04940620290889719
2032-02-06,COPPER,-0.0034055278502190325
2032-02-06,WTI,0.045308640523100206
2032-02-06,BTC,-0.0
2032-02-06,ETH,-0.0
2032-02-06,US10Y,-0.1138224846946092
2032-02-06,CN10Y,-0.0
2032-02-09,000300.SH,-0.0
2032-02-09,SPX,0.015616722309140973
2032-02-09,HSI,-0.0
2032-02-09,N225,0.025398650150376394
2032-02-09,SX5E,-0.07181789747067786
2032-02-09,000688.SH,0.16187624148261895
2032-02-09,SOX,-0.07807716942863922
2032-02-09,NDX,0.0071260416824712805
2032-02-09,XAU,0.04982565140024427
2032-02-09,COPPER,-0.02004967118811605
2032-02-09,WTI,0.006078645495926436
2032-02-09,BTC,-0.0
2032-02-09,ETH,-0.0
2032-02-09,US10Y,-0.09597721443334259
2032-02-09,CN10Y,-0.0
2032-02-10,000300.SH,-0.0
2032-02-10,SPX,0.003238733695683819
2032-02-10,HSI,-0.0
2032-02-10,N225,0.03243542190797761
2032-02-10,SX5E,-0.05355830263969772
2032-02-10,000688.SH,0.1400688516446293
2032-02-10,SOX,-0.06416135384609496
2032-02-10,NDX,0.01932509029700053
2032-02-10,XAU,0.043628311806615944
2032-02-10,COPPER,-0.04166012976518659
2032-02-10,WTI,0.025028449145915593
2032-02-10,BTC,-0.0
2032-02-10,ETH,-0.0
2032-02-10,US10Y,-0.10434507224684006
2032-02-10,CN10Y,-0.0
2032-02-11,000300.SH,-0.0
2032-02-11,SPX,0.013551336259211856
2032-02-11,HSI,-0.0
2032-02-11,N225,-0.0076333548798218544
2032-02-11,SX5E,-0.059869792424630815
2032-02-11,000688.SH,0.14574728193769912
2032-02-11,SOX,-0.059261446821589105
2032-02-11,NDX,0.021483936610648412
2032-02-11,XAU,0.035382888925317865
2032-02-11,COPPER,-0.03701734607681827
2032-02-11,WTI,0.02704434135094392
2032-02-11,BTC,-0.0
2032-02-11,ETH,-0.0
2032-02-11,US10Y,-0.07942784488095933
2032-02-11,CN10Y,-0.0
2032-02-12,000300.SH,-0.0
2032-02-12,SPX,0.03748874892017343
2032-02-12,HSI,-0.0
2032-02-12,N225,-0.014497938695578597
2032-02-12,SX5E,-0.07397915854455678
2032-02-12,000688.SH,0.135474939248228
2032-02-12,SOX,0.010840265321655752
2032-02-12,NDX,0.031604305624155386
2032-02-12,XAU,0.029187456161265283
2032-02-12,COPPER,-0.0382895020256547
2032-02-12,WTI,-0.03083654005141235
2032-02-12,BTC,-0.0
2032-02-12,ETH,-0.0
2032-02-12,US10Y,-0.08699257595827538
2032-02-12,CN10Y,-0.0
2032-02-13,000300.SH,-0.0
2032-02-13,SPX,0.024122648146947805
2032-02-13,HSI,-0.0
2032-02-13,N225,-0.04078427062531685
2032-02-13,SX5E,-0.061994868028767844
2032-02-13,000688.SH,0.1003427628113335
2032-02-13,SOX,0.019673398839324525
2032-02-13,NDX,0.01858774287868046
2032-02-13,XAU,0.014514645556046545
2032-02-13,COPPER,-0.016850268246078583
2032-02-13,WTI,0.04254482964622447
2032-02-13,BTC,-0.0
2032-02-13,ETH,-0.0
2032-02-13,US10Y,-0.10015662097839412
2032-02-13,CN10Y,-0.0
2032-02-16,000300.SH,-0.0
2032-02-16,SPX,-0.0006467997827270047
2032-02-16,HSI,-0.0
2032-02-16,N225,-0.01777720828983996
2032-02-16,SX5E,-0.03232986288736352
2032-02-16,000688.SH,0.0678685406114229
2032-02-16,SOX,0.07087128542103414
2032-02-16,NDX,0.0015670602056782924
2032-02-16,XAU,0.009217958163250297
2032-02-16,COPPER,-0.038796560533226394
2032-02-16,WTI,0.0456962624204606
2032-02-16,BTC,-0.0
2032-02-16,ETH,-0.0
2032-02-16,US10Y,-0.10567067532868904
2032-02-16,CN10Y,-0.0
2032-02-17,000300.SH,-0.0
2032-02-17,SPX,0.011904155271173444
2032-02-17,HSI,-0.0
2032-02-17,N225,-0.044135594628960724
2032-02-17,SX5E,-0.023660158043183506
2032-02-17,000688.SH,0.08785080165310871
2032-02-17,SOX,0.10157069550600217
2032-02-17,NDX,0.013839991745495054
2032-02-17,XAU,0.014378609940315536
2032-02-17,COPPER,-0.07199173163173987
2032-02-17,WTI,0.018074751077212594
2032-02-17,BTC,-0.0
2032-02-17,ETH,-0.0
2032-02-17,US10Y,-0.10783152088942276
2032-02-17,CN10Y,-0.0
2032-02-18,000300.SH,-0.0
2032-02-18,SPX,0.009128803322012992
2032-02-18,HSI,-0.0
2032-02-18,N225,-0.043707384976474986
2032-02-18,SX5E,-0.02661778908669747
2032-02-18,000688.SH,0.07799387142965183
2032-02-18,SOX,0.10014167355776601
2032-02-18,NDX,0.015361814727614028
2032-02-18,XAU,0.00029786146926148553
2032-02-18,COPPER,-0.07448229327680002
2032-02-18,WTI,0.03719356851591029
2032-02-18,BTC,-0.0
2032-02-18,ETH,-0.0
2032-02-18,US10Y,-0.09531012568224485
2032-02-18,CN10Y,-0.0
2032-02-19,000300.SH,-0.0
2032-02-19,SPX,0.02494972188818427
2032-02-19,HSI,-0.0
2032-02-19,N225,-0.07328652450251141
2032-02-19,SX5E,-0.042291847293210456
2032-02-19,000688.SH,0.046479382374842226
2032-02-19,SOX,0.13551546794012664
2032-02-19,NDX,-0.026025614560329896
2032-02-19,XAU,0.007837570726701115
2032-02-19,COPPER,-0.07187706265195501
2032-02-19,WTI,0.049189565377880724
2032-02-19,BTC,-0.0
2032-02-19,ETH,-0.0
2032-02-19,US10Y,-0.05049065929972923
2032-02-19,CN10Y,-0.0
2032-02-20,000300.SH,-0.0
2032-02-20,SPX,0.02980135012095257
2032-02-20,HSI,-0.0
2032-02-20,N225,-0.060523307147490345
2032-02-20,SX5E,-0.016452593088022348
2032-02-20,000688.SH,0.02698957766639732
2032-02-20,SOX,0.12915637040103117
2032-02-20,NDX,-0.054519440200806235
2032-02-20,XAU,-0.008032283015399119
2032-02-20,COPPER,-0.08650103342517607
2032-02-20,WTI,0.0850979235606131
2032-02-20,BTC,-0.0
2032-02-20,ETH,-0.0
2032-02-20,US10Y,-0.04501656487210134
2032-02-20,CN10Y,-0.0
2032-02-23,000300.SH,-0.0
2032-02-23,SPX,-0.005761728410868385
2032-02-23,HSI,-0.0
2032-02-23,N225,-0.036584821582207425
2032-02-23,SX5E,0.002437994295054058
2032-02-23,000688.SH,0.016336464612323735
2032-02-23,SOX,0.07176974449674207
2032-02-23,NDX,-0.03471810669875785
2032-02-23,XAU,0.002153328847774765
2032-02-23,COPPER,-0.05369926261825223
2032-02-23,WTI,0.06363856818698284
2032-02-23,BTC,-0.0
2032-02-23,ETH,-0.0
2032-02-23,US10Y,-0.025572181128793982
2032-02-23,CN10Y,-0.0
2032-02-24,000300.SH,-0.0
2032-02-24,SPX,0.011483279078220554
2032-02-24,HSI,-0.0
2032-02-24,N225,-0.018254601554679672
2032-02-24,SX5E,0.004588082191565183
2032-02-24,000688.SH,-0.03663520337248371
2032-02-24,SOX,0.09274425359505263
2032-02-24,NDX,-0.010361145770146251
2032-02-24,XAU,-0.016462545850550563
2032-02-24,COPPER,-0.07708700837553097
2032-02-24,WTI,0.05839047899282679
2032-02-24,BTC,-0.0
2032-02-24,ETH,-0.0
2032-02-24,US10Y,-0.00840558893427709
2032-02-24,CN10Y,-0.0
2032-02-25,000300.SH,-0.0
2032-02-25,SPX,-0.006046516048326853
2032-02-25,HSI,-0.0
2032-02-25,N225,-0.021105586351937516
2032-02-25,SX5E,-0.017205038497422415
2032-02-25,000688.SH,-0.0704030093500913
2032-02-25,SOX,0.1050138453341439
2032-02-25,NDX,-0.025938191556794023
2032-02-25,XAU,-0.00014317407796991984
2032-02-25,COPPER,-0.057919011452438815
2032-02-25,WTI,0.0937535003518109
2032-02-25,BTC,-0.0
2032-02-25,ETH,-0.0
2032-02-25,US10Y,-6.818350975514725e-06
2032-02-25,CN10Y,-0.0
2032-02-26,000300.SH,-0.0
2032-02-26,SPX,0.0001237563152581625
2032-02-26,HSI,-0.0
2032-02-26,N225,-0.02428060023142287
2032-02-26,SX5E,0.003076995299422901
2032-02-26,000688.SH,-0.11148469173146329
2032-02-26,SOX,0.15294495465150734
2032-02-26,NDX,-0.09059634038719172
2032-02-26,XAU,0.004244156451328876
2032-02-26,COPPER,-0.030223123918289702
2032-02-26,WTI,0.09961279711574161
2032-02-26,BTC,-0.0
2032-02-26,ETH,-0.0
2032-02-26,US10Y,-0.0034179035648920176
2032-02-26,CN10Y,-0.0
2032-02-27,000300.SH,-0.0
2032-02-27,SPX,-0.01792320106894693
2032-02-27,HSI,-0.0
2032-02-27,N225,-0.008750811854855507
2032-02-27,SX5E,-0.007302955865350154
2032-02-27,000688.SH,-0.09243699373901118
2032-02-27,SOX,0.1387494416723485
2032-02-27,NDX,-0.0891828388038373
2032-02-27,XAU,0.035768101835410036
2032-02-27,COPPER,-0.06588764392873407
2032-02-27,WTI,0.0951852929941649
2032-02-27,BTC,-0.0
2032-02-27,ETH,-0.0
2032-02-27,US10Y,0.011781608758809854
2032-02-27,CN10Y,-0.0
2032-03-01,000300.SH,-0.0
2032-03-01,SPX,-0.011493044027741851
2032-03-01,HSI,-0.0
2032-03-01,N225,-0.010375221982888936
2032-03-01,SX5E,0.004133356340586977
2032-03-01,000688.SH,-0.11909864452188335
2032-03-01,SOX,0.1424907489200097
2032-03-01,NDX,-0.09833086655989604
2032-03-01,XAU,0.005418328222620531
2032-03-01,COPPER,-0.0049301862558273485
2032-03-01,WTI,0.08771801077692071
2032-03-01,BTC,-0.0
2032-03-01,ETH,-0.0
2032-03-01,US10Y,0.004467519088097407
2032-03-01,CN10Y,-0.0
2032-03-02,000300.SH,-0.0
2032-03-02,SPX,0.007502340674623006
2032-03-02,HSI,-0.0
2032-03-02,N225,-0.019290603829806838
2032-03-02,SX5E,0.009332355880332622
2032-03-02,000688.SH,-0.10972267487026484
2032-03-02,SOX,0.20287706609674194
2032-03-02,NDX,-0.10859351875202183
2032-03-02,XAU,0.006108956173412957
2032-03-02,COPPER,-0.01737389634809315
2032-03-02,WTI,-0.00758345761418068
2032-03-02,BTC,-0.0
2032-03-02,ETH,-0.0
2032-03-02,US10Y,0.0367434325892562
2032-03-02,CN10Y,-0.0
2032-03-03,000300.SH,-0.0
2032-03-03,SPX,-0.02003081938180349
2032-03-03,HSI,-0.0
2032-03-03,N225,-0.02457706844256074
2032-03-03,SX5E,0.031102056108225307
2032-03-03,000688.SH,-0.12660382728777717
2032-03-03,SOX,0.152231088364296
2032-03-03,NDX,-0.06924142284578994
2032-03-03,XAU,0.009511632497959117
2032-03-03,COPPER,-0.04563540993436984
2032-03-03,WTI,0.041485694465708434
2032-03-03,BTC,-0.0
2032-03-03,ETH,-0.0
2032-03-03,US10Y,0.05175807645611218
2032-03-03,CN10Y,-0.0
2032-03-04,000300.SH,-0.0
2032-03-04,SPX,-0.03196373167056219
2032-03-04,HSI,-0.0
2032-03-04,N225,-0.0063068235325084345
2032-03-04,SX5E,0.0017410228128804175
2032-03-04,000688.SH,-0.10968094607868897
2032-03-04,SOX,0.11668905237337654
2032-03-04,NDX,-0.05921653970409973
2032-03-04,XAU,-0.006397109812783968
2032-03-04,COPPER,-0.025587090219350156
2032-03-04,WTI,0.048945172499954955
2032-03-04,BTC,-0.0
2032-03-04,ETH,-0.0
2032-03-04,US10Y,0.07177699333178138
2032-03-04,CN10Y,-0.0
2032-03-05,000300.SH,-0.0
2032-03-05,SPX,0.005412573808328786
2032-03-05,HSI,-0.0
2032-03-05,N225,-0.0029881964034956148
2032-03-05,SX5E,-0.0248279256206901
2032-03-05,000688.SH,-0.1382495362197548
2032-03-05,SOX,0.128347846538123
2032-03-05,NDX,-0.05853917116790651
2032-03-05,XAU,-0.0286954994077136
2032-03-05,COPPER,0.03302063477148332
2032-03-05,WTI,0.005158735823952917
2032-03-05,BTC,-0.0
2032-03-05,ETH,-0.0
2032-03-05,US10Y,0.08136053787766984
2032-03-05,CN10Y,-0.0
2032-03-08,000300.SH,-0.0
2032-03-08,SPX,-0.02538083184412139
2032-03-08,HSI,-0.0
2032-03-08,N225,-0.0009346417723351472
2032-03-08,SX5E,-0.02154055694060822
2032-03-08,000688.SH,-0.17038731599056828
2032-03-08,SOX,0.1464116913184353
2032-03-08,NDX,-0.040365405852249195
2032-03-08,XAU,-0.056800575670499204
2032-03-08,COPPER,0.03966714263671184
2032-03-08,WTI,0.037421628292654205
2032-03-08,BTC,-0.0
2032-03-08,ETH,-0.0
2032-03-08,US10Y,0.09190886582257414
2032-03-08,CN10Y,-0.0
2032-03-09,000300.SH,-0.0
2032-03-09,SPX,-0.04104102238846567
2032-03-09,HSI,-0.0
2032-03-09,N225,-0.0330022038258492
2032-03-09,SX5E,-0.02820836339823754
2032-03-09,000688.SH,-0.1500576568295141
2032-03-09,SOX,0.1319200621126861
2032-03-09,NDX,-0.057781656690072576
2032-03-09,XAU,-0.04632966090872402
2032-03-09,COPPER,0.055289420631434265
2032-03-09,WTI,0.07228063519818023
2032-03-09,BTC,-0.0
2032-03-09,ETH,-0.0
2032-03-09,US10Y,0.09693044609855704
2032-03-09,CN10Y,-0.0
2032-03-10,000300.SH,-0.0
2032-03-10,SPX,-0.01948053052352026
2032-03-10,HSI,-0.0
2032-03-10,N225,-0.00842579487371847
2032-03-10,SX5E,-0.018619345026647634
2032-03-10,000688.SH,-0.125477171439419
2032-03-10,SOX,0.08326304237001916
2032-03-10,NDX,-0.06763793013169661
2032-03-10,XAU,-0.05528159838001139
2032-03-10,COPPER,0.06104372499089164
2032-03-10,WTI,0.05309548959541276
2032-03-10,BTC,-0.0
2032-03-10,ETH,-0.0
2032-03-10,US10Y,0.09752011341868441
2032-03-10,CN10Y,-0.0
2032-03-11,000300.SH,-0.0
2032-03-11,SPX,-0.017393864819450214
2032-03-11,HSI,-0.0
2032-03-11,N225,-0.010725652416161968
2032-03-11,SX5E,-0.0007219719072162917
2032-03-11,000688.SH,-0.11258419957297733
2032-03-11,SOX,0.05165519149966424
2032-03-11,NDX,-0.07002841024268161
2032-03-11,XAU,-0.06570725866050904
2032-03-11,COPPER,0.05878566025286384
2032-03-11,WTI,0.07434424798913439
2032-03-11,BTC,-0.0
2032-03-11,ETH,-0.0
2032-03-11,US10Y,0.09237625787732892
2032-03-11,CN10Y,-0.0
2032-03-12,000300.SH,-0.0
2032-03-12,SPX,-0.004203687381303844
2032-03-12,HSI,-0.0
2032-03-12,N225,-0.003685407832476305
2032-03-12,SX5E,0.005272241286735355
2032-03-12,000688.SH,-0.05462128388344015
2032-03-12,SOX,0.049679714837691756
2032-03-12,NDX,-0.11582674243983104
2032-03-12,XAU,-0.0665544370316194
2032-03-12,COPPER,0.05010315585598335
2032-03-12,WTI,0.03862958603016017
2032-03-12,BTC,-0.0
2032-03-12,ETH,-0.0
2032-03-12,US10Y,0.10120686055809605
2032-03-12,CN10Y,-0.0
2032-03-15,000300.SH,-0.0
2032-03-15,SPX,-0.0032379999472686603
2032-03-15,HSI,-0.0
2032-03-15,N225,-0.009516663801190347
2032-03-15,SX5E,-0.000609242434747998
2032-03-15,000688.SH,-0.0007960222369515629
2032-03-15,SOX,-0.012511559380013276
2032-03-15,NDX,-0.05733957711996626
2032-03-15,XAU,-0.07348516588767816
2032-03-15,COPPER,0.04727396456595352
2032-03-15,WTI,-0.019592716620460734
2032-03-15,BTC,-0.0
2032-03-15,ETH,-0.0
2032-03-15,US10Y,0.12981498286231977
2032-03-15,CN10Y,-0.0
2032-03-16,000300.SH,-0.0
2032-03-16,SPX,-0.00033080192322051385
2032-03-16,HSI,-0.0
2032-03-16,N225,-0.013443989006542154
2032-03-16,SX5E,-0.01066192053421897
2032-03-16,000688.SH,-0.004122805015849964
2032-03-16,SOX,0.0028096613576937615
2032-03-16,NDX,-0.04073177784084308
2032-03-16,XAU,-0.07993538084092044
2032-03-16,COPPER,0.020309579292370192
2032-03-16,WTI,-0.0024298591065619324
2032-03-16,BTC,-0.0
2032-03-16,ETH,-0.0
2032-03-16,US10Y,0.12853729361809094
2032-03-16,CN10Y,-0.0
2032-03-17,000300.SH,-0.0
2032-03-17,SPX,0.00030643828816084547
2032-03-17,HSI,-0.0
2032-03-17,N225,-0.006245438239645511
2032-03-17,SX5E,-0.011253989260136953
2032-03-17,000688.SH,-0.025492574288671282
2032-03-17,SOX,0.029960916770504713
2032-03-17,NDX,-0.04946568264034706
2032-03-17,XAU,-0.07295465266387466
2032-03-17,COPPER,0.035025561947191954
2032-03-17,WTI,-0.030510194563821858
2032-03-17,BTC,-0.0
2032-03-17,ETH,-0.0
2032-03-17,US10Y,0.13062961465064
2032-03-17,CN10Y,-0.0
2032-03-18,000300.SH,-0.0
2032-03-18,SPX,-0.006695650986651758
2032-03-18,HSI,-0.0
2032-03-18,N225,-0.008841316286979588
2032-03-18,SX5E,-0.002134824419384888
2032-03-18,000688.SH,-0.01513134984442326
2032-03-18,SOX,-0.040829603981464825
2032-03-18,NDX,-0.00841474436031387
2032-03-18,XAU,-0.09228183508663125
2032-03-18,COPPER,0.025084340061580637
2032-03-18,WTI,0.0348525859121232
2032-03-18,BTC,-0.0
2032-03-18,ETH,-0.0
2032-03-18,US10Y,0.11439239899214622
2032-03-18,CN10Y,-0.0
2032-03-19,000300.SH,-0.0
2032-03-19,SPX,0.008039645626331192
2032-03-19,HSI,-0.0
2032-03-19,N225,-0.029115124011626758
2032-03-19,SX5E,-0.004974924136858924
2032-03-19,000688.SH,-0.04068530401835983
2032-03-19,SOX,-0.040562544141858045
2032-03-19,NDX,-0.002718979818198344
2032-03-19,XAU,-0.08652892473539145
2032-03-19,COPPER,0.05387200713959153
2032-03-19,WTI,0.05643348134578664
2032-03-19,BTC,-0.0
2032-03-19,ETH,-0.0
2032-03-19,US10Y,0.0862406667505863
2032-03-19,CN10Y,-0.0
2032-03-22,000300.SH,-0.0
2032-03-22,SPX,0.010956423671922448
2032-03-22,HSI,-0.0
2032-03-22,N225,-0.05245629055075912
2032-03-22,SX5E,-0.022301876715284004
2032-03-22,000688.SH,0.0029623874952730317
2032-03-22,SOX,-0.02667549437000668
2032-03-22,NDX,-0.04216069323743559
2032-03-22,XAU,-0.08419091219625228
2032-03-22,COPPER,0.052340830505812216
2032-03-22,WTI,0.07507695093041813
2032-03-22,BTC,-0.0
2032-03-22,ETH,-0.0
2032-03-22,US10Y,0.08644867446631502
2032-03-22,CN10Y,-0.0
2032-03-23,000300.SH,-0.0
2032-03-23,SPX,0.02696986991036499
2032-03-23,HSI,-0.0
2032-03-23,N225,-0.06913365169665733
2032-03-23,SX5E,-0.03324488496542191
2032-03-23,000688.SH,0.031810861053710865
2032-03-23,SOX,-0.031296178809173514
2032-03-23,NDX,-0.07019354872876853
2032-03-23,XAU,-0.06678412317150526
2032-03-23,COPPER,0.03767643850592235
2032-03-23,WTI,0.09961051006617926
2032-03-23,BTC,-0.0
2032-03-23,ETH,-0.0
2032-03-23,US10Y,0.07458470783535218
2032-03-23,CN10Y,-0.0
2032-03-24,000300.SH,-0.0
2032-03-24,SPX,0.032534116006280235
2032-03-24,HSI,-0.0
2032-03-24,N225,-0.08834399295738854
2032-03-24,SX5E,-0.026231260837048607
2032-03-24,000688.SH,0.06437778854369539
2032-03-24,SOX,-0.02177755317202214
2032-03-24,NDX,-0.048522411913058894
2032-03-24,XAU,-0.07965071315747631
2032-03-24,COPPER,0.025291171725713248
2032-03-24,WTI,0.06162634301505257
2032-03-24,BTC,-0.0
2032-03-24,ETH,-0.0
2032-03-24,US10Y,0.08069651274625611
2032-03-24,CN10Y,-0.0
2032-03-25,000300.SH,-0.0
2032-03-25,SPX,0.03333022839116971
2032-03-25,HSI,-0.0
2032-03-25,N225,-0.10649785888907665
2032-03-25,SX5E,-0.026683100137415806
2032-03-25,000688.SH,0.10914922638343734
2032-03-25,SOX,-0.012656051732619675
2032-03-25,NDX,0.02975225122120329
2032-03-25,XAU,-0.11283376604924483
2032-03-25,COPPER,-0.006894549565868696
2032-03-25,WTI,0.005693999706381958
2032-03-25,BTC,-0.0
2032-03-25,ETH,-0.0
2032-03-25,US10Y,0.08763962067203608
2032-03-25,CN10Y,-0.0
2032-03-26,000300.SH,-0.0
2032-03-26,SPX,0.03855778587713285
2032-03-26,HSI,-0.0
2032-03-26,N225,-0.1034603529605605
2032-03-26,SX5E,-0.02467034317485663
2032-03-26,000688.SH,0.11244559303088832
2032-03-26,SOX,-0.029935223715786396
2032-03-26,NDX,0.04704994724774102
2032-03-26,XAU,-0.11424520525465341
2032-03-26,COPPER,-0.01310361159697378
2032-03-26,WTI,-0.004711836284283757
2032-03-26,BTC,-0.0
2032-03-26,ETH,-0.0
2032-03-26,US10Y,0.09207324683135858
2032-03-26,CN10Y,-0.0
2032-03-29,000300.SH,-0.0
2032-03-29,SPX,0.01590840209567217
2032-03-29,HSI,-0.0
2032-03-29,N225,-0.08691027051006792
2032-03-29,SX5E,-0.015832570178902525
2032-03-29,000688.SH,0.1267750844988949
2032-03-29,SOX,0.03096414082925912
2032-03-29,NDX,0.06354197856512837
2032-03-29,XAU,-0.1096020695846421
2032-03-29,COPPER,-0.04572963060784567
2032-03-29,WTI,-0.06146478427980753
2032-03-29,BTC,-0.0
2032-03-29,ETH,-0.0
2032-03-29,US10Y,0.08234971917231876
2032-03-29,CN10Y,-0.0
2032-03-30,000300.SH,-0.0
2032-03-30,SPX,0.007557846827684005
2032-03-30,HSI,-0.0
2032-03-30,N225,-0.06459470517312448
2032-03-30,SX5E,0.00032989441298255165
2032-03-30,000688.SH,0.1612044864216789
2032-03-30,SOX,0.002634240558064377
2032-03-30,NDX,0.05090835746500701
2032-03-30,XAU,-0.12994339482357284
2032-03-30,COPPER,-0.01438178538595871
2032-03-30,WTI,-0.07452612735192499
2032-03-30,BTC,-0.0
2032-03-30,ETH,-0.0
2032-03-30,US10Y,0.06081118704916845
2032-03-30,CN10Y,-0.0
2032-03-31,000300.SH,-0.0
2032-03-31,SPX,0.005291106151642513
2032-03-31,HSI,-0.0
2032-03-31,N225,-0.05350743244010896
2032-03-31,SX5E,-0.013064925651853162
2032-03-31,000688.SH,0.11956790848373935
2032-03-31,SOX,0.04238422558661385
2032-03-31,NDX,0.026360849164660423
2032-03-31,XAU,-0.11878263602223342
2032-03-31,COPPER,-0.003997526921781749
2032-03-31,WTI,-0.09453766188317067
2032-03-31,BTC,-0.0
2032-03-31,ETH,-0.0
2032-03-31,US10Y,0.09028609353249467
2032-03-31,CN10Y,-0.0
2032-04-01,000300.SH,-0.0
2032-04-01,SPX,0.002804333802812484
2032-04-01,HSI,-0.0
2032-04-01,N225,-0.06366917402468379
2032-04-01,SX5E,0.024590164570526048
2032-04-01,000688.SH,0.08771982249474017
2032-04-01,SOX,0.1005656174043441
2032-04-01,NDX,0.03698374942324108
2032-04-01,XAU,-0.11509368543798888
2032-04-01,COPPER,0.0010147746431472694
2032-04-01,WTI,-0.15977296745593234
2032-04-01,BTC,-0.0
2032-04-01,ETH,-0.0
2032-04-01,US10Y,0.0848573645797961
2032-04-01,CN10Y,-0.0
2032-04-02,000300.SH,-0.0
2032-04-02,SPX,-0.046338758313824155
2032-04-02,HSI,-0.0
2032-04-02,N225,-0.06521580538449863
2032-04-02,SX5E,0.02721453403554198
2032-04-02,000688.SH,0.11699038748702066
2032-04-02,SOX,0.09019667367333913
2032-04-02,NDX,0.0365236947733405
2032-04-02,XAU,-0.11721633097873113
2032-04-02,COPPER,-0.009984081131463984
2032-04-02,WTI,-0.11735968251328405
2032-04-02,BTC,-0.0
2032-04-02,ETH,-0.0
2032-04-02,US10Y,0.08518936835256354
2032-04-02,CN10Y,-0.0
2032-04-05,000300.SH,-0.0
2032-04-05,SPX,-0.02375209944788277
2032-04-05,HSI,-0.0
2032-04-05,N225,-0.0683625981126765
2032-04-05,SX5E,0.021627289144237435
2032-04-05,000688.SH,0.08384239862246268
2032-04-05,SOX,0.06527162672922036
2032-04-05,NDX,0.042608330884600795
2032-04-05,XAU,-0.07623356320362157
2032-04-05,COPPER,0.014265126231865282
2032-04-05,WTI,-0.1337655883117218
2032-04-05,BTC,-0.0
2032-04-05,ETH,-0.0
2032-04-05,US10Y,0.07449907746352168
2032-04-05,CN10Y,-0.0
2032-04-06,000300.SH,-0.0
2032-04-06,SPX,-0.001624616957220563
2032-04-06,HSI,-0.0
2032-04-06,N225,-0.033403150764402645
2032-04-06,SX5E,0.005893554829185809
2032-04-06,000688.SH,0.09034188218761979
2032-04-06,SOX,0.05171214573616084
2032-04-06,NDX,0.036189991184516865
2032-04-06,XAU,-0.07885293133535982
2032-04-06,COPPER,0.006975062301596455
2032-04-06,WTI,-0.15999958159007535
2032-04-06,BTC,-0.0
2032-04-06,ETH,-0.0
2032-04-06,US10Y,0.08276764440798452
2032-04-06,CN10Y,-0.0
2032-04-07,000300.SH,-0.0
2032-04-07,SPX,-0.03693228682089442
2032-04-07,HSI,-0.0
2032-04-07,N225,-0.04529476565852755
2032-04-07,SX5E,0.013595666329780327
2032-04-07,000688.SH,0.04948787082579209
2032-04-07,SOX,0.0960804513099826
2032-04-07,NDX,0.022282440730039297
2032-04-07,XAU,-0.05344122204333199
2032-04-07,COPPER,0.0036530638367714384
2032-04-07,WTI,-0.11252113979489375
2032-04-07,BTC,-0.0
2032-04-07,ETH,-0.0
2032-04-07,US10Y,0.06308992128528781
2032-04-07,CN10Y,-0.0
2032-04-08,000300.SH,-0.0
2032-04-08,SPX,-0.06243125867072561
2032-04-08,HSI,-0.0
2032-04-08,N225,-0.05109767248133222
2032-04-08,SX5E,0.006549602588982881
2032-04-08,000688.SH,0.03466191645975732
2032-04-08,SOX,0.07095228684512105
2032-04-08,NDX,0.05128992952163926
2032-04-08,XAU,-0.03529333797625988
2032-04-08,COPPER,-0.00325574349834803
2032-04-08,WTI,-0.07051627100137502
2032-04-08,BTC,-0.0
2032-04-08,ETH,-0.0
2032-04-08,US10Y,0.05914054821254695
2032-04-08,CN10Y,-0.0
2032-04-09,000300.SH,-0.0
2032-04-09,SPX,-0.10195541866638244
2032-04-09,HSI,-0.0
2032-04-09,N225,-0.0257412312569062
2032-04-09,SX5E,-0.00980782907557138
2032-04-09,000688.SH,0.06943491279921735
2032-04-09,SOX,0.060661233133427736
2032-04-09,NDX,0.12681007283436105
2032-04-09,XAU,-0.033416999626990705
2032-04-09,COPPER,-0.011526785007540206
2032-04-09,WTI,-0.15430702698762527
2032-04-09,BTC,-0.0
2032-04-09,ETH,-0.0
2032-04-09,US10Y,0.07984907185401693
2032-04-09,CN10Y,-0.0
2032-04-12,000300.SH,-0.0
2032-04-12,SPX,-0.09750694001515661
2032-04-12,HSI,-0.0
2032-04-12,N225,-0.0024795858222561792
2032-04-12,SX5E,-0.022104826399519613
2032-04-12,000688.SH,0.03900607217518353
2032-04-12,SOX,0.13975799525447463
2032-04-12,NDX,0.11582152154958159
2032-04-12,XAU,-0.0432439108337508
2032-04-12,COPPER,0.0071776736663507245
2032-04-12,WTI,-0.17911282426025577
2032-04-12,BTC,-0.0
2032-04-12,ETH,-0.0
2032-04-12,US10Y,0.04268482468535721
2032-04-12,CN10Y,-0.0
2032-04-13,000300.SH,-0.0
2032-04-13,SPX,-0.0918637657884589
2032-04-13,HSI,-0.0
2032-04-13,N225,0.012671329926534794
2032-04-13,SX5E,-0.04121294861378384
2032-04-13,000688.SH,0.02993488358447463
2032-04-13,SOX,0.14166523829199706
2032-04-13,NDX,0.09877485196195217
2032-04-13,XAU,-0.04119663651587471
2032-04-13,COPPER,0.028232854171296437
2032-04-13,WTI,-0.19134409053143214
2032-04-13,BTC,-0.0
2032-04-13,ETH,-0.0
2032-04-13,US10Y,0.05433828351330136
2032-04-13,CN10Y,-0.0
2032-04-14,000300.SH,-0.0
2032-04-14,SPX,-0.0613416956376342
2032-04-14,HSI,-0.0
2032-04-14,N225,0.011488755068245366
2032-04-14,SX5E,-0.048883576073892696
2032-04-14,000688.SH,0.014993205038044716
2032-04-14,SOX,0.1345693575309439
2032-04-14,NDX,0.11352332506806426
2032-04-14,XAU,-0.04318957977281674
2032-04-14,COPPER,0.02279390575164817
2032-04-14,WTI,-0.19295512490538663
2032-04-14,BTC,-0.0
2032-04-14,ETH,-0.0
2032-04-14,US10Y,0.04900142793279015
2032-04-14,CN10Y,-0.0
2032-04-15,000300.SH,-0.0
2032-04-15,SPX,-0.05539566676809299
2032-04-15,HSI,-0.0
2032-04-15,N225,0.04314249281077325
2032-04-15,SX5E,-0.06130151045602553
2032-04-15,000688.SH,0.017463669823068347
2032-04-15,SOX,0.17717638232947103
2032-04-15,NDX,0.06526659794426173
2032-04-15,XAU,-0.0315092335695252
2032-04-15,COPPER,0.035721783264503135
2032-04-15,WTI,-0.2517566382307252
2032-04-15,BTC,-0.0
2032-04-15,ETH,-0.0
2032-04-15,US10Y,0.06119212285229838
2032-04-15,CN10Y,-0.0
2032-04-16,000300.SH,-0.0
2032-04-16,SPX,-0.06467780494796753
2032-04-16,HSI,-0.0
2032-04-16,N225,0.06445388468664626
2032-04-16,SX5E,-0.06536427952075985
2032-04-16,000688.SH,0.045553291409017246
2032-04-16,SOX,0.18696232681265545
2032-04-16,NDX,0.08840680481832286
2032-04-16,XAU,-0.04438760517790643
2032-04-16,COPPER,-0.002134270624480041
2032-04-16,WTI,-0.2887608127604477
2032-04-16,BTC,-0.0
2032-04-16,ETH,-0.0
2032-04-16,US10Y,0.07994846530492689
2032-04-16,CN10Y,-0.0
2032-04-19,000300.SH,-0.0
2032-04-19,SPX,-0.02485986863337738
2032-04-19,HSI,-0.0
2032-04-19,N225,0.06820166607943878
2032-04-19,SX5E,-0.07461284535649199
2032-04-19,000688.SH,0.03998450655700177
2032-04-19,SOX,0.18350121305393757
2032-04-19,NDX,0.10183536530054291
2032-04-19,XAU,-0.05099264979988269
2032-04-19,COPPER,0.0026333496826910566
2032-04-19,WTI,-0.3216604921387512
2032-04-19,BTC,-0.0
2032-04-19,ETH,-0.0
2032-04-19,US10Y,0.0759697552549011
2032-04-19,CN10Y,-0.0
2032-04-20,000300.SH,-0.0
2032-04-20,SPX,-0.048159256402403004
2032-04-20,HSI,-0.0
2032-04-20,N225,0.07349736910805449
2032-04-20,SX5E,-0.056318190384858705
2032-04-20,000688.SH,0.01586615660853295
2032-04-20,SOX,0.1807989252932586
2032-04-20,NDX,0.09829747289501387
2032-04-20,XAU,-0.05780760837423731
2032-04-20,COPPER,0.03443701200609026
2032-04-20,WTI,-0.2887967530161162
2032-04-20,BTC,-0.0
2032-04-20,ETH,-0.0
2032-04-20,US10Y,0.04818487226667262
2032-04-20,CN10Y,-0.0
2032-04-21,000300.SH,-0.0
2032-04-21,SPX,-0.05810575768333772
2032-04-21,HSI,-0.0
2032-04-21,N225,0.07009420727999313
2032-04-21,SX5E,-0.0645258780628424
2032-04-21,000688.SH,-0.0008792425751729532
2032-04-21,SOX,0.12796954564265614
2032-04-21,NDX,0.1142889332916071
2032-04-21,XAU,-0.04817229967509322
2032-04-21,COPPER,0.04801825351198229
2032-04-21,WTI,-0.23198096266897963
2032-04-21,BTC,-0.0
2032-04-21,ETH,-0.0
2032-04-21,US10Y,0.04329320093919241
2032-04-21,CN10Y,-0.0
2032-04-22,000300.SH,-0.0
2032-04-22,SPX,-0.05644078545772113
2032-04-22,HSI,-0.0
2032-04-22,N225,0.07595374185496143
2032-04-22,SX5E,-0.06000180232715911
2032-04-22,000688.SH,0.010516702106799601
2032-04-22,SOX,0.09280699371421841
2032-04-22,NDX,0.0762274228336777
2032-04-22,XAU,-0.04283166523998384
2032-04-22,COPPER,0.050528778195304096
2032-04-22,WTI,-0.15660082557801797
2032-04-22,BTC,-0.0
2032-04-22,ETH,-0.0
2032-04-22,US10Y,0.009841439897926074
2032-04-22,CN10Y,-0.0
2032-04-23,000300.SH,-0.0
2032-04-23,SPX,-0.07368361606579749
2032-04-23,HSI,-0.0
2032-04-23,N225,0.07840281558484392
2032-04-23,SX5E,-0.05850034538793575
2032-04-23,000688.SH,-0.049980491680763385
2032-04-23,SOX,0.10046484309522372
2032-04-23,NDX,0.0435427350728924
2032-04-23,XAU,-0.06429199604672488
2032-04-23,COPPER,0.08664828543016713
2032-04-23,WTI,-0.08879333638015846
2032-04-23,BTC,-0.0
2032-04-23,ETH,-0.0
2032-04-23,US10Y,0.02619110637825692
2032-04-23,CN10Y,-0.0
2032-04-26,000300.SH,-0.0
2032-04-26,SPX,-0.0743158025425703
2032-04-26,HSI,-0.0
2032-04-26,N225,0.06828603181065844
2032-04-26,SX5E,-0.06468078783005761
2032-04-26,000688.SH,-0.06746957845960286
2032-04-26,SOX,0.03874256767264864
2032-04-26,NDX,0.02925970305098822
2032-04-26,XAU,-0.07456355801373506
2032-04-26,COPPER,0.10041546589216954
2032-04-26,WTI,-0.0016274824538172195
2032-04-26,BTC,-0.0
2032-04-26,ETH,-0.0
2032-04-26,US10Y,0.04595344087332444
2032-04-26,CN10Y,-0.0
2032-04-27,000300.SH,-0.0
2032-04-27,SPX,-0.061059387742225815
2032-04-27,HSI,-0.0
2032-04-27,N225,0.05571582434339098
2032-04-27,SX5E,-0.07181627733379811
2032-04-27,000688.SH,-0.11736335183421129
2032-04-27,SOX,0.027728079552038334
2032-04-27,NDX,0.04395609129817237
2032-04-27,XAU,-0.07491881949932408
2032-04-27,COPPER,0.09239168911104592
2032-04-27,WTI,0.06154797524393059
2032-04-27,BTC,-0.0
2032-04-27,ETH,-0.0
2032-04-27,US10Y,0.043818176860990245
2032-04-27,CN10Y,-0.0
2032-04-28,000300.SH,-0.0
2032-04-28,SPX,-0.05352527471647107
2032-04-28,HSI,-0.0
2032-04-28,N225,0.06921484388908106
2032-04-28,SX5E,-0.04970500252330014
2032-04-28,000688.SH,-0.07650389225575323
2032-04-28,SOX,0.03174550862614737
2032-04-28,NDX,0.04215063348447385
2032-04-28,XAU,-0.06765880460415365
2032-04-28,COPPER,0.06324749012692535
2032-04-28,WTI,0.020376857814462017
2032-04-28,BTC,-0.0
2032-04-28,ETH,-0.0
2032-04-28,US10Y,0.020657640158600058
2032-04-28,CN10Y,-0.0
2032-04-29,000300.SH,-0.0
2032-04-29,SPX,-0.05374776420282934
2032-04-29,HSI,-0.0
2032-04-29,N225,0.05614642030812492
2032-04-29,SX5E,-0.08605950892959092
2032-04-29,000688.SH,-0.0257027387796427
2032-04-29,SOX,0.014282810819487053
2032-04-29,NDX,0.07792029075238949
2032-04-29,XAU,-0.058474622477629495
2032-04-29,COPPER,0.04908904696728967
2032-04-29,WTI,0.013472796174446543
2032-04-29,BTC,-0.0
2032-04-29,ETH,-0.0
2032-04-29,US10Y,0.0130732693679663
2032-04-29,CN10Y,-0.0
2032-04-30,000300.SH,-0.0
2032-04-30,SPX,-0.04801913015024817
2032-04-30,HSI,-0.0
2032-04-30,N225,0.0646540258183615
2032-04-30,SX5E,-0.08175253391503738
2032-04-30,000688.SH,-0.014870322321961713
2032-04-30,SOX,-0.0440836920097019
2032-04-30,NDX,0.04173400434920596
2032-04-30,XAU,-0.04608735261388299
2032-04-30,COPPER,0.050559267467210754
2032-04-30,WTI,0.07419823371993131
2032-04-30,BTC,-0.0
2032-04-30,ETH,-0.0
2032-04-30,US10Y,0.0036674996561351994
2032-04-30,CN10Y,-0.0
2032-05-03,000300.SH,-0.0
2032-05-03,SPX,-0.04085700113765359
2032-05-03,HSI,-0.0
2032-05-03,N225,0.05111255889146789
2032-05-03,SX5E,-0.0689945910827464
2032-05-03,000688.SH,-0.004385560982986824
2032-05-03,SOX,-0.018116192534390445
2032-05-03,NDX,0.048387689574907945
2032-05-03,XAU,-0.08008256388797363
2032-05-03,COPPER,0.054818177505721835
2032-05-03,WTI,0.06244109866642452
2032-05-03,BTC,-0.0
2032-05-03,ETH,-0.0
2032-05-03,US10Y,-0.004323615012758884
2032-05-03,CN10Y,-0.0
2032-05-04,000300.SH,-0.0
2032-05-04,SPX,-0.03813053337200049
2032-05-04,HSI,-0.0
2032-05-04,N225,0.05206231094654252
2032-05-04,SX5E,-0.06638706998080103
2032-05-04,000688.SH,0.002120646529092031
2032-05-04,SOX,-0.010364630122225866
2032-05-04,NDX,0.055947061005813384
2032-05-04,XAU,-0.06763085801220291
2032-05-04,COPPER,0.050341921853250655
2032-05-04,WTI,0.03529593596933546
2032-05-04,BTC,-0.0
2032-05-04,ETH,-0.0
2032-05-04,US10Y,-0.01325478481679349
2032-05-04,CN10Y,-0.0
2032-05-05,000300.SH,-0.0
2032-05-05,SPX,0.0071387956554214045
2032-05-05,HSI,-0.0
2032-05-05,N225,0.034185081155167475
2032-05-05,SX5E,-0.09489671444684408
2032-05-05,000688.SH,0.021421880461767837
2032-05-05,SOX,-0.05278453060312441
2032-05-05,NDX,0.06547909534922888
2032-05-05,XAU,-0.06775642121554051
2032-05-05,COPPER,0.060891742828852964
2032-05-05,WTI,0.044086563502071394
2032-05-05,BTC,-0.0
2032-05-05,ETH,-0.0
2032-05-05,US10Y,-0.017765492686990104
2032-05-05,CN10Y,-0.0
2032-05-06,000300.SH,-0.0
2032-05-06,SPX,-0.00034560418858404357
2032-05-06,HSI,-0.0
2032-05-06,N225,0.05166745547118381
2032-05-06,SX5E,-0.080190852599827
2032-05-06,000688.SH,0.01036461122827853
2032-05-06,SOX,-0.035853990691352394
2032-05-06,NDX,0.04900998054584744
2032-05-06,XAU,-0.06862149028092383
2032-05-06,COPPER,0.05238316827946755
2032-05-06,WTI,0.04051499828062592
2032-05-06,BTC,-0.0
2032-05-06,ETH,-0.0
2032-05-06,US10Y,-0.018928276044707447
2032-05-06,CN10Y,-0.0
2032-05-07,000300.SH,-0.0
2032-05-07,SPX,0.0476446285207074
2032-05-07,HSI,-0.0
2032-05-07,N225,0.02794524153976872
2032-05-07,SX5E,-0.06330628548418164
2032-05-07,000688.SH,-0.02445752695028738
2032-05-07,SOX,-0.06056451506870807
2032-05-07,NDX,0.01285753975917777
2032-05-07,XAU,-0.06220643842184978
2032-05-07,COPPER,0.0502033328373912
2032-05-07,WTI,0.1092596014246854
2032-05-07,BTC,-0.0
2032-05-07,ETH,-0.0
2032-05-07,US10Y,-0.03737557815669652
2032-05-07,CN10Y,-0.0
2032-05-10,000300.SH,-0.0
2032-05-10,SPX,0.03241095996563416
2032-05-10,HSI,-0.0
2032-05-10,N225,0.006127665249282864
2032-05-10,SX5E,-0.04780979870922367
2032-05-10,000688.SH,-0.023660787100312546
2032-05-10,SOX,-0.11913230863772012
2032-05-10,NDX,0.019726840276847794
2032-05-10,XAU,-0.025282261460625472
2032-05-10,COPPER,0.056797014496257396
2032-05-10,WTI,0.11301627173423351
2032-05-10,BTC,-0.0
2032-05-10,ETH,-0.0
2032-05-10,US10Y,-0.012193595814370309
2032-05-10,CN10Y,-0.0
2032-05-11,000300.SH,-0.0
2032-05-11,SPX,0.018106120256688313
2032-05-11,HSI,-0.0
2032-05-11,N225,0.016497605986386502
2032-05-11,SX5E,-0.033899695086135495
2032-05-11,000688.SH,-0.03034527467298926
2032-05-11,SOX,-0.18242966170834704
2032-05-11,NDX,0.011595181955422335
2032-05-11,XAU,-0.012691389385716139
2032-05-11,COPPER,0.08272990106793787
2032-05-11,WTI,0.17181489217207582
2032-05-11,BTC,-0.0
2032-05-11,ETH,-0.0
2032-05-11,US10Y,-0.041377680585317746
2032-05-11,CN10Y,-0.0
2032-05-12,000300.SH,-0.0
2032-05-12,SPX,-0.0035129469934905583
2032-05-12,HSI,-0.0
2032-05-12,N225,-0.041235978497230374
2032-05-12,SX5E,-0.030192530553050205
2032-05-12,000688.SH,0.003258805320608337
2032-05-12,SOX,-0.16722162504923074
2032-05-12,NDX,0.008170944150333486
2032-05-12,XAU,-0.01511069293699535
2032-05-12,COPPER,0.09943923879392295
2032-05-12,WTI,0.17709122245587997
2032-05-12,BTC,-0.0
2032-05-12,ETH,-0.0
2032-05-12,US10Y,-0.03068643669074338
2032-05-12,CN10Y,-0.0
2032-05-13,000300.SH,-0.0
2032-05-13,SPX,-0.03027258373455404
2032-05-13,HSI,-0.0
2032-05-13,N225,-0.04143688033295594
2032-05-13,SX5E,-0.023292252535546985
2032-05-13,000688.SH,0.011477454932259223
2032-05-13,SOX,-0.15671767636156897
2032-05-13,NDX,0.045118224605629406
2032-05-13,XAU,-0.021373758235995223
2032-05-13,COPPER,0.10589660366279563
2032-05-13,WTI,0.15722050874012689
2032-05-13,BTC,-0.0
2032-05-13,ETH,-0.0
2032-05-13,US10Y,-0.04661964074018672
2032-05-13,CN10Y,-0.0
2032-05-14,000300.SH,-0.0
2032-05-14,SPX,-0.017643202234424997
2032-05-14,HSI,-0.0
2032-05-14,N225,-0.033568302250992235
2032-05-14,SX5E,-0.017335537073967847
2032-05-14,000688.SH,-0.01988080514298187
2032-05-14,SOX,-0.17011693703310132
2032-05-14,NDX,0.0008529106538497366
2032-05-14,XAU,-0.022636374355533347
2032-05-14,COPPER,0.12262662229208277
2032-05-14,WTI,0.23125851687566323
2032-05-14,BTC,-0.0
2032-05-14,ETH,-0.0
2032-05-14,US10Y,-0.07355689173059361
2032-05-14,CN10Y,-0.0
2032-05-17,000300.SH,-0.0
2032-05-17,SPX,-0.04264396052294285
2032-05-17,HSI,-0.0
2032-05-17,N225,-0.0013476385529454342
2032-05-17,SX5E,0.0021721413911958923
2032-05-17,000688.SH,0.00608391707015608
2032-05-17,SOX,-0.1917169863354689
2032-05-17,NDX,-0.014695949777476286
2032-05-17,XAU,-0.01736232992269901
2032-05-17,COPPER,0.11328169646258678
2032-05-17,WTI,0.21259767427443693
2032-05-17,BTC,-0.0
2032-05-17,ETH,-0.0
2032-05-17,US10Y,-0.06636856408684526
2032-05-17,CN10Y,-0.0
2032-05-18,000300.SH,-0.0
2032-05-18,SPX,-0.034422801085546656
2032-05-18,HSI,-0.0
2032-05-18,N225,0.001997648251808834
2032-05-18,SX5E,0.007620012315010324
2032-05-18,000688.SH,0.019971780435433795
2032-05-18,SOX,-0.16309963386302823
2032-05-18,NDX,-0.010236644600465536
2032-05-18,XAU,-0.03248520745656381
2032-05-18,COPPER,0.09514432478262116
2032-05-18,WTI,0.15813051300840697
2032-05-18,BTC,-0.0
2032-05-18,ETH,-0.0
2032-05-18,US10Y,-0.04261999178767764
2032-05-18,CN10Y,-0.0
2032-05-19,000300.SH,-0.0
2032-05-19,SPX,-0.04061180129636168
2032-05-19,HSI,-0.0
2032-05-19,N225,0.02278639015774371
2032-05-19,SX5E,0.023852279575861494
2032-05-19,000688.SH,0.03544169722727137
2032-05-19,SOX,-0.1446177308727289
2032-05-19,NDX,-0.025398564698386104
2032-05-19,XAU,-0.036533477586827914
2032-05-19,COPPER,0.07474125810020683
2032-05-19,WTI,0.1421651429422935
2032-05-19,BTC,-0.0
2032-05-19,ETH,-0.0
2032-05-19,US10Y,-0.05182519354907074
2032-05-19,CN10Y,-0.0
2032-05-20,000300.SH,-0.0
2032-05-20,SPX,-0.0537271717376386
2032-05-20,HSI,-0.0
2032-05-20,N225,0.01607902402393884
2032-05-20,SX5E,-0.00035456412986228925
2032-05-20,000688.SH,0.0221976125290356
2032-05-20,SOX,-0.1171897601333966
2032-05-20,NDX,-0.012485154895680937
2032-05-20,XAU,-0.03324825199961899
2032-05-20,COPPER,0.08501952194800656
2032-05-20,WTI,0.10643379775421609
2032-05-20,BTC,-0.0
2032-05-20,ETH,-0.0
2032-05-20,US10Y,-0.012725053358995955
2032-05-20,CN10Y,-0.0
2032-05-21,000300.SH,-0.0
2032-05-21,SPX,-0.020920236487933154
2032-05-21,HSI,-0.0
2032-05-21,N225,0.007153299844606964
2032-05-21,SX5E,0.02355185557182666
2032-05-21,000688.SH,0.04431671988575507
2032-05-21,SOX,-0.1464234039774976
2032-05-21,NDX,-0.004809954806916579
2032-05-21,XAU,-0.01999319089505601
2032-05-21,COPPER,0.07604694819266448
2032-05-21,WTI,0.05392111932694152
2032-05-21,BTC,-0.0
2032-05-21,ETH,-0.0
2032-05-21,US10Y,-0.012843156654387396
2032-05-21,CN10Y,-0.0
2032-05-24,000300.SH,-0.0
2032-05-24,SPX,-0.0008217182834776345
2032-05-24,HSI,-0.0
2032-05-24,N225,0.008785449687774626
2032-05-24,SX5E,0.03947797712400736
2032-05-24,000688.SH,0.07482331722217324
2032-05-24,SOX,-0.1625509749573615
2032-05-24,NDX,0.0017910203801710534
2032-05-24,XAU,0.0005853586609046186
2032-05-24,COPPER,0.04009841193294019
2032-05-24,WTI,0.04092503078966482
2032-05-24,BTC,-0.0
2032-05-24,ETH,-0.0
2032-05-24,US10Y,-0.04311387255679598
2032-05-24,CN10Y,-0.0
2032-05-25,000300.SH,-0.0
2032-05-25,SPX,0.0025650085980397468
2032-05-25,HSI,-0.0
2032-05-25,N225,0.01652517000019224
2032-05-25,SX5E,0.02342985560979817
2032-05-25,000688.SH,0.12274617103962161
2032-05-25,SOX,-0.18902784538919265
2032-05-25,NDX,-0.006110460577988847
2032-05-25,XAU,0.015428801313792866
2032-05-25,COPPER,0.04352140880658076
2032-05-25,WTI,0.026795244180379672
2032-05-25,BTC,-0.0
2032-05-25,ETH,-0.0
2032-05-25,US10Y,-0.055873353581223285
2032-05-25,CN10Y,-0.0
2032-05-26,000300.SH,-0.0
2032-05-26,SPX,-0.011307795671454197
2032-05-26,HSI,-0.0
2032-05-26,N225,-0.002783894369429202
2032-05-26,SX5E,0.0008331940237997024
2032-05-26,000688.SH,0.11524220992867305
2032-05-26,SOX,-0.1764042948487758
2032-05-26,NDX,-0.009183744529434112
2032-05-26,XAU,0.03160985892712348
2032-05-26,COPPER,0.07577516962920561
2032-05-26,WTI,0.04863529171540119
2032-05-26,BTC,-0.0
2032-05-26,ETH,-0.0
2032-05-26,US10Y,-0.0724159948051108
2032-05-26,CN10Y,-0.0
2032-05-27,000300.SH,-0.0
2032-05-27,SPX,-0.012005372974782175
2032-05-27,HSI,-0.0
2032-05-27,N225,0.010156699499305269
2032-05-27,SX5E,0.013474671790008337
2032-05-27,000688.SH,0.08360743760520027
2032-05-27,SOX,-0.20500705284848275
2032-05-27,NDX,-0.03516404534820831
2032-05-27,XAU,0.030658641471481545
2032-05-27,COPPER,0.04808889736990071
2032-05-27,WTI,0.13474949046074713
2032-05-27,BTC,-0.0
2032-05-27,ETH,-0.0
2032-05-27,US10Y,-0.06855936702516939
2032-05-27,CN10Y,-0.0
2032-05-28,000300.SH,-0.0
2032-05-28,SPX,0.013444428681555045
2032-05-28,HSI,-0.0
2032-05-28,N225,0.012582948296859922
2032-05-28,SX5E,0.03121382787067033
2032-05-28,000688.SH,0.057569843196376244
2032-05-28,SOX,-0.20018127812881148
2032-05-28,NDX,-0.02413898023714535
2032-05-28,XAU,0.021629442785203193
2032-05-28,COPPER,0.013134296404536474
2032-05-28,WTI,0.12038079781365735
2032-05-28,BTC,-0.0
2032-05-28,ETH,-0.0
2032-05-28,US10Y,-0.045635326682903404
2032-05-28,CN10Y,-0.0
2032-05-31,000300.SH,-0.0
2032-05-31,SPX,0.006484508238670939
2032-05-31,HSI,-0.0
2032-05-31,N225,0.026090681620258856
2032-05-31,SX5E,0.028843666662480352
2032-05-31,000688.SH,0.10776143222260465
2032-05-31,SOX,-0.20768846743430028
2032-05-31,NDX,-0.0428407855452611
2032-05-31,XAU,-0.007160918989376597
2032-05-31,COPPER,0.015236222147289513
2032-05-31,WTI,0.1023239010674542
2032-05-31,BTC,-0.0
2032-05-31,ETH,-0.0
2032-05-31,US10Y,-0.029050239989822323
2032-05-31,CN10Y,-0.0
2032-06-01,000300.SH,-0.0
2032-06-01,SPX,-0.019214581254282583
2032-06-01,HSI,-0.0
2032-06-01,N225,0.012461950228881658
2032-06-01,SX5E,0.0073186940605343385
2032-06-01,000688.SH,0.0759827297603197
2032-06-01,SOX,-0.22228124647430056
2032-06-01,NDX,-0.015172720096001738
2032-06-01,XAU,-0.0006591005007154007
2032-06-01,COPPER,0.02282167549774213
2032-06-01,WTI,0.16395557882167586
2032-06-01,BTC,-0.0
2032-06-01,ETH,-0.0
2032-06-01,US10Y,-0.025212980043854305
2032-06-01,CN10Y,-0.0
2032-06-02,000300.SH,-0.0
2032-06-02,SPX,-0.06103344435758164
2032-06-02,HSI,-0.0
2032-06-02,N225,0.008585469743769125
2032-06-02,SX5E,0.036766467746260675
2032-06-02,000688.SH,0.0625359565518474
2032-06-02,SOX,-0.1706800630768937
2032-06-02,NDX,-0.019856777679177807
2032-06-02,XAU,-0.01643863864310583
2032-06-02,COPPER,0.03307274383873541
2032-06-02,WTI,0.11992504989725572
2032-06-02,BTC,-0.0
2032-06-02,ETH,-0.0
2032-06-02,US10Y,0.007123235978889555
2032-06-02,CN10Y,-0.0
2032-06-03,000300.SH,-0.0
2032-06-03,SPX,-0.04357035862289352
2032-06-03,HSI,-0.0
2032-06-03,N225,0.0024476919764425953
2032-06-03,SX5E,0.03011932793838761
2032-06-03,000688.SH,0.05448091696405513
2032-06-03,SOX,-0.16221083598140507
2032-06-03,NDX,-0.010627253354497122
2032-06-03,XAU,-0.021366878668416477
2032-06-03,COPPER,0.03018254282035307
2032-06-03,WTI,0.10590315349394801
2032-06-03,BTC,-0.0
2032-06-03,ETH,-0.0
2032-06-03,US10Y,0.014641693434025535
2032-06-03,CN10Y,-0.0
2032-06-04,000300.SH,-0.0
2032-06-04,SPX,-0.06424903195364944
2032-06-04,HSI,-0.0
2032-06-04,N225,-0.019499174979210478
2032-06-04,SX5E,0.04940743827196271
2032-06-04,000688.SH,0.03396081044225098
2032-06-04,SOX,-0.1915071208741146
2032-06-04,NDX,0.010228713546707742
2032-06-04,XAU,-0.006950124702910565
2032-06-04,COPPER,0.05152240501054608
2032-06-04,WTI,0.14983703728558678
2032-06-04,BTC,-0.0
2032-06-04,ETH,-0.0
2032-06-04,US10Y,-0.01275095204716763
2032-06-04,CN10Y,-0.0
2032-06-07,000300.SH,-0.0
2032-06-07,SPX,-0.028923597930731407
2032-06-07,HSI,-0.0
2032-06-07,N225,-0.022206109293063138
2032-06-07,SX5E,0.03280563236833347
2032-06-07,000688.SH,0.003487550469168675
2032-06-07,SOX,-0.17895948485267268
2032-06-07,NDX,-0.0281580915638222
2032-06-07,XAU,-0.022791361054933845
2032-06-07,COPPER,0.030894255273540047
2032-06-07,WTI,0.230409014558323
2032-06-07,BTC,-0.0
2032-06-07,ETH,-0.0
2032-06-07,US10Y,-0.016557807974140304
2032-06-07,CN10Y,-0.0
2032-06-08,000300.SH,-0.0
2032-06-08,SPX,-0.021316237889346223
2032-06-08,HSI,-0.0
2032-06-08,N225,-0.03031498020674233
2032-06-08,SX5E,0.034083177100079506
2032-06-08,000688.SH,0.036554921351188915
2032-06-08,SOX,-0.1417352098633103
2032-06-08,NDX,-0.023257805162340134
2032-06-08,XAU,-0.020608454784306042
2032-06-08,COPPER,0.01946251215185233
2032-06-08,WTI,0.16446894144208737
2032-06-08,BTC,-0.0
2032-06-08,ETH,-0.0
2032-06-08,US10Y,-0.017336864139161554
2032-06-08,CN10Y,-0.0
2032-06-09,000300.SH,-0.0
2032-06-09,SPX,-0.02859000154169615
2032-06-09,HSI,-0.0
2032-06-09,N225,0.034149415769517306
2032-06-09,SX5E,0.015976596422316722
2032-06-09,000688.SH,0.050281877233294386
2032-06-09,SOX,-0.17184616542458153
2032-06-09,NDX,-0.020056611704943324
2032-06-09,XAU,-0.01908138661569539
2032-06-09,COPPER,0.0050907394162194985
2032-06-09,WTI,0.16097864048384145
2032-06-09,BTC,-0.0
2032-06-09,ETH,-0.0
2032-06-09,US10Y,-0.02690310403827274
2032-06-09,CN10Y,-0.0
2032-06-10,000300.SH,-0.0
2032-06-10,SPX,-0.013737583366405222
2032-06-10,HSI,-0.0
2032-06-10,N225,0.04425138871549168
2032-06-10,SX5E,0.03418980019470462
2032-06-10,000688.SH,0.05795344964169975
2032-06-10,SOX,-0.17777183347314512
2032-06-10,NDX,-0.03836390719574377
2032-06-10,XAU,-0.021494306947601807
2032-06-10,COPPER,-0.04342530697611156
2032-06-10,WTI,0.17587353271128928
2032-06-10,BTC,-0.0
2032-06-10,ETH,-0.0
2032-06-10,US10Y,-0.017475233304177905
2032-06-10,CN10Y,-0.0
2032-06-11,000300.SH,-0.0
2032-06-11,SPX,-0.027868187035423736
2032-06-11,HSI,-0.0
2032-06-11,N225,0.019342861557517167
2032-06-11,SX5E,0.03794775295721974
2032-06-11,000688.SH,0.08418515606219049
2032-06-11,SOX,-0.14288794764970514
2032-06-11,NDX,-0.025866892830753156
2032-06-11,XAU,0.0021749390915182347
2032-06-11,COPPER,-0.07542846303131259
2032-06-11,WTI,0.12252719528616204
2032-06-11,BTC,-0.0
2032-06-11,ETH,-0.0
2032-06-11,US10Y,0.005873585592587924
2032-06-11,CN10Y,-0.0
2032-06-14,000300.SH,-0.0
2032-06-14,SPX,-0.029825762864173565
2032-06-14,HSI,-0.0
2032-06-14,N225,0.0077904857580678305
2032-06-14,SX5E,0.04401046036001654
2032-06-14,000688.SH,0.05238886083815228
2032-06-14,SOX,-0.13580196476286258
2032-06-14,NDX,-0.026040458157081024
2032-06-14,XAU,0.0011670299029055706
2032-06-14,COPPER,-0.09820621644789745
2032-06-14,WTI,0.18927701420794785
2032-06-14,BTC,-0.0
2032-06-14,ETH,-0.0
2032-06-14,US10Y,-0.004759448835074436
2032-06-14,CN10Y,-0.0
2032-06-15,000300.SH,-0.0
2032-06-15,SPX,-0.02313364211493475
2032-06-15,HSI,-0.0
2032-06-15,N225,0.019764385444944143
2032-06-15,SX5E,0.043006335782435845
2032-06-15,000688.SH,0.06043635047595301
2032-06-15,SOX,-0.1702394925008349
2032-06-15,NDX,-0.020502808476846015
2032-06-15,XAU,0.030834521748057418
2032-06-15,COPPER,-0.09141894937885353
2032-06-15,WTI,0.16080530781620153
2032-06-15,BTC,-0.0
2032-06-15,ETH,-0.0
2032-06-15,US10Y,-0.009552008796121468
2032-06-15,CN10Y,-0.0
2032-06-16,000300.SH,-0.0
2032-06-16,SPX,-0.004851213915401194
2032-06-16,HSI,-0.0
2032-06-16,N225,0.0004565745433206458
2032-06-16,SX5E,0.04030723049718607
2032-06-16,000688.SH,0.07036385788230407
2032-06-16,SOX,-0.13963577948150396
2032-06-16,NDX,-0.03196067384684154
2032-06-16,XAU,0.023680151927373206
2032-06-16,COPPER,-0.09725503767966207
2032-06-16,WTI,0.15105695662241256
2032-06-16,BTC,-0.0
2032-06-16,ETH,-0.0
2032-06-16,US10Y,-0.012162066549187393
2032-06-16,CN10Y,-0.0
2032-06-17,000300.SH,-0.0
2032-06-17,SPX,-0.007720406680548601
2032-06-17,HSI,-0.0
2032-06-17,N225,0.00969971070047064
2032-06-17,SX5E,0.06038537851781778
2032-06-17,000688.SH,0.0546917352362119
2032-06-17,SOX,-0.17426339486781245
2032-06-17,NDX,-0.04717288520919365
2032-06-17,XAU,0.045582141248557355
2032-06-17,COPPER,-0.09849882270011395
2032-06-17,WTI,0.1889466264784301
2032-06-17,BTC,-0.0
2032-06-17,ETH,-0.0
2032-06-17,US10Y,-0.03165008272381993
2032-06-17,CN10Y,-0.0
2032-06-18,000300.SH,-0.0
2032-06-18,SPX,-0.02666612115066521
2032-06-18,HSI,-0.0
2032-06-18,N225,0.0007794685124406404
2032-06-18,SX5E,0.05853977882641486
2032-06-18,000688.SH,0.08728517293841444
2032-06-18,SOX,-0.1277219146642026
2032-06-18,NDX,-0.06360223937016199
2032-06-18,XAU,0.042086704761410305
2032-06-18,COPPER,-0.10714539155156873
2032-06-18,WTI,0.20780550474511458
2032-06-18,BTC,-0.0
2032-06-18,ETH,-0.0
2032-06-18,US10Y,-0.07136096304719874
2032-06-18,CN10Y,-0.0
2032-06-21,000300.SH,-0.0
2032-06-21,SPX,-0.03372988918225773
2032-06-21,HSI,-0.0
2032-06-21,N225,-0.011542289468207477
2032-06-21,SX5E,0.03479629721733337
2032-06-21,000688.SH,0.08134456486117239
2032-06-21,SOX,-0.09985883947482167
2032-06-21,NDX,-0.050544986099200655
2032-06-21,XAU,0.02107827826297029
2032-06-21,COPPER,-0.07353286928064115
2032-06-21,WTI,0.1820776648088351
2032-06-21,BTC,-0.0
2032-06-21,ETH,-0.0
2032-06-21,US10Y,-0.05008793164518466
2032-06-21,CN10Y,-0.0
2032-06-22,000300.SH,-0.0
2032-06-22,SPX,-0.052961139562477944
2032-06-22,HSI,-0.0
2032-06-22,N225,-0.01439986817449591
2032-06-22,SX5E,0.04787318964102464
2032-06-22,000688.SH,0.022072124722905533
2032-06-22,SOX,-0.017573282180228605
2032-06-22,NDX,-0.05014186096395906
2032-06-22,XAU,0.011957340868785735
2032-06-22,COPPER,-0.11059589928087538
2032-06-22,WTI,0.19763767284961797
2032-06-22,BTC,-0.0
2032-06-22,ETH,-0.0
2032-06-22,US10Y,-0.033868277920300505
2032-06-22,CN10Y,-0.0
2032-06-23,000300.SH,-0.0
2032-06-23,SPX,-0.054190867987630564
2032-06-23,HSI,-0.0
2032-06-23,N225,-0.0166857665572242
2032-06-23,SX5E,0.07599320561828782
2032-06-23,000688.SH,0.0011735540845255153
2032-06-23,SOX,-0.036801415504230925
2032-06-23,NDX,-0.06108486534248059
2032-06-23,XAU,0.01148919696104882
2032-06-23,COPPER,-0.1090171459225381
2032-06-23,WTI,0.20788000565824608
2032-06-23,BTC,-0.0
2032-06-23,ETH,-0.0
2032-06-23,US10Y,-0.018755901008007517
2032-06-23,CN10Y,-0.0
2032-06-24,000300.SH,-0.0
2032-06-24,SPX,-0.03385295184475244
2032-06-24,HSI,-0.0
2032-06-24,N225,-0.012235945606687348
2032-06-24,SX5E,0.07928437750077277
2032-06-24,000688.SH,0.037686975568375025
2032-06-24,SOX,-0.03348804468684862
2032-06-24,NDX,-0.06687237588797468
2032-06-24,XAU,-0.004649874311909458
2032-06-24,COPPER,-0.07613055646992946
2032-06-24,WTI,0.1442455054648044
2032-06-24,BTC,-0.0
2032-06-24,ETH,-0.0
2032-06-24,US10Y,-0.03398710972585617
2032-06-24,CN10Y,-0.0
2032-06-25,000300.SH,-0.0
2032-06-25,SPX,-0.05003222313408602
2032-06-25,HSI,-0.0
2032-06-25,N225,-0.018562920554569644
2032-06-25,SX5E,0.05878757174366053
2032-06-25,000688.SH,0.035128266454822345
2032-06-25,SOX,0.0031826342768766346
2032-06-25,NDX,-0.06323616554601234
2032-06-25,XAU,-0.01586528915105028
2032-06-25,COPPER,-0.0421856527431972
2032-06-25,WTI,0.14829662954507372
2032-06-25,BTC,-0.0
2032-06-25,ETH,-0.0
2032-06-25,US10Y,-0.055512850891523996
2032-06-25,CN10Y,-0.0
2032-06-28,000300.SH,-0.0
2032-06-28,SPX,-0.05877535178806747
2032-06-28,HSI,-0.0
2032-06-28,N225,-0.015410010460471456
2032-06-28,SX5E,0.0384387565124317
2032-06-28,000688.SH,-0.009651314310166819
2032-06-28,SOX,0.010863249327673533
2032-06-28,NDX,-0.0678073327780199
2032-06-28,XAU,0.024118635027827982
2032-06-28,COPPER,-0.052049285855257935
2032-06-28,WTI,0.17931291721292186
2032-06-28,BTC,-0.0
2032-06-28,ETH,-0.0
2032-06-28,US10Y,-0.04904026288887818
2032-06-28,CN10Y,-0.0
2032-06-29,000300.SH,-0.0
2032-06-29,SPX,-0.048450406165880276
2032-06-29,HSI,-0.0
2032-06-29,N225,-0.01225887987145509
2032-06-29,SX5E,0.07228976568701788
2032-06-29,000688.SH,-0.01086332156710884
2032-06-29,SOX,0.06058393520791611
2032-06-29,NDX,-0.08124376157865805
2032-06-29,XAU,0.011320872234326478
2032-06-29,COPPER,-0.07275333998712352
2032-06-29,WTI,0.15051332117650099
2032-06-29,BTC,-0.0
2032-06-29,ETH,-0.0
2032-06-29,US10Y,-0.06913818513554067
2032-06-29,CN10Y,-0.0
2032-06-30,000300.SH,-0.0
2032-06-30,SPX,-0.05085628375847295
2032-06-30,HSI,-0.0
2032-06-30,N225,-0.0038579427215165614
2032-06-30,SX5E,0.056149512651494725
2032-06-30,000688.SH,0.025069561185668127
2032-06-30,SOX,0.03558034325667154
2032-06-30,NDX,-0.09882414668580464
2032-06-30,XAU,0.003230028275244129
2032-06-30,COPPER,-0.08871136517589959
2032-06-30,WTI,0.19847646061957974
2032-06-30,BTC,-0.0
2032-06-30,ETH,-0.0
2032-06-30,US10Y,-0.07625616764696988
2032-06-30,CN10Y,-0.0
2032-07-01,000300.SH,-0.0
2032-07-01,SPX,-0.0518445989068159
2032-07-01,HSI,-0.0
2032-07-01,N225,-0.0016053043139524804
2032-07-01,SX5E,0.045746212551810134
2032-07-01,000688.SH,0.058193777122745205
2032-07-01,SOX,-0.005998254678000567
2032-07-01,NDX,-0.10572005981740573
2032-07-01,XAU,0.013738674649685026
2032-07-01,COPPER,-0.07262552084506334
2032-07-01,WTI,0.20056766947967514
2032-07-01,BTC,-0.0
2032-07-01,ETH,-0.0
2032-07-01,US10Y,-0.08045259524268174
2032-07-01,CN10Y,-0.0
2032-07-02,000300.SH,-0.0
2032-07-02,SPX,-0.03689222314425629
2032-07-02,HSI,-0.0
2032-07-02,N225,0.04327519267640231
2032-07-02,SX5E,0.03133072942216429
2032-07-02,000688.SH,0.047036849881455275
2032-07-02,SOX,0.07220018671963604
2032-07-02,NDX,-0.13132926651495422
2032-07-02,XAU,-0.009646720740292153
2032-07-02,COPPER,-0.04091231787127537
2032-07-02,WTI,0.10045430824304669
2032-07-02,BTC,-0.0
2032-07-02,ETH,-0.0
2032-07-02,US10Y,-0.07551673867193262
2032-07-02,CN10Y,-0.0
2032-07-05,000300.SH,-0.0
2032-07-05,SPX,-0.06200239045395674
2032-07-05,HSI,-0.0
2032-07-05,N225,0.03508799616121918
2032-07-05,SX5E,0.03468293171157806
2032-07-05,000688.SH,0.12241787318806684
2032-07-05,SOX,0.023289264630770003
2032-07-05,NDX,-0.11422825672433973
2032-07-05,XAU,0.009217430511898873
2032-07-05,COPPER,-0.03827793128234548
2032-07-05,WTI,0.07015495996290436
2032-07-05,BTC,-0.0
2032-07-05,ETH,-0.0
2032-07-05,US10Y,-0.08034187770580145
2032-07-05,CN10Y,-0.0
2032-07-06,000300.SH,-0.0
2032-07-06,SPX,-0.0859539593739401
2032-07-06,HSI,-0.0
2032-07-06,N225,0.04161490533527241
2032-07-06,SX5E,0.011470482955290708
2032-07-06,000688.SH,0.11903155920023906
2032-07-06,SOX,0.04650368657238382
2032-07-06,NDX,-0.1106487866447613
2032-07-06,XAU,0.005603816612092753
2032-07-06,COPPER,-0.03058499546883587
2032-07-06,WTI,0.05072986737340729
2032-07-06,BTC,-0.0
2032-07-06,ETH,-0.0
2032-07-06,US10Y,-0.04776657656115503
2032-07-06,CN10Y,-0.0
2032-07-07,000300.SH,-0.0
2032-07-07,SPX,-0.07822796781954326
2032-07-07,HSI,-0.0
2032-07-07,N225,0.026284847533285964
2032-07-07,SX5E,0.028564064954116508
2032-07-07,000688.SH,0.09385529006885668
2032-07-07,SOX,0.09532307214763133
2032-07-07,NDX,-0.13392377312394288
2032-07-07,XAU,0.009015879388505961
2032-07-07,COPPER,-0.03396596587184322
2032-07-07,WTI,0.061231297992023884
2032-07-07,BTC,-0.0
2032-07-07,ETH,-0.0
2032-07-07,US10Y,-0.06815674526909596
2032-07-07,CN10Y,-0.0
2032-07-08,000300.SH,-0.0
2032-07-08,SPX,-0.08119847854736809
2032-07-08,HSI,-0.0
2032-07-08,N225,-0.028922335241981068
2032-07-08,SX5E,-0.0016672418417625207
2032-07-08,000688.SH,0.0957607992399385
2032-07-08,SOX,0.14997215013759352
2032-07-08,NDX,-0.1266988115741931
2032-07-08,XAU,-0.0031168717415021065
2032-07-08,COPPER,0.0019449197028507462
2032-07-08,WTI,0.05719431697939174
2032-07-08,BTC,-0.0
2032-07-08,ETH,-0.0
2032-07-08,US10Y,-0.06326844711297216
2032-07-08,CN10Y,-0.0
2032-07-09,000300.SH,-0.0
2032-07-09,SPX,-0.07630323579346598
2032-07-09,HSI,-0.0
2032-07-09,N225,-0.01894592247338101
2032-07-09,SX5E,0.005752181687181619
2032-07-09,000688.SH,0.07543106604124922
2032-07-09,SOX,0.13760003797215392
2032-07-09,NDX,-0.11455343813840718
2032-07-09,XAU,-0.022570852399611565
2032-07-09,COPPER,0.045998099075707226
2032-07-09,WTI,0.020068226950926367
2032-07-09,BTC,-0.0
2032-07-09,ETH,-0.0
2032-07-09,US10Y,-0.0524761629223572
2032-07-09,CN10Y,-0.0
2032-07-12,000300.SH,-0.0
2032-07-12,SPX,-0.06139343358016389
2032-07-12,HSI,-0.0
2032-07-12,N225,-0.041530187131100404
2032-07-12,SX5E,-0.005868006829499011
2032-07-12,000688.SH,0.08776067651861849
2032-07-12,SOX,0.1415093453539573
2032-07-12,NDX,-0.07114570248159184
2032-07-12,XAU,-0.03274729646991402
2032-07-12,COPPER,0.06324283283604226
2032-07-12,WTI,-0.0311650903863126
2032-07-12,BTC,-0.0
2032-07-12,ETH,-0.0
2032-07-12,US10Y,-0.04866313783004196
2032-07-12,CN10Y,-0.0
2032-07-13,000300.SH,-0.0
2032-07-13,SPX,-0.07339012882234074
2032-07-13,HSI,-0.0
2032-07-13,N225,-0.05332432554558938
2032-07-13,SX5E,-0.021061623943480483
2032-07-13,000688.SH,0.07926982181262043
2032-07-13,SOX,0.12789007339639874
2032-07-13,NDX,-0.0733783513024387
2032-07-13,XAU,-0.04388236770496078
2032-07-13,COPPER,0.07572158655555138
2032-07-13,WTI,0.020824369314656577
2032-07-13,BTC,-0.0
2032-07-13,ETH,-0.0
2032-07-13,US10Y,-0.0386690537604211
2032-07-13,CN10Y,-0.0
2032-07-14,000300.SH,-0.0
2032-07-14,SPX,-0.0821573169843351
2032-07-14,HSI,-0.0
2032-07-14,N225,-0.06872280266123029
2032-07-14,SX5E,-0.025370289634050792
2032-07-14,000688.SH,0.0704788956419934
2032-07-14,SOX,0.08469384430763657
2032-07-14,NDX,-0.07271973723508945
2032-07-14,XAU,-0.03386712946427193
2032-07-14,COPPER,0.10388075942351696
2032-07-14,WTI,0.07248569818433506
2032-07-14,BTC,-0.0
2032-07-14,ETH,-0.0
2032-07-14,US10Y,-0.04870192157850998
2032-07-14,CN10Y,-0.0
2032-07-15,000300.SH,-0.0
2032-07-15,SPX,-0.06796027606011909
2032-07-15,HSI,-0.0
2032-07-15,N225,-0.08530977146570815
2032-07-15,SX5E,-0.01341793592204915
2032-07-15,000688.SH,0.07198537550373249
2032-07-15,SOX,0.1078512191051501
2032-07-15,NDX,-0.05939077789976976
2032-07-15,XAU,-0.04513040482431542
2032-07-15,COPPER,0.10702710342540844
2032-07-15,WTI,0.025281809326125393
2032-07-15,BTC,-0.0
2032-07-15,ETH,-0.0
2032-07-15,US10Y,-0.04093634118846079
2032-07-15,CN10Y,-0.0
2032-07-16,000300.SH,-0.0
2032-07-16,SPX,-0.053084844289009774
2032-07-16,HSI,-0.0
2032-07-16,N225,-0.05746911645053914
2032-07-16,SX5E,0.0031677713059698118
2032-07-16,000688.SH,0.05922766886776279
2032-07-16,SOX,0.04837362894097656
2032-07-16,NDX,-0.04917763588458018
2032-07-16,XAU,-0.05730410332419786
2032-07-16,COPPER,0.12522608114402523
2032-07-16,WTI,-0.0023275400289722824
2032-07-16,BTC,-0.0
2032-07-16,ETH,-0.0
2032-07-16,US10Y,-0.01663191028143987
2032-07-16,CN10Y,-0.0
2032-07-19,000300.SH,-0.0
2032-07-19,SPX,-0.06958136595132884
2032-07-19,HSI,-0.0
2032-07-19,N225,-0.05180320946350292
2032-07-19,SX5E,0.007531863790434652
2032-07-19,000688.SH,0.06416690236753603
2032-07-19,SOX,0.04005154199538652
2032-07-19,NDX,-0.06583272166086793
2032-07-19,XAU,-0.034005577971350634
2032-07-19,COPPER,0.1335174051593602
2032-07-19,WTI,-0.002365571254092128
2032-07-19,BTC,-0.0
2032-07-19,ETH,-0.0
2032-07-19,US10Y,-0.021679267011580787
2032-07-19,CN10Y,-0.0
2032-07-20,000300.SH,-0.0
2032-07-20,SPX,-0.05215526139636355
2032-07-20,HSI,-0.0
2032-07-20,N225,-0.048350593309987075
2032-07-20,SX5E,0.02140142155926949
2032-07-20,000688.SH,0.0786336900189964
2032-07-20,SOX,0.00826437487618402
2032-07-20,NDX,-0.052125360812428675
2032-07-20,XAU,-0.05401644176975008
2032-07-20,COPPER,0.17212081449571293
2032-07-20,WTI,-0.05180958245322622
2032-07-20,BTC,-0.0
2032-07-20,ETH,-0.0
2032-07-20,US10Y,-0.021963061208413254
2032-07-20,CN10Y,-0.0
2032-07-21,000300.SH,-0.0
2032-07-21,SPX,-0.05083555005067273
2032-07-21,HSI,-0.0
2032-07-21,N225,-0.036324223351791425
2032-07-21,SX5E,-0.02501449043036076
2032-07-21,000688.SH,0.14418428236559466
2032-07-21,SOX,-0.005545387210819458
2032-07-21,NDX,-0.05576540136889987
2032-07-21,XAU,-0.0656481184941242
2032-07-21,COPPER,0.11602821133637525
2032-07-21,WTI,0.0011267762382678598
2032-07-21,BTC,-0.0
2032-07-21,ETH,-0.0
2032-07-21,US10Y,-0.022206099033576763
2032-07-21,CN10Y,-0.0
2032-07-22,000300.SH,-0.0
2032-07-22,SPX,-0.09197178756498774
2032-07-22,HSI,-0.0
2032-07-22,N225,-0.04090335485807103
2032-07-22,SX5E,-0.027442229831679398
2032-07-22,000688.SH,0.1223417747381684
2032-07-22,SOX,0.012859339363977132
2032-07-22,NDX,-0.06316691423191416
2032-07-22,XAU,-0.05443140341040381
2032-07-22,COPPER,0.1308049944322999
2032-07-22,WTI,0.021295110111695735
2032-07-22,BTC,-0.0
2032-07-22,ETH,-0.0
2032-07-22,US10Y,-0.00938552874909323
2032-07-22,CN10Y,-0.0
2032-07-23,000300.SH,-0.0
2032-07-23,SPX,-0.05179389409085724
2032-07-23,HSI,-0.0
2032-07-23,N225,-0.03237870075283007
2032-07-23,SX5E,-0.012974555709099885
2032-07-23,000688.SH,0.08822316076465046
2032-07-23,SOX,-0.015501241894087109
2032-07-23,NDX,-0.05327906494961597
2032-07-23,XAU,-0.035458835649752066
2032-07-23,COPPER,0.12663545271796212
2032-07-23,WTI,-0.024542508935597507
2032-07-23,BTC,-0.0
2032-07-23,ETH,-0.0
2032-07-23,US10Y,0.0110701884992215
2032-07-23,CN10Y,-0.0
2032-07-26,000300.SH,-0.0
2032-07-26,SPX,-0.05576218084650285
2032-07-26,HSI,-0.0
2032-07-26,N225,-0.0575899136870069
2032-07-26,SX5E,0.009838151494938151
2032-07-26,000688.SH,0.11987068859495699
2032-07-26,SOX,-0.021675570527497606
2032-07-26,NDX,-0.03748502559402797
2032-07-26,XAU,-0.021216593430853352
2032-07-26,COPPER,0.11938012844458207
2032-07-26,WTI,-0.05295225973560061
2032-07-26,BTC,-0.0
2032-07-26,ETH,-0.0
2032-07-26,US10Y,-0.0024074247129924676
2032-07-26,CN10Y,-0.0
2032-07-27,000300.SH,-0.0
2032-07-27,SPX,-0.04481552678170592
2032-07-27,HSI,-0.0
2032-07-27,N225,-0.05669297082608138
2032-07-27,SX5E,0.02319685220476905
2032-07-27,000688.SH,0.1048239774414481
2032-07-27,SOX,-0.07147859778811842
2032-07-27,NDX,-0.004701810884783553
2032-07-27,XAU,-0.029269179514531042
2032-07-27,COPPER,0.13243388983569904
2032-07-27,WTI,-0.07154584647920122
2032-07-27,BTC,-0.0
2032-07-27,ETH,-0.0
2032-07-27,US10Y,0.018049212792500227
2032-07-27,CN10Y,-0.0
2032-07-28,000300.SH,-0.0
2032-07-28,SPX,-0.03305375182272424
2032-07-28,HSI,-0.0
2032-07-28,N225,-0.03655743533706284
2032-07-28,SX5E,0.032992671696816134
2032-07-28,000688.SH,0.06492135747906566
2032-07-28,SOX,-0.07595628180961012
2032-07-28,NDX,0.039242815522080275
2032-07-28,XAU,-0.037362008046186286
2032-07-28,COPPER,0.15848425251157738
2032-07-28,WTI,-0.11314658743413367
2032-07-28,BTC,-0.0
2032-07-28,ETH,-0.0
2032-07-28,US10Y,0.00043496724017238163
2032-07-28,CN10Y,-0.0
2032-07-29,000300.SH,-0.0
2032-07-29,SPX,-0.03613050861998601
2032-07-29,HSI,-0.0
2032-07-29,N225,-0.05841132695252788
2032-07-29,SX5E,0.06612259546075176
2032-07-29,000688.SH,0.03525076322190933
2032-07-29,SOX,-0.04690735898346697
2032-07-29,NDX,0.055324423025230815
2032-07-29,XAU,-0.05029036294083318
2032-07-29,COPPER,0.1444771184463052
2032-07-29,WTI,-0.13095440296566604
2032-07-29,BTC,-0.0
2032-07-29,ETH,-0.0
2032-07-29,US10Y,0.021519060308275884
2032-07-29,CN10Y,-0.0
2032-07-30,000300.SH,-0.0
2032-07-30,SPX,-0.05303804268951946
2032-07-30,HSI,-0.0
2032-07-30,N225,-0.08192102067301123
2032-07-30,SX5E,0.05429091689089337
2032-07-30,000688.SH,0.08244572009102796
2032-07-30,SOX,-0.046367496616181995
2032-07-30,NDX,0.073839145451305
2032-07-30,XAU,-0.024511448212313044
2032-07-30,COPPER,0.12053057155348057
2032-07-30,WTI,-0.14736482461800082
2032-07-30,BTC,-0.0
2032-07-30,ETH,-0.0
2032-07-30,US10Y,0.022096478822313383
2032-07-30,CN10Y,-0.0
2032-08-02,000300.SH,-0.0
2032-08-02,SPX,-0.038333084749648236
2032-08-02,HSI,-0.0
2032-08-02,N225,-0.04801205314884838
2032-08-02,SX5E,0.076607695368385
2032-08-02,000688.SH,0.040596783252707755
2032-08-02,SOX,0.017693533446262188
2032-08-02,NDX,0.07172187619840749
2032-08-02,XAU,-0.04193691441465859
2032-08-02,COPPER,0.11616001528383896
2032-08-02,WTI,-0.22209672647236328
2032-08-02,BTC,-0.0
2032-08-02,ETH,-0.0
2032-08-02,US10Y,0.027598875235912135
2032-08-02,CN10Y,-0.0
2032-08-03,000300.SH,-0.0
2032-08-03,SPX,-0.01004335348962615
2032-08-03,HSI,-0.0
2032-08-03,N225,-0.04933397811940482
2032-08-03,SX5E,0.0948960648063824
2032-08-03,000688.SH,0.00046606350069993904
2032-08-03,SOX,-0.003965095754426979
2032-08-03,NDX,0.07498411992061332
2032-08-03,XAU,-0.05156385679305209
2032-08-03,COPPER,0.11504723434164328
2032-08-03,WTI,-0.1779780044887613
2032-08-03,BTC,-0.0
2032-08-03,ETH,-0.0
2032-08-03,US10Y,0.007490806075928245
2032-08-03,CN10Y,-0.0
2032-08-04,000300.SH,-0.0
2032-08-04,SPX,-0.03113012101434613
2032-08-04,HSI,-0.0
2032-08-04,N225,-0.03825455523279701
2032-08-04,SX5E,0.10154089296924812
2032-08-04,000688.SH,0.01293436941285429
2032-08-04,SOX,-0.041538102594565175
2032-08-04,NDX,0.09645631902452347
2032-08-04,XAU,-0.05211639088273752
2032-08-04,COPPER,0.12396356348004767
2032-08-04,WTI,-0.18792102165755728
2032-08-04,BTC,-0.0
2032-08-04,ETH,-0.0
2032-08-04,US10Y,0.016065046495325398
2032-08-04,CN10Y,-0.0
2032-08-05,000300.SH,-0.0
2032-08-05,SPX,-0.010267490946635933
2032-08-05,HSI,-0.0
2032-08-05,N225,-0.013153136598548644
2032-08-05,SX5E,0.12348917483743911
2032-08-05,000688.SH,-0.004525885300907643
2032-08-05,SOX,-0.10453087456093602
2032-08-05,NDX,0.11686146877794157
2032-08-05,XAU,-0.03562768458074926
2032-08-05,COPPER,0.1250890030358331
2032-08-05,WTI,-0.1980419199729511
2032-08-05,BTC,-0.0
2032-08-05,ETH,-0.0
2032-08-05,US10Y,0.0007073453095126046
2032-08-05,CN10Y,-0.0
2032-08-06,000300.SH,-0.0
2032-08-06,SPX,-0.00713725196553565
2032-08-06,HSI,-0.0
2032-08-06,N225,-0.03507898245174198
2032-08-06,SX5E,0.11329890116197265
2032-08-06,000688.SH,-0.011882806564801448
2032-08-06,SOX,-0.11323383809884488
2032-08-06,NDX,0.11437952173881179
2032-08-06,XAU,-0.01860581523724887
2032-08-06,COPPER,0.1338288134065722
2032-08-06,WTI,-0.1618740411597334
2032-08-06,BTC,-0.0
2032-08-06,ETH,-0.0
2032-08-06,US10Y,-0.013694500829453084
2032-08-06,CN10Y,-0.0
2032-08-09,000300.SH,-0.0
2032-08-09,SPX,-0.013445844868418032
2032-08-09,HSI,-0.0
2032-08-09,N225,-0.029399455881436883
2032-08-09,SX5E,0.10842243291003402
2032-08-09,000688.SH,-0.0344708836263308
2032-08-09,SOX,-0.124661764864347
2032-08-09,NDX,0.09859297455723783
2032-08-09,XAU,-0.0009727324633485106
2032-08-09,COPPER,0.1371848327775541
2032-08-09,WTI,-0.12288195134619667
2032-08-09,BTC,-0.0
2032-08-09,ETH,-0.0
2032-08-09,US10Y,-0.01836760719474862
2032-08-09,CN10Y,-0.0
2032-08-10,000300.SH,-0.0
2032-08-10,SPX,-0.02219649674052906
2032-08-10,HSI,-0.0
2032-08-10,N225,-0.03422823821300885
2032-08-10,SX5E,0.10234342819389233
2032-08-10,000688.SH,-0.06067630906710349
2032-08-10,SOX,-0.11256652651922634
2032-08-10,NDX,0.12223564282857656
2032-08-10,XAU,0.00804759067967986
2032-08-10,COPPER,0.11414173121805293
2032-08-10,WTI,-0.09676393005772504
2032-08-10,BTC,-0.0
2032-08-10,ETH,-0.0
2032-08-10,US10Y,-0.02033689232260968
2032-08-10,CN10Y,-0.0
2032-08-11,000300.SH,-0.0
2032-08-11,SPX,-0.0386287722845676
2032-08-11,HSI,-0.0
2032-08-11,N225,-0.005357497229726043
2032-08-11,SX5E,0.09686015188842531
2032-08-11,000688.SH,-0.06114304876699161
2032-08-11,SOX,-0.10154663616739977
2032-08-11,NDX,0.11213723753840052
2032-08-11,XAU,0.02023205482389369
2032-08-11,COPPER,0.12461493667631163
2032-08-11,WTI,-0.13717174376211494
2032-08-11,BTC,-0.0
2032-08-11,ETH,-0.0
2032-08-11,US10Y,-0.00999668271623022
2032-08-11,CN10Y,-0.0
2032-08-12,000300.SH,-0.0
2032-08-12,SPX,-0.037136523816595476
2032-08-12,HSI,-0.0
2032-08-12,N225,0.01483585004191499
2032-08-12,SX5E,0.08228986926171117
2032-08-12,000688.SH,-0.025079661169304365
2032-08-12,SOX,-0.14105240285628695
2032-08-12,NDX,0.10865384614633972
2032-08-12,XAU,0.010702026766609838
2032-08-12,COPPER,0.12130767904264517
2032-08-12,WTI,-0.10710534161384853
2032-08-12,BTC,-0.0
2032-08-12,ETH,-0.0
2032-08-12,US10Y,-0.02741534180318369
2032-08-12,CN10Y,-0.0
2032-08-13,000300.SH,-0.0
2032-08-13,SPX,-0.03633574291609906
2032-08-13,HSI,-0.0
2032-08-13,N225,-0.009010269173348644
2032-08-13,SX5E,0.06936312012678877
2032-08-13,000688.SH,-0.020074876899722857
2032-08-13,SOX,-0.0985599668475762
2032-08-13,NDX,0.11238266979679173
2032-08-13,XAU,0.027291520810114017
2032-08-13,COPPER,0.08415069937049797
2032-08-13,WTI,-0.0932983827093284
2032-08-13,BTC,-0.0
2032-08-13,ETH,-0.0
2032-08-13,US10Y,-0.03590877155811552
2032-08-13,CN10Y,-0.0
2032-08-16,000300.SH,-0.0
2032-08-16,SPX,-0.038117089377124186
2032-08-16,HSI,-0.0
2032-08-16,N225,-0.01160106694469313
2032-08-16,SX5E,0.06430981077432225
2032-08-16,000688.SH,-0.009402478692334622
2032-08-16,SOX,-0.13083500299838108
2032-08-16,NDX,0.10958480957802216
2032-08-16,XAU,0.04334743436480468
2032-08-16,COPPER,0.08051691044034386
2032-08-16,WTI,-0.07849582767436578
2032-08-16,BTC,-0.0
2032-08-16,ETH,-0.0
2032-08-16,US10Y,-0.029307499470590075
2032-08-16,CN10Y,-0.0
2032-08-17,000300.SH,-0.0
2032-08-17,SPX,-0.03068561594490699
2032-08-17,HSI,-0.0
2032-08-17,N225,-0.0325301720260142
2032-08-17,SX5E,0.04397536847218906
2032-08-17,000688.SH,-0.0392642506907909
2032-08-17,SOX,-0.1527165072543097
2032-08-17,NDX,0.09263231989927416
2032-08-17,XAU,0.0706521484021582
2032-08-17,COPPER,0.0851429872837593
2032-08-17,WTI,-0.009218291057119118
2032-08-17,BTC,-0.0
2032-08-17,ETH,-0.0
2032-08-17,US10Y,-0.027987987084235798
2032-08-17,CN10Y,-0.0
2032-08-18,000300.SH,-0.0
2032-08-18,SPX,-0.0032539589173815053
2032-08-18,HSI,-0.0
2032-08-18,N225,-0.04096009949438776
2032-08-18,SX5E,0.051198263325813564
2032-08-18,000688.SH,-0.0893923403408595
2032-08-18,SOX,-0.0896345216365731
2032-08-18,NDX,0.09950478267782926
2032-08-18,XAU,0.04434890809075811
2032-08-18,COPPER,0.14175427874974764
2032-08-18,WTI,-0.08152901174257686
2032-08-18,BTC,-0.0
2032-08-18,ETH,-0.0
2032-08-18,US10Y,-0.03203630071236341
2032-08-18,CN10Y,-0.0
2032-08-19,000300.SH,-0.0
2032-08-19,SPX,0.023666712107262705
2032-08-19,HSI,-0.0
2032-08-19,N225,-0.05006837839037514
2032-08-19,SX5E,0.0802975097577174
2032-08-19,000688.SH,-0.09211025876175853
2032-08-19,SOX,-0.09793499875963031
2032-08-19,NDX,0.0902407963729012
2032-08-19,XAU,0.02656603152519512
2032-08-19,COPPER,0.11776942752156937
2032-08-19,WTI,-0.08337522886288809
2032-08-19,BTC,-0.0
2032-08-19,ETH,-0.0
2032-08-19,US10Y,-0.015051612509984137
2032-08-19,CN10Y,-0.0
2032-08-20,000300.SH,-0.0
2032-08-20,SPX,-0.024642022437867315
2032-08-20,HSI,-0.0
2032-08-20,N225,-0.06510841317961354
2032-08-20,SX5E,0.07018879115901128
2032-08-20,000688.SH,-0.018028810169162607
2032-08-20,SOX,-0.08798864457079414
2032-08-20,NDX,0.09872218518789469
2032-08-20,XAU,0.036298091310851356
2032-08-20,COPPER,0.07319471241133158
2032-08-20,WTI,-0.06574896844032387
2032-08-20,BTC,-0.0
2032-08-20,ETH,-0.0
2032-08-20,US10Y,-0.016886921271320847
2032-08-20,CN10Y,-0.0
2032-08-23,000300.SH,-0.0
2032-08-23,SPX,0.008029457071631487
2032-08-23,HSI,-0.0
2032-08-23,N225,-0.046025765977985245
2032-08-23,SX5E,0.06779748631708334
2032-08-23,000688.SH,-0.06490512509775284
2032-08-23,SOX,-0.05352910861377997
2032-08-23,NDX,0.11519928750504563
2032-08-23,XAU,0.042229806941004366
2032-08-23,COPPER,0.0555308714733351
2032-08-23,WTI,-0.1042502153288261
2032-08-23,BTC,-0.0
2032-08-23,ETH,-0.0
2032-08-23,US10Y,-0.020076694289748884
2032-08-23,CN10Y,-0.0
2032-08-24,000300.SH,-0.0
2032-08-24,SPX,-0.0030722523759604123
2032-08-24,HSI,-0.0
2032-08-24,N225,-0.026568388311233492
2032-08-24,SX5E,0.02832690329512776
2032-08-24,000688.SH,0.004083323909659271
2032-08-24,SOX,-0.015269644501777575
2032-08-24,NDX,0.07234342632555563
2032-08-24,XAU,0.06737453799930386
2032-08-24,COPPER,0.018454609432655616
2032-08-24,WTI,-0.12394091462056409
2032-08-24,BTC,-0.0
2032-08-24,ETH,-0.0
2032-08-24,US10Y,-0.021731601152760478
2032-08-24,CN10Y,-0.0
2032-08-25,000300.SH,-0.0
2032-08-25,SPX,0.006107269871957932
2032-08-25,HSI,-0.0
2032-08-25,N225,-0.02888340118182554
2032-08-25,SX5E,0.007149173519495176
2032-08-25,000688.SH,0.03613777586222565
2032-08-25,SOX,0.04062966503987733
2032-08-25,NDX,0.035678111307054054
2032-08-25,XAU,0.08817007648876152
2032-08-25,COPPER,0.03131135163420065
2032-08-25,WTI,-0.20331490743495606
2032-08-25,BTC,-0.0
2032-08-25,ETH,-0.0
2032-08-25,US10Y,-0.012985115106783358
2032-08-25,CN10Y,-0.0
2032-08-26,000300.SH,-0.0
2032-08-26,SPX,0.013173678837834404
2032-08-26,HSI,-0.0
2032-08-26,N225,0.008033547867887975
2032-08-26,SX5E,-0.01971781701877005
2032-08-26,000688.SH,0.046555962470338524
2032-08-26,SOX,0.030968075334294694
2032-08-26,NDX,0.01731326647423021
2032-08-26,XAU,0.08108179021146046
2032-08-26,COPPER,0.04815825894494584
2032-08-26,WTI,-0.19854386933138818
2032-08-26,BTC,-0.0
2032-08-26,ETH,-0.0
2032-08-26,US10Y,-0.02702289379082487
2032-08-26,CN10Y,-0.0
2032-08-27,000300.SH,-0.0
2032-08-27,SPX,0.016781941885591855
2032-08-27,HSI,-0.0
2032-08-27,N225,0.02470309880169622
2032-08-27,SX5E,0.004973308327671722
2032-08-27,000688.SH,0.00458648197834588
2032-08-27,SOX,0.006534368406152168
2032-08-27,NDX,0.02891977962370435
2032-08-27,XAU,0.04924127557690533
2032-08-27,COPPER,0.0174877125442889
2032-08-27,WTI,-0.14820085630319962
2032-08-27,BTC,-0.0
2032-08-27,ETH,-0.0
2032-08-27,US10Y,-0.005027110841149382
2032-08-27,CN10Y,-0.0
2032-08-30,000300.SH,-0.0
2032-08-30,SPX,0.010808083314731766
2032-08-30,HSI,-0.0
2032-08-30,N225,-0.00025035332176101197
2032-08-30,SX5E,-0.03222118802825431
2032-08-30,000688.SH,0.0028874483811795913
2032-08-30,SOX,-0.0019161788048393785
2032-08-30,NDX,0.04693134452503024
2032-08-30,XAU,0.055324164604604695
2032-08-30,COPPER,0.020192024611222978
2032-08-30,WTI,-0.10578167866101776
2032-08-30,BTC,-0.0
2032-08-30,ETH,-0.0
2032-08-30,US10Y,0.004026333379110975
2032-08-30,CN10Y,-0.0
2032-08-31,000300.SH,-0.0
2032-08-31,SPX,-0.013206902790597632
2032-08-31,HSI,-0.0
2032-08-31,N225,0.014941761259355951
2032-08-31,SX5E,-0.025187900773853876
2032-08-31,000688.SH,0.013322430118868335
2032-08-31,SOX,-0.023256397997984304
2032-08-31,NDX,0.057506230340634804
2032-08-31,XAU,0.08098619557275605
2032-08-31,COPPER,0.0008789378585120737
2032-08-31,WTI,-0.13800662704318276
2032-08-31,BTC,-0.0
2032-08-31,ETH,-0.0
2032-08-31,US10Y,0.03202227345549678
2032-08-31,CN10Y,-0.0
2032-09-01,000300.SH,-0.0
2032-09-01,SPX,-0.029685811748782306
2032-09-01,HSI,-0.0
2032-09-01,N225,0.005666234204326195
2032-09-01,SX5E,-0.05679140477565651
2032-09-01,000688.SH,0.03696624684227506
2032-09-01,SOX,0.018093483712200223
2032-09-01,NDX,0.041698161189685605
2032-09-01,XAU,0.07822576907153936
2032-09-01,COPPER,-0.012576682296106994
2032-09-01,WTI,-0.14999385587960207
2032-09-01,BTC,-0.0
2032-09-01,ETH,-0.0
2032-09-01,US10Y,0.06839785968012758
2032-09-01,CN10Y,-0.0
2032-09-02,000300.SH,-0.0
2032-09-02,SPX,-0.0473595947763493
2032-09-02,HSI,-0.0
2032-09-02,N225,0.04156988509558695
2032-09-02,SX5E,-0.05510771127780494
2032-09-02,000688.SH,0.03803901200319905
2032-09-02,SOX,0.03197845244317704
2032-09-02,NDX,0.015175524684586555
2032-09-02,XAU,0.05799351844057908
2032-09-02,COPPER,-0.015014138474327008
2032-09-02,WTI,-0.1375675046834895
2032-09-02,BTC,-0.0
2032-09-02,ETH,-0.0
2032-09-02,US10Y,0.07029255654484644
2032-09-02,CN10Y,-0.0
2032-09-03,000300.SH,-0.0
2032-09-03,SPX,-0.030695036931840718
2032-09-03,HSI,-0.0
2032-09-03,N225,0.07180745389607995
2032-09-03,SX5E,-0.056751411629022114
2032-09-03,000688.SH,0.08783126622907388
2032-09-03,SOX,-0.0018523562652166953
2032-09-03,NDX,0.0012136079372760782
2032-09-03,XAU,0.06719915130994582
2032-09-03,COPPER,-0.022926504535860745
2032-09-03,WTI,-0.16355806930502664
2032-09-03,BTC,-0.0
2032-09-03,ETH,-0.0
2032-09-03,US10Y,0.04773189929459709
2032-09-03,CN10Y,-0.0
2032-09-06,000300.SH,-0.0
2032-09-06,SPX,-0.027487880122220348
2032-09-06,HSI,-0.0
2032-09-06,N225,0.06903355140786178
2032-09-06,SX5E,-0.048236967812831814
2032-09-06,000688.SH,0.0754108517371382
2032-09-06,SOX,0.018603394880879927
2032-09-06,NDX,0.01012022232555627
2032-09-06,XAU,0.0772418593851186
2032-09-06,COPPER,-0.033156889559692405
2032-09-06,WTI,-0.19570843556726483
2032-09-06,BTC,-0.0
2032-09-06,ETH,-0.0
2032-09-06,US10Y,0.05418029332545925
2032-09-06,CN10Y,-0.0
2032-09-07,000300.SH,-0.0
2032-09-07,SPX,-0.015557164655700036
2032-09-07,HSI,-0.0
2032-09-07,N225,0.06572628962703464
2032-09-07,SX5E,-0.02940773773769171
2032-09-07,000688.SH,0.1378738852480903
2032-09-07,SOX,0.006710555215884454
2032-09-07,NDX,-0.009797160889585706
2032-09-07,XAU,0.05628350219575511
2032-09-07,COPPER,-0.013577872809830575
2032-09-07,WTI,-0.2492714968691809
2032-09-07,BTC,-0.0
2032-09-07,ETH,-0.0
2032-09-07,US10Y,0.05101720067522676
2032-09-07,CN10Y,-0.0
2032-09-08,000300.SH,-0.0
2032-09-08,SPX,-0.02010570326624403
2032-09-08,HSI,-0.0
2032-09-08,N225,0.05557058785921398
2032-09-08,SX5E,-0.0327267548629914
2032-09-08,000688.SH,0.11854467050430827
2032-09-08,SOX,0.029706742333982808
2032-09-08,NDX,-0.0191359960950091
2032-09-08,XAU,0.06228126464027307
2032-09-08,COPPER,-0.05599272790954053
2032-09-08,WTI,-0.21561336852163088
2032-09-08,BTC,-0.0
2032-09-08,ETH,-0.0
2032-09-08,US10Y,0.07747128531763865
2032-09-08,CN10Y,-0.0
2032-09-09,000300.SH,-0.0
2032-09-09,SPX,-0.03593199626078987
2032-09-09,HSI,-0.0
2032-09-09,N225,0.04023794137872733
2032-09-09,SX5E,-0.026284928869871285
2032-09-09,000688.SH,0.11446207088037362
2032-09-09,SOX,0.07865783104554219
2032-09-09,NDX,-0.009813328642081528
2032-09-09,XAU,0.07521261222762712
2032-09-09,COPPER,-0.05113802007544868
2032-09-09,WTI,-0.26931175476520486
2032-09-09,BTC,-0.0
2032-09-09,ETH,-0.0
2032-09-09,US10Y,0.08390957308112618
2032-09-09,CN10Y,-0.0
2032-09-10,000300.SH,-0.0
2032-09-10,SPX,-0.022159299087483493
2032-09-10,HSI,-0.0
2032-09-10,N225,0.038559322972752594
2032-09-10,SX5E,-0.040537011595144314
2032-09-10,000688.SH,0.11288237459542512
2032-09-10,SOX,0.09541799303876312
2032-09-10,NDX,0.007922925118964695
2032-09-10,XAU,0.059071090039486726
2032-09-10,COPPER,-0.032424142938765756
2032-09-10,WTI,-0.31179512968582845
2032-09-10,BTC,-0.0
2032-09-10,ETH,-0.0
2032-09-10,US10Y,0.09306187754182985
2032-09-10,CN10Y,-0.0
2032-09-13,000300.SH,-0.0
2032-09-13,SPX,-0.013106142188584568
2032-09-13,HSI,-0.0
2032-09-13,N225,0.0536127203354525
2032-09-13,SX5E,-0.04886175645435473
2032-09-13,000688.SH,0.06390877010822986
2032-09-13,SOX,0.1282145900064947
2032-09-13,NDX,0.018963954183349264
2032-09-13,XAU,0.05417734228161661
2032-09-13,COPPER,-0.07371042644574026
2032-09-13,WTI,-0.2708210460329259
2032-09-13,BTC,-0.0
2032-09-13,ETH,-0.0
2032-09-13,US10Y,0.08762199420646126
2032-09-13,CN10Y,-0.0
2032-09-14,000300.SH,-0.0
2032-09-14,SPX,-0.0216337982629499
2032-09-14,HSI,-0.0
2032-09-14,N225,0.06408931141657781
2032-09-14,SX5E,-0.04127420153033885
2032-09-14,000688.SH,0.11504009471258123
2032-09-14,SOX,0.1403521853268993
2032-09-14,NDX,0.023350749744419315
2032-09-14,XAU,0.0437368136761298
2032-09-14,COPPER,-0.10722982399438596
2032-09-14,WTI,-0.3026534056515868
2032-09-14,BTC,-0.0
2032-09-14,ETH,-0.0
2032-09-14,US10Y,0.08622207456265323
2032-09-14,CN10Y,-0.0
2032-09-15,000300.SH,-0.0
2032-09-15,SPX,-0.016272853882970402
2032-09-15,HSI,-0.0
2032-09-15,N225,0.08810035782379798
2032-09-15,SX5E,-0.023975566392852803
2032-09-15,000688.SH,0.11301726315900809
2032-09-15,SOX,0.10951603590474429
2032-09-15,NDX,0.03232244123356948
2032-09-15,XAU,0.09050485747752213
2032-09-15,COPPER,-0.13248838903351345
2032-09-15,WTI,-0.3407312170814677
2032-09-15,BTC,-0.0
2032-09-15,ETH,-0.0
2032-09-15,US10Y,0.08000707079215989
2032-09-15,CN10Y,-0.0
2032-09-16,000300.SH,-0.0
2032-09-16,SPX,-0.05474482007799378
2032-09-16,HSI,-0.0
2032-09-16,N225,0.11583735109611268
2032-09-16,SX5E,-0.07496300645417085
2032-09-16,000688.SH,0.07822036160483851
2032-09-16,SOX,0.14616707146980068
2032-09-16,NDX,0.041992465385659136
2032-09-16,XAU,0.08215571496765928
2032-09-16,COPPER,-0.11149091796162552
2032-09-16,WTI,-0.3080094441289617
2032-09-16,BTC,-0.0
2032-09-16,ETH,-0.0
2032-09-16,US10Y,0.08483522409867829
2032-09-16,CN10Y,-0.0
2032-09-17,000300.SH,-0.0
2032-09-17,SPX,-0.03790512727748348
2032-09-17,HSI,-0.0
2032-09-17,N225,0.137388165431808
2032-09-17,SX5E,-0.07122280430766836
2032-09-17,000688.SH,0.03375122821418008
2032-09-17,SOX,0.0966028836095624
2032-09-17,NDX,0.02736995373940946
2032-09-17,XAU,0.050904043150264255
2032-09-17,COPPER,-0.061071787908342334
2032-09-17,WTI,-0.2546599151975743
2032-09-17,BTC,-0.0
2032-09-17,ETH,-0.0
2032-09-17,US10Y,0.07884336054584234
2032-09-17,CN10Y,-0.0
2032-09-20,000300.SH,-0.0
2032-09-20,SPX,-0.06528669935839865
2032-09-20,HSI,-0.0
2032-09-20,N225,0.1377589516325372
2032-09-20,SX5E,-0.08577680178868613
2032-09-20,000688.SH,0.057248706808091285
2032-09-20,SOX,0.06766822200527361
2032-09-20,NDX,0.0201977780790903
2032-09-20,XAU,0.010234117147664017
2032-09-20,COPPER,-0.03462537783808578
2032-09-20,WTI,-0.20300227242032287
2032-09-20,BTC,-0.0
2032-09-20,ETH,-0.0
2032-09-20,US10Y,0.09558337573283553
2032-09-20,CN10Y,-0.0
2032-09-21,000300.SH,-0.0
2032-09-21,SPX,-0.049644409638507504
2032-09-21,HSI,-0.0
2032-09-21,N225,0.1123892307195106
2032-09-21,SX5E,-0.07599652918082879
2032-09-21,000688.SH,0.02324127156803278
2032-09-21,SOX,0.0880084941176408
2032-09-21,NDX,0.041791814310850835
2032-09-21,XAU,-0.01209907502030538
2032-09-21,COPPER,-0.01411731855296065
2032-09-21,WTI,-0.21688275761298814
2032-09-21,BTC,-0.0
2032-09-21,ETH,-0.0
2032-09-21,US10Y,0.10330927928955343
2032-09-21,CN10Y,-0.0
2032-09-22,000300.SH,-0.0
2032-09-22,SPX,-0.05628938590762403
2032-09-22,HSI,-0.0
2032-09-22,N225,0.09053971329963292
2032-09-22,SX5E,-0.06398520898419367
2032-09-22,000688.SH,0.011602676581357583
2032-09-22,SOX,0.05791630939405442
2032-09-22,NDX,0.08043810494145456
2032-09-22,XAU,-0.03187921494906202
2032-09-22,COPPER,-0.026255888173422986
2032-09-22,WTI,-0.15585884835829977
2032-09-22,BTC,-0.0
2032-09-22,ETH,-0.0
2032-09-22,US10Y,0.09377174215609868
2032-09-22,CN10Y,-0.0
2032-09-23,000300.SH,-0.0
2032-09-23,SPX,-0.06480129627716552
2032-09-23,HSI,-0.0
2032-09-23,N225,0.06564644914963165
2032-09-23,SX5E,-0.08562227687293773
2032-09-23,000688.SH,0.0396216623727496
2032-09-23,SOX,0.0739384520484593
2032-09-23,NDX,0.10584200005868433
2032-09-23,XAU,-0.028480192538029234
2032-09-23,COPPER,-0.014936221745077046
2032-09-23,WTI,-0.19509819161488015
2032-09-23,BTC,-0.0
2032-09-23,ETH,-0.0
2032-09-23,US10Y,0.10388961541856036
2032-09-23,CN10Y,-0.0
2032-09-24,000300.SH,-0.0
2032-09-24,SPX,-0.07246716728204228
2032-09-24,HSI,-0.0
2032-09-24,N225,0.05677842875891867
2032-09-24,SX5E,-0.10351847615137011
2032-09-24,000688.SH,0.08269822670260951
2032-09-24,SOX,0.06884065601861163
2032-09-24,NDX,0.10706471142938774
2032-09-24,XAU,-0.02666914194796783
2032-09-24,COPPER,-0.0024895303248678676
2032-09-24,WTI,-0.20927480036490814
2032-09-24,BTC,-0.0
2032-09-24,ETH,-0.0
2032-09-24,US10Y,0.09903709316162486
2032-09-24,CN10Y,-0.0
2032-09-27,000300.SH,-0.0
2032-09-27,SPX,-0.09018435509300635
2032-09-27,HSI,-0.0
2032-09-27,N225,0.06859485392364108
2032-09-27,SX5E,-0.07921021904948658
2032-09-27,000688.SH,0.051804727350805824
2032-09-27,SOX,0.09640212933696991
2032-09-27,NDX,0.10048858918872951
2032-09-27,XAU,-0.033536355759114976
2032-09-27,COPPER,0.005719491407167307
2032-09-27,WTI,-0.2161699862702596
2032-09-27,BTC,-0.0
2032-09-27,ETH,-0.0
2032-09-27,US10Y,0.09609112496455131
2032-09-27,CN10Y,-0.0
2032-09-28,000300.SH,-0.0
2032-09-28,SPX,-0.07722649134372171
2032-09-28,HSI,-0.0
2032-09-28,N225,0.06543129171245018
2032-09-28,SX5E,-0.08450477621443672
2032-09-28,000688.SH,0.11835927944002886
2032-09-28,SOX,0.07025563537491702
2032-09-28,NDX,0.07137984353887221
2032-09-28,XAU,-0.044484491763888474
2032-09-28,COPPER,0.001158500194958282
2032-09-28,WTI,-0.1790652706197787
2032-09-28,BTC,-0.0
2032-09-28,ETH,-0.0
2032-09-28,US10Y,0.05869647968059767
2032-09-28,CN10Y,-0.0
2032-09-29,000300.SH,-0.0
2032-09-29,SPX,-0.0524240969120083
2032-09-29,HSI,-0.0
2032-09-29,N225,0.04379293134449351
2032-09-29,SX5E,-0.08045437301521596
2032-09-29,000688.SH,0.12820888001856928
2032-09-29,SOX,0.05689014247611695
2032-09-29,NDX,0.11175418290159428
2032-09-29,XAU,-0.042404800820173026
2032-09-29,COPPER,-0.02851839934798537
2032-09-29,WTI,-0.16776320751693907
2032-09-29,BTC,-0.0
2032-09-29,ETH,-0.0
2032-09-29,US10Y,0.030918740871545905
2032-09-29,CN10Y,-0.0
2032-09-30,000300.SH,-0.0
2032-09-30,SPX,-0.04884520276031527
2032-09-30,HSI,-0.0
2032-09-30,N225,0.049176575343602605
2032-09-30,SX5E,-0.08639229459614868
2032-09-30,000688.SH,0.10030790336675419
2032-09-30,SOX,0.04959040211279636
2032-09-30,NDX,0.11924115399377622
2032-09-30,XAU,-0.028048245383688882
2032-09-30,COPPER,-0.05709158989878219
2032-09-30,WTI,-0.13345894178288817
2032-09-30,BTC,-0.0
2032-09-30,ETH,-0.0
2032-09-30,US10Y,0.03552023960489258
2032-09-30,CN10Y,-0.0
2032-10-01,000300.SH,-0.0
2032-10-01,SPX,-0.04898204145901197
2032-10-01,HSI,-0.0
2032-10-01,N225,0.04831605237035292
2032-10-01,SX5E,-0.09315536337641897
2032-10-01,000688.SH,0.05599025580123099
2032-10-01,SOX,0.07829949214983091
2032-10-01,NDX,0.13873254102720411
2032-10-01,XAU,-0.04298132956998698
2032-10-01,COPPER,-0.044542949081245564
2032-10-01,WTI,-0.1500347430730999
2032-10-01,BTC,-0.0
2032-10-01,ETH,-0.0
2032-10-01,US10Y,0.058358085211139776
2032-10-01,CN10Y,-0.0
2032-10-04,000300.SH,-0.0
2032-10-04,SPX,-0.058830690433638345
2032-10-04,HSI,-0.0
2032-10-04,N225,0.0494693600338359
2032-10-04,SX5E,-0.11166297730177131
2032-10-04,000688.SH,0.08371491224096954
2032-10-04,SOX,0.0652925486893747
2032-10-04,NDX,0.11909050581307801
2032-10-04,XAU,-0.04550097973858175
2032-10-04,COPPER,-0.033664082634920864
2032-10-04,WTI,-0.13168503396997572
2032-10-04,BTC,-0.0
2032-10-04,ETH,-0.0
2032-10-04,US10Y,0.0637764373016233
2032-10-04,CN10Y,-0.0
2032-10-05,000300.SH,-0.0
2032-10-05,SPX,-0.061442067813086934
2032-10-05,HSI,-0.0
2032-10-05,N225,0.054156651032155674
2032-10-05,SX5E,-0.11271048551672179
2032-10-05,000688.SH,0.025770926045383558
2032-10-05,SOX,0.12272228374182569
2032-10-05,NDX,0.11698061899320657
2032-10-05,XAU,-0.03901393718387237
2032-10-05,COPPER,-0.03145303586404019
2032-10-05,WTI,-0.1358804620324647
2032-10-05,BTC,-0.0
2032-10-05,ETH,-0.0
2032-10-05,US10Y,0.06086950859760936
2032-10-05,CN10Y,-0.0
2032-10-06,000300.SH,-0.0
2032-10-06,SPX,-0.0334202200307776
2032-10-06,HSI,-0.0
2032-10-06,N225,0.070236176994394
2032-10-06,SX5E,-0.12118178286145852
2032-10-06,000688.SH,0.02575365574845869
2032-10-06,SOX,0.11797293028013589
2032-10-06,NDX,0.11585927526794562
2032-10-06,XAU,-0.03737510669532303
2032-10-06,COPPER,-0.020036458911587146
2032-10-06,WTI,-0.17337589012161495
2032-10-06,BTC,-0.0
2032-10-06,ETH,-0.0
2032-10-06,US10Y,0.05556742032982255
2032-10-06,CN10Y,-0.0
2032-10-07,000300.SH,-0.0
2032-10-07,SPX,0.003901631708692826
2032-10-07,HSI,-0.0
2032-10-07,N225,0.05996207923751751
2032-10-07,SX5E,-0.13569945905633526
2032-10-07,000688.SH,-0.015099971843755496
2032-10-07,SOX,0.0898081680957672
2032-10-07,NDX,0.09260728196032635
2032-10-07,XAU,-0.029177666407559394
2032-10-07,COPPER,-0.013545414269982237
2032-10-07,WTI,-0.1179340579558549
2032-10-07,BTC,-0.0
2032-10-07,ETH,-0.0
2032-10-07,US10Y,0.06517740853117826
2032-10-07,CN10Y,-0.0
2032-10-08,000300.SH,-0.0
2032-10-08,SPX,-0.02798377480657519
2032-10-08,HSI,-0.0
2032-10-08,N225,0.0788696399674721
2032-10-08,SX5E,-0.12840148401605947
2032-10-08,000688.SH,-0.024968641140510426
2032-10-08,SOX,0.08080097283063507
2032-10-08,NDX,0.08440722826664515
2032-10-08,XAU,0.0009474178964824966
2032-10-08,COPPER,0.0027887821145669237
2032-10-08,WTI,-0.12014834048678577
2032-10-08,BTC,-0.0
2032-10-08,ETH,-0.0
2032-10-08,US10Y,0.053688199374123134
2032-10-08,CN10Y,-0.0
2032-10-11,000300.SH,-0.0
2032-10-11,SPX,-0.02095403621100366
2032-10-11,HSI,-0.0
2032-10-11,N225,0.04556521376098508
2032-10-11,SX5E,-0.09755500243895181
2032-10-11,000688.SH,-0.016948320976652286
2032-10-11,SOX,0.06767579755078665
2032-10-11,NDX,0.07684218439138127
2032-10-11,XAU,-0.014343357316591539
2032-10-11,COPPER,0.044298770931627984
2032-10-11,WTI,-0.1304066728957046
2032-10-11,BTC,-0.0
2032-10-11,ETH,-0.0
2032-10-11,US10Y,0.04582542320411799
2032-10-11,CN10Y,-0.0
2032-10-12,000300.SH,-0.0
2032-10-12,SPX,-0.02408611721616612
2032-10-12,HSI,-0.0
2032-10-12,N225,0.03247705097612785
2032-10-12,SX5E,-0.09568387981234944
2032-10-12,000688.SH,-0.06170332564200884
2032-10-12,SOX,0.048848862192620544
2032-10-12,NDX,0.10142839312853452
2032-10-12,XAU,0.007471378109664547
2032-10-12,COPPER,0.050588480960268
2032-10-12,WTI,-0.10279475858170398
2032-10-12,BTC,-0.0
2032-10-12,ETH,-0.0
2032-10-12,US10Y,0.043453915885008285
2032-10-12,CN10Y,-0.0
2032-10-13,000300.SH,-0.0
2032-10-13,SPX,-0.03541883895762356
2032-10-13,HSI,-0.0
2032-10-13,N225,-0.0002458947990532784
2032-10-13,SX5E,-0.09809257311451866
2032-10-13,000688.SH,-0.03940449122167893
2032-10-13,SOX,0.0003135304549879009
2032-10-13,NDX,0.09721856755877481
2032-10-13,XAU,-0.005712610663300994
2032-10-13,COPPER,0.08095457519296317
2032-10-13,WTI,-0.04431370334941434
2032-10-13,BTC,-0.0
2032-10-13,ETH,-0.0
2032-10-13,US10Y,0.04470143889885947
2032-10-13,CN10Y,-0.0
2032-10-14,000300.SH,-0.0
2032-10-14,SPX,0.020479186480616387
2032-10-14,HSI,-0.0
2032-10-14,N225,-0.012586570379857954
2032-10-14,SX5E,-0.08347177443783164
2032-10-14,000688.SH,0.002988909110074914
2032-10-14,SOX,-0.0581464623650905
2032-10-14,NDX,0.08064642790689364
2032-10-14,XAU,0.019329715148262205
2032-10-14,COPPER,0.06976228429646439
2032-10-14,WTI,-0.07130801842276202
2032-10-14,BTC,-0.0
2032-10-14,ETH,-0.0
2032-10-14,US10Y,0.03230630266322552
2032-10-14,CN10Y,-0.0
2032-10-15,000300.SH,-0.0
2032-10-15,SPX,0.034660072802230324
2032-10-15,HSI,-0.0
2032-10-15,N225,-0.013568957968301107
2032-10-15,SX5E,-0.07876363777811177
2032-10-15,000688.SH,-0.024597155997712818
2032-10-15,SOX,-0.02755801296659817
2032-10-15,NDX,0.06994613050271688
2032-10-15,XAU,0.03455997568533799
2032-10-15,COPPER,0.049762786263816514
2032-10-15,WTI,-0.0687518147489628
2032-10-15,BTC,-0.0
2032-10-15,ETH,-0.0
2032-10-15,US10Y,0.02431061420557781
2032-10-15,CN10Y,-0.0
2032-10-18,000300.SH,-0.0
2032-10-18,SPX,0.03960311848285939
2032-10-18,HSI,-0.0
2032-10-18,N225,-0.022371976044745757
2032-10-18,SX5E,-0.045616567782894024
2032-10-18,000688.SH,-0.038279767418411714
2032-10-18,SOX,-0.012092803023924223
2032-10-18,NDX,0.07123235972902969
2032-10-18,XAU,0.050504420373017674
2032-10-18,COPPER,0.04589357303165461
2032-10-18,WTI,-0.10859645644733185
2032-10-18,BTC,-0.0
2032-10-18,ETH,-0.0
2032-10-18,US10Y,0.019724099100740043
2032-10-18,CN10Y,-0.0
2032-10-19,000300.SH,-0.0
2032-10-19,SPX,0.02932818733297069
2032-10-19,HSI,-0.0
2032-10-19,N225,-0.0028351851967594564
2032-10-19,SX5E,-0.03647604614941901
2032-10-19,000688.SH,-0.07512936020098114
2032-10-19,SOX,-0.033655579296360726
2032-10-19,NDX,0.049829052512352874
2032-10-19,XAU,0.05849204477139176
2032-10-19,COPPER,0.08056965399215865
2032-10-19,WTI,-0.07136416007184612
2032-10-19,BTC,-0.0
2032-10-19,ETH,-0.0
2032-10-19,US10Y,0.0012413923064868541
2032-10-19,CN10Y,-0.0
2032-10-20,000300.SH,-0.0
2032-10-20,SPX,0.05686428745211703
2032-10-20,HSI,-0.0
2032-10-20,N225,0.02008749176220134
2032-10-20,SX5E,-0.02474978654993127
2032-10-20,000688.SH,-0.042706490413921716
2032-10-20,SOX,-0.06404583355211496
2032-10-20,NDX,0.041958983028308895
2032-10-20,XAU,0.06683725470183521
2032-10-20,COPPER,0.040367662058797396
2032-10-20,WTI,-0.10380873847598007
2032-10-20,BTC,-0.0
2032-10-20,ETH,-0.0
2032-10-20,US10Y,0.009195169988685019
2032-10-20,CN10Y,-0.0
2032-10-21,000300.SH,-0.0
2032-10-21,SPX,0.054804003498049404
2032-10-21,HSI,-0.0
2032-10-21,N225,0.008439083105510019
2032-10-21,SX5E,-0.003912254360034015
2032-10-21,000688.SH,-0.03202692588426112
2032-10-21,SOX,-0.06132664490780189
2032-10-21,NDX,-0.0023709569366814013
2032-10-21,XAU,0.08102874471919831
2032-10-21,COPPER,0.003708549974491847
2032-10-21,WTI,-0.02489642647048474
2032-10-21,BTC,-0.0
2032-10-21,ETH,-0.0
2032-10-21,US10Y,-0.023447172737990657
2032-10-21,CN10Y,-0.0
2032-10-22,000300.SH,-0.0
2032-10-22,SPX,0.06789064463065718
2032-10-22,HSI,-0.0
2032-10-22,N225,-0.0025580437118182843
2032-10-22,SX5E,-0.00284301786702729
2032-10-22,000688.SH,-0.045246754029468275
2032-10-22,SOX,-0.024511164239412526
2032-10-22,NDX,-0.022720301810111854
2032-10-22,XAU,0.08940112314612671
2032-10-22,COPPER,0.02589245006609674
2032-10-22,WTI,-0.04833321684352261
2032-10-22,BTC,-0.0
2032-10-22,ETH,-0.0
2032-10-22,US10Y,-0.036971719341524774
2032-10-22,CN10Y,-0.0
2032-10-25,000300.SH,-0.0
2032-10-25,SPX,0.06742108157543468
2032-10-25,HSI,-0.0
2032-10-25,N225,-0.01114707705574056
2032-10-25,SX5E,0.007719842463585916
2032-10-25,000688.SH,-0.0429328392242878
2032-10-25,SOX,-0.0437956388545047
2032-10-25,NDX,-0.04813949233081849
2032-10-25,XAU,0.07749553377600343
2032-10-25,COPPER,0.028231985025866907
2032-10-25,WTI,0.010113065635271607
2032-10-25,BTC,-0.0
2032-10-25,ETH,-0.0
2032-10-25,US10Y,-0.044966461010816805
2032-10-25,CN10Y,-0.0
2032-10-26,000300.SH,-0.0
2032-10-26,SPX,0.08302025934830908
2032-10-26,HSI,-0.0
2032-10-26,N225,-0.037518253352437886
2032-10-26,SX5E,-0.015003119810556048
2032-10-26,000688.SH,-0.11284659436971174
2032-10-26,SOX,-0.048106038636196946
2032-10-26,NDX,-0.033349788649137874
2032-10-26,XAU,0.06924805637777827
2032-10-26,COPPER,0.04315293857196796
2032-10-26,WTI,0.05173216393192123
2032-10-26,BTC,-0.0
2032-10-26,ETH,-0.0
2032-10-26,US10Y,-0.00032962341194203715
2032-10-26,CN10Y,-0.0
2032-10-27,000300.SH,-0.0
2032-10-27,SPX,0.08203494827013831
2032-10-27,HSI,-0.0
2032-10-27,N225,-0.03910471452765433
2032-10-27,SX5E,-0.01348997661230876
2032-10-27,000688.SH,-0.07741380986692795
2032-10-27,SOX,-0.03310386926376713
2032-10-27,NDX,-0.07792384836863225
2032-10-27,XAU,0.054465785910104945
2032-10-27,COPPER,0.07941526125116656
2032-10-27,WTI,0.026372856854347947
2032-10-27,BTC,-0.0
2032-10-27,ETH,-0.0
2032-10-27,US10Y,-0.0012526336464723645
2032-10-27,CN10Y,-0.0
2032-10-28,000300.SH,-0.0
2032-10-28,SPX,0.08927138180512628
2032-10-28,HSI,-0.0
2032-10-28,N225,-0.05598878971775411
2032-10-28,SX5E,-0.010956619641755976
2032-10-28,000688.SH,-0.05294145165211539
2032-10-28,SOX,-0.02248135545599429
2032-10-28,NDX,-0.06066664377977699
2032-10-28,XAU,0.05061424027742993
2032-10-28,COPPER,0.09554306875242358
2032-10-28,WTI,-0.02002488062049928
2032-10-28,BTC,-0.0
2032-10-28,ETH,-0.0
2032-10-28,US10Y,-0.012368949967090894
2032-10-28,CN10Y,-0.0
2032-10-29,000300.SH,-0.0
2032-10-29,SPX,0.04596587228902194
2032-10-29,HSI,-0.0
2032-10-29,N225,-0.06253309063921592
2032-10-29,SX5E,-0.014133383351501619
2032-10-29,000688.SH,-0.046226610139001825
2032-10-29,SOX,-0.02158351310186272
2032-10-29,NDX,-0.04847877204256042
2032-10-29,XAU,0.054625762793011054
2032-10-29,COPPER,0.051423850942775906
2032-10-29,WTI,0.055932810077116105
2032-10-29,BTC,-0.0
2032-10-29,ETH,-0.0
2032-10-29,US10Y,-0.014992926827785259
2032-10-29,CN10Y,-0.0
2032-11-01,000300.SH,-0.0
2032-11-01,SPX,0.06069522461857898
2032-11-01,HSI,-0.0
2032-11-01,N225,-0.06247107082294818
2032-11-01,SX5E,-0.025959822871763415
2032-11-01,000688.SH,-0.014680529919198888
2032-11-01,SOX,-0.000989981492011141
2032-11-01,NDX,-0.06761240206316275
2032-11-01,XAU,0.03774062247527858
2032-11-01,COPPER,0.040449575381490945
2032-11-01,WTI,0.05351702634708111
2032-11-01,BTC,-0.0
2032-11-01,ETH,-0.0
2032-11-01,US10Y,-0.02068864165334707
2032-11-01,CN10Y,-0.0
2032-11-02,000300.SH,-0.0
2032-11-02,SPX,0.06289770874257812
2032-11-02,HSI,-0.0
2032-11-02,N225,-0.06782119522854219
2032-11-02,SX5E,-0.05363722581110988
2032-11-02,000688.SH,0.026830500432397382
2032-11-02,SOX,0.0069739290945029925
2032-11-02,NDX,-0.057441078556264874
2032-11-02,XAU,0.03722156044857813
2032-11-02,COPPER,0.011793693723033002
2032-11-02,WTI,0.043179300999941425
2032-11-02,BTC,-0.0
2032-11-02,ETH,-0.0
2032-11-02,US10Y,-0.009997193845118503
2032-11-02,CN10Y,-0.0
2032-11-03,000300.SH,-0.0
2032-11-03,SPX,0.05624341374581679
2032-11-03,HSI,-0.0
2032-11-03,N225,-0.06699773259196154
2032-11-03,SX5E,-0.052256374498835224
2032-11-03,000688.SH,0.06135227510704673
2032-11-03,SOX,0.010025749542875925
2032-11-03,NDX,-0.023756293073512177
2032-11-03,XAU,0.005297411033567522
2032-11-03,COPPER,-0.005975887088314348
2032-11-03,WTI,0.03758085309089691
2032-11-03,BTC,-0.0
2032-11-03,ETH,-0.0
2032-11-03,US10Y,-0.021513415267586388
2032-11-03,CN10Y,-0.0
2032-11-04,000300.SH,-0.0
2032-11-04,SPX,0.0273194701318819
2032-11-04,HSI,-0.0
2032-11-04,N225,-0.08231255863668996
2032-11-04,SX5E,-0.0671760419937173
2032-11-04,000688.SH,0.10821164272098935
2032-11-04,SOX,0.013273268651599706
2032-11-04,NDX,0.0075250664660218465
2032-11-04,XAU,-0.0051040365574753395
2032-11-04,COPPER,-0.029083341538970558
2032-11-04,WTI,0.047916132531431746
2032-11-04,BTC,-0.0
2032-11-04,ETH,-0.0
2032-11-04,US10Y,-0.02056960177507486
2032-11-04,CN10Y,-0.0
2032-11-05,000300.SH,-0.0
2032-11-05,SPX,0.022260005515422794
2032-11-05,HSI,-0.0
2032-11-05,N225,-0.10016493168730405
2032-11-05,SX5E,-0.047882763181964785
2032-11-05,000688.SH,0.11546734388279356
2032-11-05,SOX,0.006267284968314151
2032-11-05,NDX,0.026181846784270643
2032-11-05,XAU,-0.010370893982944421
2032-11-05,COPPER,-0.03809700881818761
2032-11-05,WTI,0.042032350162344384
2032-11-05,BTC,-0.0
2032-11-05,ETH,-0.0
2032-11-05,US10Y,-0.015693233642746905
2032-11-05,CN10Y,-0.0
2032-11-08,000300.SH,-0.0
2032-11-08,SPX,0.02306053214306294
2032-11-08,HSI,-0.0
2032-11-08,N225,-0.11230910909403684
2032-11-08,SX5E,-0.05775093339692064
2032-11-08,000688.SH,0.143703053563167
2032-11-08,SOX,0.041203954645497975
2032-11-08,NDX,0.041574432852608964
2032-11-08,XAU,-0.011860243468802979
2032-11-08,COPPER,-0.03041197009048309
2032-11-08,WTI,-0.021733079538322028
2032-11-08,BTC,-0.0
2032-11-08,ETH,-0.0
2032-11-08,US10Y,-0.015476637615774573
2032-11-08,CN10Y,-0.0
2032-11-09,000300.SH,-0.0
2032-11-09,SPX,0.028396548928486122
2032-11-09,HSI,-0.0
2032-11-09,N225,-0.10512299756169742
2032-11-09,SX5E,-0.0667158063378981
2032-11-09,000688.SH,0.17694274845903868
2032-11-09,SOX,0.04790323026801745
2032-11-09,NDX,0.016578013660790158
2032-11-09,XAU,-0.033542811886498776
2032-11-09,COPPER,-0.020628459920842526
2032-11-09,WTI,-0.03404612773934541
2032-11-09,BTC,-0.0
2032-11-09,ETH,-0.0
2032-11-09,US10Y,-0.009764337870053532
2032-11-09,CN10Y,-0.0
2032-11-10,000300.SH,-0.0
2032-11-10,SPX,0.03224826007594128
2032-11-10,HSI,-0.0
2032-11-10,N225,-0.09359408013754181
2032-11-10,SX5E,-0.056896070091342205
2032-11-10,000688.SH,0.18865387047990922
2032-11-10,SOX,0.050652677192151246
2032-11-10,NDX,-0.0035654358944306637
2032-11-10,XAU,-0.027275091006927602
2032-11-10,COPPER,-0.046911440295129926
2032-11-10,WTI,-0.04921122349250783
2032-11-10,BTC,-0.0
2032-11-10,ETH,-0.0
2032-11-10,US10Y,0.005898533169875094
2032-11-10,CN10Y,-0.0
2032-11-11,000300.SH,-0.0
2032-11-11,SPX,0.0025017842713687365
2032-11-11,HSI,-0.0
2032-11-11,N225,-0.12438839129331296
2032-11-11,SX5E,-0.020955307425241154
2032-11-11,000688.SH,0.13536518032585357
2032-11-11,SOX,0.13133894464808252
2032-11-11,NDX,0.017670187950205557
2032-11-11,XAU,-0.04345002397517213
2032-11-11,COPPER,-0.05062536373677294
2032-11-11,WTI,-0.039000702506003564
2032-11-11,BTC,-0.0
2032-11-11,ETH,-0.0
2032-11-11,US10Y,-0.008456308259012212
2032-11-11,CN10Y,-0.0
2032-11-12,000300.SH,-0.0
2032-11-12,SPX,-0.0036027933177406046
2032-11-12,HSI,-0.0
2032-11-12,N225,-0.14291084118986078
2032-11-12,SX5E,-0.025183564918420553
2032-11-12,000688.SH,0.16403043588280217
2032-11-12,SOX,0.13256996701359866
2032-11-12,NDX,0.028679652744129886
2032-11-12,XAU,-0.04872128881709536
2032-11-12,COPPER,-0.05509852050728507
2032-11-12,WTI,-0.05968186510644773
2032-11-12,BTC,-0.0
2032-11-12,ETH,-0.0
2032-11-12,US10Y,0.009918818216316709
2032-11-12,CN10Y,-0.0
2032-11-15,000300.SH,-0.0
2032-11-15,SPX,-0.010070911738932976
2032-11-15,HSI,-0.0
2032-11-15,N225,-0.15080288505664105
2032-11-15,SX5E,-0.05161218464177934
2032-11-15,000688.SH,0.1685161366722224
2032-11-15,SOX,0.1199996640889427
2032-11-15,NDX,0.010853553210502246
2032-11-15,XAU,-0.04098924982123503
2032-11-15,COPPER,-0.06406806861538383
2032-11-15,WTI,0.016631935986534396
2032-11-15,BTC,-0.0
2032-11-15,ETH,-0.0
2032-11-15,US10Y,0.0015420099157675516
2032-11-15,CN10Y,-0.0
2032-11-16,000300.SH,-0.0
2032-11-16,SPX,0.0008836236435131742
2032-11-16,HSI,-0.0
2032-11-16,N225,-0.19273415867095225
2032-11-16,SX5E,-0.05004665655054995
2032-11-16,000688.SH,0.21280617098706625
2032-11-16,SOX,0.08251771152231197
2032-11-16,NDX,0.01289622512888536
2032-11-16,XAU,-0.022262580210228245
2032-11-16,COPPER,-0.11007923609548194
2032-11-16,WTI,0.04482633572877297
2032-11-16,BTC,-0.0
2032-11-16,ETH,-0.0
2032-11-16,US10Y,0.02119256451665897
2032-11-16,CN10Y,-0.0
2032-11-17,000300.SH,-0.0
2032-11-17,SPX,-5.493051309813854e-05
2032-11-17,HSI,-0.0
2032-11-17,N225,-0.21205877266971138
2032-11-17,SX5E,-0.0344007343472462
2032-11-17,000688.SH,0.163987141219782
2032-11-17,SOX,0.10603658560355296
2032-11-17,NDX,-0.024364822233362338
2032-11-17,XAU,-0.01815998363548876
2032-11-17,COPPER,-0.06847260285899703
2032-11-17,WTI,0.0625127330406496
2032-11-17,BTC,-0.0
2032-11-17,ETH,-0.0
2032-11-17,US10Y,0.024975386393914514
2032-11-17,CN10Y,-0.0
2032-11-18,000300.SH,-0.0
2032-11-18,SPX,-0.015916733260703482
2032-11-18,HSI,-0.0
2032-11-18,N225,-0.20116216086660035
2032-11-18,SX5E,-0.03907124137689213
2032-11-18,000688.SH,0.14111484968981503
2032-11-18,SOX,0.09563590469114275
2032-11-18,NDX,-0.015080006774537132
2032-11-18,XAU,-0.022419819745208625
2032-11-18,COPPER,-0.03390558212610006
2032-11-18,WTI,0.029809740121868076
2032-11-18,BTC,-0.0
2032-11-18,ETH,-0.0
2032-11-18,US10Y,0.06099504964721275
2032-11-18,CN10Y,-0.0
2032-11-19,000300.SH,-0.0
2032-11-19,SPX,-0.022720444756604622
2032-11-19,HSI,-0.0
2032-11-19,N225,-0.19102561332674672
2032-11-19,SX5E,-0.03767596259298065
2032-11-19,000688.SH,0.1324521352689929
2032-11-19,SOX,0.08277328921959679
2032-11-19,NDX,-0.016536856060188454
2032-11-19,XAU,-0.02841617130661734
2032-11-19,COPPER,-0.05862133182617216
2032-11-19,WTI,0.10006522285830682
2032-11-19,BTC,-0.0
2032-11-19,ETH,-0.0
2032-11-19,US10Y,0.039705732522411365
2032-11-19,CN10Y,-0.0
2032-11-22,000300.SH,-0.0
2032-11-22,SPX,-0.0032876098397077625
2032-11-22,HSI,-0.0
2032-11-22,N225,-0.17071213139789795
2032-11-22,SX5E,-0.060759196066013835
2032-11-22,000688.SH,0.12718139836390724
2032-11-22,SOX,0.03543253361771684
2032-11-22,NDX,0.018921661117366723
2032-11-22,XAU,-0.015479447966341233
2032-11-22,COPPER,-0.06884850719462503
2032-11-22,WTI,0.09041363957231442
2032-11-22,BTC,-0.0
2032-11-22,ETH,-0.0
2032-11-22,US10Y,0.04713765979327858
2032-11-22,CN10Y,-0.0
2032-11-23,000300.SH,-0.0
2032-11-23,SPX,-0.03791926422991792
2032-11-23,HSI,-0.0
2032-11-23,N225,-0.14991218473971452
2032-11-23,SX5E,-0.032057441524482116
2032-11-23,000688.SH,0.1386773082245161
2032-11-23,SOX,0.1232593349371352
2032-11-23,NDX,0.013153046868923532
2032-11-23,XAU,-0.019366190144207242
2032-11-23,COPPER,-0.08230550164970823
2032-11-23,WTI,0.0295632514019145
2032-11-23,BTC,-0.0
2032-11-23,ETH,-0.0
2032-11-23,US10Y,0.016907640855537216
2032-11-23,CN10Y,-0.0
2032-11-24,000300.SH,-0.0
2032-11-24,SPX,-0.038872140334837296
2032-11-24,HSI,-0.0
2032-11-24,N225,-0.15011963460253788
2032-11-24,SX5E,-0.0022526410791864106
2032-11-24,000688.SH,0.09575900967718178
2032-11-24,SOX,0.07576429157892803
2032-11-24,NDX,0.02699485410286211
2032-11-24,XAU,-0.004005410696063595
2032-11-24,COPPER,-0.08075703559257558
2032-11-24,WTI,0.03745501283123467
2032-11-24,BTC,-0.0
2032-11-24,ETH,-0.0
2032-11-24,US10Y,0.040033694114990775
2032-11-24,CN10Y,-0.0
2032-11-25,000300.SH,-0.0
2032-11-25,SPX,-0.05038940509896183
2032-11-25,HSI,-0.0
2032-11-25,N225,-0.17532191961629018
2032-11-25,SX5E,0.001085524794915401
2032-11-25,000688.SH,0.09041097027701864
2032-11-25,SOX,0.09464383008271632
2032-11-25,NDX,-0.010141939958755978
2032-11-25,XAU,0.010544327385753637
2032-11-25,COPPER,-0.08381734828327643
2032-11-25,WTI,0.078645554891165
2032-11-25,BTC,-0.0
2032-11-25,ETH,-0.0
2032-11-25,US10Y,0.04434040552571397
2032-11-25,CN10Y,-0.0
2032-11-26,000300.SH,-0.0
2032-11-26,SPX,-0.03279418615345919
2032-11-26,HSI,-0.0
2032-11-26,N225,-0.17662755640232666
2032-11-26,SX5E,0.006359804705998637
2032-11-26,000688.SH,0.11908358344412172
2032-11-26,SOX,0.11671898480891382
2032-11-26,NDX,0.017305672633341214
2032-11-26,XAU,-0.013018697696092065
2032-11-26,COPPER,-0.08098501255012863
2032-11-26,WTI,0.014681132155582425
2032-11-26,BTC,-0.0
2032-11-26,ETH,-0.0
2032-11-26,US10Y,0.029276275054045273
2032-11-26,CN10Y,-0.0
2032-11-29,000300.SH,-0.0
2032-11-29,SPX,-0.052682697926041494
2032-11-29,HSI,-0.0
2032-11-29,N225,-0.16883336345474337
2032-11-29,SX5E,0.029900508196949914
2032-11-29,000688.SH,0.0784279594897756
2032-11-29,SOX,0.1316211150685102
2032-11-29,NDX,0.04284921474936634
2032-11-29,XAU,0.0006989145451962104
2032-11-29,COPPER,-0.09124508779363343
2032-11-29,WTI,-0.004150364006211594
2032-11-29,BTC,-0.0
2032-11-29,ETH,-0.0
2032-11-29,US10Y,0.03341380113083136
2032-11-29,CN10Y,-0.0
2032-11-30,000300.SH,-0.0
2032-11-30,SPX,-0.05637623912801144
2032-11-30,HSI,-0.0
2032-11-30,N225,-0.15565453134215973
2032-11-30,SX5E,0.0431829993783028
2032-11-30,000688.SH,0.03601570955550325
2032-11-30,SOX,0.05538068113112892
2032-11-30,NDX,0.05381305330829558
2032-11-30,XAU,-0.013181839481083812
2032-11-30,COPPER,-0.0623349783991018
2032-11-30,WTI,0.07596212899014823
2032-11-30,BTC,-0.0
2032-11-30,ETH,-0.0
2032-11-30,US10Y,0.023193015986979065
2032-11-30,CN10Y,-0.0
2032-12-01,000300.SH,-0.0
2032-12-01,SPX,-0.060763471643122756
2032-12-01,HSI,-0.0
2032-12-01,N225,-0.1681467410992281
2032-12-01,SX5E,0.04178337375841675
2032-12-01,000688.SH,0.015787637828711624
2032-12-01,SOX,0.0651088037764311
2032-12-01,NDX,0.034487417331324884
2032-12-01,XAU,0.002294144058873051
2032-12-01,COPPER,-0.0178101781698581
2032-12-01,WTI,0.07795100444114124
2032-12-01,BTC,-0.0
2032-12-01,ETH,-0.0
2032-12-01,US10Y,0.009308009717313565
2032-12-01,CN10Y,-0.0
2032-12-02,000300.SH,-0.0
2032-12-02,SPX,-0.03426865314613917
2032-12-02,HSI,-0.0
2032-12-02,N225,-0.1257914817271732
2032-12-02,SX5E,0.07256425666285087
2032-12-02,000688.SH,0.007791380301160274
2032-12-02,SOX,0.053491799265383805
2032-12-02,NDX,0.00864915082550068
2032-12-02,XAU,-0.0019518710455499392
2032-12-02,COPPER,-0.013883277568925406
2032-12-02,WTI,0.04341972647142006
2032-12-02,BTC,-0.0
2032-12-02,ETH,-0.0
2032-12-02,US10Y,-0.010021030038526621
2032-12-02,CN10Y,-0.0
2032-12-03,000300.SH,-0.0
2032-12-03,SPX,-0.02186715056923485
2032-12-03,HSI,-0.0
2032-12-03,N225,-0.13915567649960608
2032-12-03,SX5E,0.06573774676822362
2032-12-03,000688.SH,-0.008534122308468365
2032-12-03,SOX,-0.009739578638801497
2032-12-03,NDX,0.008986530433888619
2032-12-03,XAU,0.0038746822341978755
2032-12-03,COPPER,-0.014170764093136267
2032-12-03,WTI,0.11116257130432075
2032-12-03,BTC,-0.0
2032-12-03,ETH,-0.0
2032-12-03,US10Y,0.0037057613686177753
2032-12-03,CN10Y,-0.0
2032-12-06,000300.SH,-0.0
2032-12-06,SPX,-0.027808270772500473
2032-12-06,HSI,-0.0
2032-12-06,N225,-0.09069382083085163
2032-12-06,SX5E,0.06921326025109238
2032-12-06,000688.SH,0.0011468405301098133
2032-12-06,SOX,-0.02926608985553207
2032-12-06,NDX,-0.01791953056881988
2032-12-06,XAU,0.006935565301240662
2032-12-06,COPPER,-0.03126423457890372
2032-12-06,WTI,0.10925972749177969
2032-12-06,BTC,-0.0
2032-12-06,ETH,-0.0
2032-12-06,US10Y,0.010396553032387972
2032-12-06,CN10Y,-0.0
2032-12-07,000300.SH,-0.0
2032-12-07,SPX,-0.02709196769442787
2032-12-07,HSI,-0.0
2032-12-07,N225,-0.08799558833964571
2032-12-07,SX5E,0.08801508541882543
2032-12-07,000688.SH,-0.029212194583196016
2032-12-07,SOX,0.00852305532585132
2032-12-07,NDX,-0.03158051031250278
2032-12-07,XAU,0.027785447298088836
2032-12-07,COPPER,-0.022197443509176542
2032-12-07,WTI,0.08083709421836827
2032-12-07,BTC,-0.0
2032-12-07,ETH,-0.0
2032-12-07,US10Y,-0.007082977822182512
2032-12-07,CN10Y,-0.0
2032-12-08,000300.SH,-0.0
2032-12-08,SPX,-0.011557308001549846
2032-12-08,HSI,-0.0
2032-12-08,N225,-0.10128111977112714
2032-12-08,SX5E,0.07029000869522624
2032-12-08,000688.SH,-0.06747313384777957
2032-12-08,SOX,0.04026840677613862
2032-12-08,NDX,-0.020681636701093825
2032-12-08,XAU,0.0031692299202699236
2032-12-08,COPPER,0.008002749719679469
2032-12-08,WTI,0.09039931522682636
2032-12-08,BTC,-0.0
2032-12-08,ETH,-0.0
2032-12-08,US10Y,-0.011136512016587248
2032-12-08,CN10Y,-0.0
2032-12-09,000300.SH,-0.0
2032-12-09,SPX,-0.014972077693037043
2032-12-09,HSI,-0.0
2032-12-09,N225,-0.06181953382454569
2032-12-09,SX5E,0.034347596412928484
2032-12-09,000688.SH,-0.01602354567570631
2032-12-09,SOX,-0.0045620951626429915
2032-12-09,NDX,-0.03138926976763556
2032-12-09,XAU,0.013023093062147797
2032-12-09,COPPER,0.00043574060876077573
2032-12-09,WTI,0.05307753998335188
2032-12-09,BTC,-0.0
2032-12-09,ETH,-0.0
2032-12-09,US10Y,0.02788255205638176
2032-12-09,CN10Y,-0.0
2032-12-10,000300.SH,-0.0
2032-12-10,SPX,-0.0066225521365980144
2032-12-10,HSI,-0.0
2032-12-10,N225,-0.07631571936046112
2032-12-10,SX5E,0.03408150353605007
2032-12-10,000688.SH,-0.032857307504223096
2032-12-10,SOX,0.008959376225032786
2032-12-10,NDX,-0.03709130688178357
2032-12-10,XAU,0.028235337767577584
2032-12-10,COPPER,-0.000757016143637804
2032-12-10,WTI,0.04965039321093044
2032-12-10,BTC,-0.0
2032-12-10,ETH,-0.0
2032-12-10,US10Y,0.03271729128711822
2032-12-10,CN10Y,-0.0
2032-12-13,000300.SH,-0.0
2032-12-13,SPX,0.007188322813981645
2032-12-13,HSI,-0.0
2032-12-13,N225,-0.04104813937730792
2032-12-13,SX5E,0.07046117939260638
2032-12-13,000688.SH,-0.053478552733540435
2032-12-13,SOX,-0.03060860008300774
2032-12-13,NDX,-0.016211311144111493
2032-12-13,XAU,0.01127209707571761
2032-12-13,COPPER,0.02033095459618992
2032-12-13,WTI,0.00426932384912845
2032-12-13,BTC,-0.0
2032-12-13,ETH,-0.0
2032-12-13,US10Y,0.027824725610346282
2032-12-13,CN10Y,-0.0
2032-12-14,000300.SH,-0.0
2032-12-14,SPX,-0.00026585385449819695
2032-12-14,HSI,-0.0
2032-12-14,N225,-0.0013037802422278845
2032-12-14,SX5E,0.06546029287133716
2032-12-14,000688.SH,-0.07218883041060423
2032-12-14,SOX,-0.027821578828341475
2032-12-14,NDX,-0.030166542879075102
2032-12-14,XAU,-0.022310479060542007
2032-12-14,COPPER,0.04046508600749295
2032-12-14,WTI,0.02082965542075148
2032-12-14,BTC,-0.0
2032-12-14,ETH,-0.0
2032-12-14,US10Y,0.02730203097571122
2032-12-14,CN10Y,-0.0
2032-12-15,000300.SH,-0.0
2032-12-15,SPX,-0.01608785084420796
2032-12-15,HSI,-0.0
2032-12-15,N225,0.023502358675283882
2032-12-15,SX5E,0.03282226060126841
2032-12-15,000688.SH,-0.06264530017123766
2032-12-15,SOX,-0.08320800013626989
2032-12-15,NDX,0.01810238692958485
2032-12-15,XAU,-0.016739198063418018
2032-12-15,COPPER,0.013375183688457415
2032-12-15,WTI,0.07321900321467388
2032-12-15,BTC,-0.0
2032-12-15,ETH,-0.0
2032-12-15,US10Y,0.01765915610586819
2032-12-15,CN10Y,-0.0
2032-12-16,000300.SH,-0.0
2032-12-16,SPX,0.011104253791836825
2032-12-16,HSI,-0.0
2032-12-16,N225,0.05229455757684899
2032-12-16,SX5E,0.02741557508072511
2032-12-16,000688.SH,-0.035687351678324555
2032-12-16,SOX,-0.10737718560971776
2032-12-16,NDX,0.014994155817448108
2032-12-16,XAU,-0.042103837987743406
2032-12-16,COPPER,0.016729124535889577
2032-12-16,WTI,0.06371599223277793
2032-12-16,BTC,-0.0
2032-12-16,ETH,-0.0
2032-12-16,US10Y,-0.0010852837597378276
2032-12-16,CN10Y,-0.0
2032-12-17,000300.SH,-0.0
2032-12-17,SPX,-0.0011481090860636228
2032-12-17,HSI,-0.0
2032-12-17,N225,0.07263378049888114
2032-12-17,SX5E,0.025627370139528108
2032-12-17,000688.SH,-0.014128943959814427
2032-12-17,SOX,-0.12243865471829085
2032-12-17,NDX,0.017960780244102206
2032-12-17,XAU,-0.021119717813141196
2032-12-17,COPPER,-0.0038870693955245887
2032-12-17,WTI,0.020493986785181106
2032-12-17,BTC,-0.0
2032-12-17,ETH,-0.0
2032-12-17,US10Y,0.02600657730514388
2032-12-17,CN10Y,-0.0
2032-12-20,000300.SH,-0.0
2032-12-20,SPX,0.005425838028465817
2032-12-20,HSI,-0.0
2032-12-20,N225,0.05911480407244705
2032-12-20,SX5E,0.007848753304079425
2032-12-20,000688.SH,-0.014243636672353167
2032-12-20,SOX,-0.0789430996624445
2032-12-20,NDX,0.009008535473710541
2032-12-20,XAU,-0.040679500510930666
2032-12-20,COPPER,0.00982350703086125
2032-12-20,WTI,0.019768763056019847
2032-12-20,BTC,-0.0
2032-12-20,ETH,-0.0
2032-12-20,US10Y,0.02287603588014592
2032-12-20,CN10Y,-0.0
2032-12-21,000300.SH,-0.0
2032-12-21,SPX,0.03497277584362755
2032-12-21,HSI,-0.0
2032-12-21,N225,0.04014093041449911
2032-12-21,SX5E,0.003264072800369786
2032-12-21,000688.SH,0.012956832731144417
2032-12-21,SOX,-0.1292840810619871
2032-12-21,NDX,0.018022290481244298
2032-12-21,XAU,-0.03399045573702081
2032-12-21,COPPER,0.011261288880014238
2032-12-21,WTI,0.030618647422622575
2032-12-21,BTC,-0.0
2032-12-21,ETH,-0.0
2032-12-21,US10Y,0.012037698225488521
2032-12-21,CN10Y,-0.0
2032-12-22,000300.SH,-0.0
2032-12-22,SPX,0.02999973153231066
2032-12-22,HSI,-0.0
2032-12-22,N225,0.07010804184995566
2032-12-22,SX5E,-0.015307096660275462
2032-12-22,000688.SH,0.0013156193101343935
2032-12-22,SOX,-0.08216689547008939
2032-12-22,NDX,0.008205694904897153
2032-12-22,XAU,-0.055154299977484424
2032-12-22,COPPER,0.015995724186223546
2032-12-22,WTI,0.025965977403715076
2032-12-22,BTC,-0.0
2032-12-22,ETH,-0.0
2032-12-22,US10Y,0.001037502920613791
2032-12-22,CN10Y,-0.0
2032-12-23,000300.SH,-0.0
2032-12-23,SPX,0.01986811437214795
2032-12-23,HSI,-0.0
2032-12-23,N225,0.08846859354667888
2032-12-23,SX5E,-0.015767954674336684
2032-12-23,000688.SH,-0.02573009036507907
2032-12-23,SOX,-0.08871249901038684
2032-12-23,NDX,0.02518130455017696
2032-12-23,XAU,-0.0616291464553082
2032-12-23,COPPER,0.03638141128054842
2032-12-23,WTI,0.009591015483075426
2032-12-23,BTC,-0.0
2032-12-23,ETH,-0.0
2032-12-23,US10Y,0.012349251272484109
2032-12-23,CN10Y,-0.0
2032-12-24,000300.SH,-0.0
2032-12-24,SPX,0.022761390270158714
2032-12-24,HSI,-0.0
2032-12-24,N225,0.07670485414987377
2032-12-24,SX5E,-0.005842632202435995
2032-12-24,000688.SH,-0.0565020259681885
2032-12-24,SOX,-0.14039096449536198
2032-12-24,NDX,-0.04572884012248788
2032-12-24,XAU,-0.05962346702942838
2032-12-24,COPPER,0.07430907824638594
2032-12-24,WTI,0.09058459506051281
2032-12-24,BTC,-0.0
2032-12-24,ETH,-0.0
2032-12-24,US10Y,0.04372801209097095
2032-12-24,CN10Y,-0.0
2032-12-27,000300.SH,-0.0
2032-12-27,SPX,0.030885157674346356
2032-12-27,HSI,-0.0
2032-12-27,N225,0.05566533014284274
2032-12-27,SX5E,-0.02984720117435809
2032-12-27,000688.SH,-0.06678740707396927
2032-12-27,SOX,-0.17725399402267986
2032-12-27,NDX,-0.04054278736902932
2032-12-27,XAU,-0.06332981161506179
2032-12-27,COPPER,0.08428091261360933
2032-12-27,WTI,0.14466239128880704
2032-12-27,BTC,-0.0
2032-12-27,ETH,-0.0
2032-12-27,US10Y,0.06226740953549188
2032-12-27,CN10Y,-0.0
2032-12-28,000300.SH,-0.0
2032-12-28,SPX,0.038441340944997564
2032-12-28,HSI,-0.0
2032-12-28,N225,0.052160845601242053
2032-12-28,SX5E,-0.04606132419300392
2032-12-28,000688.SH,-0.032166317919972896
2032-12-28,SOX,-0.16007221551074366
2032-12-28,NDX,-0.046896939243715664
2032-12-28,XAU,-0.03491749970286438
2032-12-28,COPPER,0.05032279598752136
2032-12-28,WTI,0.10272354507305426
2032-12-28,BTC,-0.0
2032-12-28,ETH,-0.0
2032-12-28,US10Y,0.07646576896348417
2032-12-28,CN10Y,-0.0
2032-12-29,000300.SH,-0.0
2032-12-29,SPX,0.03467640166880991
2032-12-29,HSI,-0.0
2032-12-29,N225,0.05749836768408142
2032-12-29,SX5E,-0.02236798644632572
2032-12-29,000688.SH,-0.0818379486275098
2032-12-29,SOX,-0.13108414763660028
2032-12-29,NDX,-0.04311524718951718
2032-12-29,XAU,-0.04133692487823937
2032-12-29,COPPER,0.03224244961811159
2032-12-29,WTI,0.11401404478528557
2032-12-29,BTC,-0.0
2032-12-29,ETH,-0.0
2032-12-29,US10Y,0.08131099102190223
2032-12-29,CN10Y,-0.0
2032-12-30,000300.SH,-0.0
2032-12-30,SPX,0.024025194988684155
2032-12-30,HSI,-0.0
2032-12-30,N225,0.04075003221742728
2032-12-30,SX5E,-0.029401115045204138
2032-12-30,000688.SH,-0.10168775581287966
2032-12-30,SOX,-0.13602549847682607
2032-12-30,NDX,-0.014733661219500012
2032-12-30,XAU,0.0032471695380299134
2032-12-30,COPPER,0.015491704299357558
2032-12-30,WTI,0.08574305272490433
2032-12-30,BTC,-0.0
2032-12-30,ETH,-0.0
2032-12-30,US10Y,0.11259087678600281
2032-12-30,CN10Y,-0.0
2032-12-31,000300.SH,-0.0
2032-12-31,SPX,0.051585441914490604
2032-12-31,HSI,-0.0
2032-12-31,N225,0.052633252159042125
2032-12-31,SX5E,-0.03212552067280917
2032-12-31,000688.SH,-0.10680837959385578
2032-12-31,SOX,-0.01360643787273573
2032-12-31,NDX,-0.08270983570252521
2032-12-31,XAU,-0.0005495285664897419
2032-12-31,COPPER,0.015088800655718899
2032-12-31,WTI,0.027999259347318985
2032-12-31,BTC,-0.0
2032-12-31,ETH,-0.0
2032-12-31,US10Y,0.08849294833183974
2032-12-31,CN10Y,-0.0
2033-01-03,000300.SH,-0.0
2033-01-03,SPX,0.0580966071290954
2033-01-03,HSI,-0.0
2033-01-03,N225,0.03756858127069349
2033-01-03,SX5E,-0.032187097171734395
2033-01-03,000688.SH,-0.12407393401669158
2033-01-03,SOX,-0.04375070111226137
2033-01-03,NDX,-0.06905229939485129
2033-01-03,XAU,-0.011504470209627478
2033-01-03,COPPER,0.009217689419744435
2033-01-03,WTI,0.0823014591416035
2033-01-03,BTC,-0.0
2033-01-03,ETH,-0.0
2033-01-03,US10Y,0.0933841649440206
2033-01-03,CN10Y,-0.0
2033-01-04,000300.SH,-0.0
2033-01-04,SPX,0.03169465543229037
2033-01-04,HSI,-0.0
2033-01-04,N225,0.04410631523876459
2033-01-04,SX5E,-0.028469646735812013
2033-01-04,000688.SH,-0.1062864033921757
2033-01-04,SOX,-0.05988796490600069
2033-01-04,NDX,-0.06927057186578783
2033-01-04,XAU,-0.030905326494544662
2033-01-04,COPPER,-0.01254341084489457
2033-01-04,WTI,0.1428469245883927
2033-01-04,BTC,-0.0
2033-01-04,ETH,-0.0
2033-01-04,US10Y,0.08871542897976008
2033-01-04,CN10Y,-0.0
2033-01-05,000300.SH,-0.0
2033-01-05,SPX,0.021752636145609038
2033-01-05,HSI,-0.0
2033-01-05,N225,0.0631902685638753
2033-01-05,SX5E,-0.031182369910501044
2033-01-05,000688.SH,-0.061384165193958395
2033-01-05,SOX,-0.04408740906670264
2033-01-05,NDX,-0.06983365835879965
2033-01-05,XAU,-0.043904715968114384
2033-01-05,COPPER,-0.05554845853492796
2033-01-05,WTI,0.1352059243923604
2033-01-05,BTC,-0.0
2033-01-05,ETH,-0.0
2033-01-05,US10Y,0.08579194793115238
2033-01-05,CN10Y,-0.0
2033-01-06,000300.SH,-0.0
2033-01-06,SPX,0.045680273978789564
2033-01-06,HSI,-0.0
2033-01-06,N225,0.06684775067733839
2033-01-06,SX5E,-0.015440611310009384
2033-01-06,000688.SH,-0.06110350487241345
2033-01-06,SOX,-0.05702358189492391
2033-01-06,NDX,-0.06845829479818576
2033-01-06,XAU,-0.044922541107950256
2033-01-06,COPPER,-0.05829966463372135
2033-01-06,WTI,0.12078399381854267
2033-01-06,BTC,-0.0
2033-01-06,ETH,-0.0
2033-01-06,US10Y,0.07193618014252535
2033-01-06,CN10Y,-0.0
2033-01-07,000300.SH,-0.0
2033-01-07,SPX,0.03825217282100225
2033-01-07,HSI,-0.0
2033-01-07,N225,0.07365268723245252
2033-01-07,SX5E,-0.013602580772829645
2033-01-07,000688.SH,-0.08120979309638895
2033-01-07,SOX,-0.04009831175234655
2033-01-07,NDX,-0.04558742749340927
2033-01-07,XAU,-0.05052979585677772
2033-01-07,COPPER,-0.06651491585096607
2033-01-07,WTI,0.12378375381271252
2033-01-07,BTC,-0.0
2033-01-07,ETH,-0.0
2033-01-07,US10Y,0.06185421095654049
2033-01-07,CN10Y,-0.0
2033-01-10,000300.SH,-0.0
2033-01-10,SPX,0.04531431792365172
2033-01-10,HSI,-0.0
2033-01-10,N225,0.03246206321840225
2033-01-10,SX5E,-0.051556153440373884
2033-01-10,000688.SH,-0.03987838018936713
2033-01-10,SOX,0.005811310181201561
2033-01-10,NDX,-0.057441834030464434
2033-01-10,XAU,-0.04521248327277301
2033-01-10,COPPER,-0.07900667854800467
2033-01-10,WTI,0.10467845178008355
2033-01-10,BTC,-0.0
2033-01-10,ETH,-0.0
2033-01-10,US10Y,0.08482938637763575
2033-01-10,CN10Y,-0.0
2033-01-11,000300.SH,-0.0
2033-01-11,SPX,0.0340297355076947
2033-01-11,HSI,-0.0
2033-01-11,N225,0.00811312865165514
2033-01-11,SX5E,-0.05229982634686287
2033-01-11,000688.SH,-0.040413930352201706
2033-01-11,SOX,0.04282354918473666
2033-01-11,NDX,-0.035963587912894335
2033-01-11,XAU,-0.03955450203693584
2033-01-11,COPPER,-0.03795860462501695
2033-01-11,WTI,0.03996932256199391
2033-01-11,BTC,-0.0
2033-01-11,ETH,-0.0
2033-01-11,US10Y,0.08125471536782147
2033-01-11,CN10Y,-0.0
2033-01-12,000300.SH,-0.0
2033-01-12,SPX,0.009225560529782052
2033-01-12,HSI,-0.0
2033-01-12,N225,-0.018781423111528674
2033-01-12,SX5E,-0.0668225484687213
2033-01-12,000688.SH,-0.024468587326391778
2033-01-12,SOX,0.11891924689834152
2033-01-12,NDX,-0.0678560158496119
2033-01-12,XAU,-0.05931687227358685
2033-01-12,COPPER,-0.03109384341665215
2033-01-12,WTI,0.05621734038105808
2033-01-12,BTC,-0.0
2033-01-12,ETH,-0.0
2033-01-12,US10Y,0.08397714263730204
2033-01-12,CN10Y,-0.0
2033-01-13,000300.SH,-0.0
2033-01-13,SPX,-0.023380588659326067
2033-01-13,HSI,-0.0
2033-01-13,N225,-0.04493287766637454
2033-01-13,SX5E,-0.06516746659134331
2033-01-13,000688.SH,-0.061011153524771565
2033-01-13,SOX,0.13214759451439131
2033-01-13,NDX,-0.07836370638628311
2033-01-13,XAU,-0.036044848128187874
2033-01-13,COPPER,-0.03346369296938854
2033-01-13,WTI,0.1308899972492115
2033-01-13,BTC,-0.0
2033-01-13,ETH,-0.0
2033-01-13,US10Y,0.07932674216206172
2033-01-13,CN10Y,-0.0
2033-01-14,000300.SH,-0.0
2033-01-14,SPX,0.010277672157521333
2033-01-14,HSI,-0.0
2033-01-14,N225,-0.055195648507330324
2033-01-14,SX5E,-0.08221380240786236
2033-01-14,000688.SH,-0.12398294325210969
2033-01-14,SOX,0.15128772344002678
2033-01-14,NDX,-0.0707618506910486
2033-01-14,XAU,-0.02381027423491498
2033-01-14,COPPER,-0.002963285955566986
2033-01-14,WTI,0.13935379800153652
2033-01-14,BTC,-0.0
2033-01-14,ETH,-0.0
2033-01-14,US10Y,0.058008611449737665
2033-01-14,CN10Y,-0.0
2033-01-17,000300.SH,-0.0
2033-01-17,SPX,0.012920680767560443
2033-01-17,HSI,-0.0
2033-01-17,N225,-0.04911445675230792
2033-01-17,SX5E,-0.040544131031346485
2033-01-17,000688.SH,-0.1209351070005758
2033-01-17,SOX,0.20456107371285076
2033-01-17,NDX,-0.08764624901889476
2033-01-17,XAU,-0.007351670823016137
2033-01-17,COPPER,-0.03376337156866682
2033-01-17,WTI,0.07544435552168724
2033-01-17,BTC,-0.0
2033-01-17,ETH,-0.0
2033-01-17,US10Y,0.04642887619269841
2033-01-17,CN10Y,-0.0
2033-01-18,000300.SH,-0.0
2033-01-18,SPX,0.02566655982198159
2033-01-18,HSI,-0.0
2033-01-18,N225,-0.06609351182814599
2033-01-18,SX5E,-0.05621082508537852
2033-01-18,000688.SH,-0.12443796733436274
2033-01-18,SOX,0.22506570461665662
2033-01-18,NDX,-0.09887177489161157
2033-01-18,XAU,-0.013181237185553203
2033-01-18,COPPER,-0.035179899551452024
2033-01-18,WTI,0.10201825403665081
2033-01-18,BTC,-0.0
2033-01-18,ETH,-0.0
2033-01-18,US10Y,0.041224697401204366
2033-01-18,CN10Y,-0.0
2033-01-19,000300.SH,-0.0
2033-01-19,SPX,0.024862676203927285
2033-01-19,HSI,-0.0
2033-01-19,N225,-0.05230424535546442
2033-01-19,SX5E,-0.06169232965419214
2033-01-19,000688.SH,-0.12792539053115906
2033-01-19,SOX,0.20488883280421216
2033-01-19,NDX,-0.07908259714206757
2033-01-19,XAU,-0.0015532671126982367
2033-01-19,COPPER,-0.03369296266312733
2033-01-19,WTI,0.09879651222205206
2033-01-19,BTC,-0.0
2033-01-19,ETH,-0.0
2033-01-19,US10Y,0.027702771228508206
2033-01-19,CN10Y,-0.0
2033-01-20,000300.SH,-0.0
2033-01-20,SPX,0.02036264560884031
2033-01-20,HSI,-0.0
2033-01-20,N225,-0.05403066264077362
2033-01-20,SX5E,-0.04981691460020115
2033-01-20,000688.SH,-0.07796129599303606
2033-01-20,SOX,0.24967736934830542
2033-01-20,NDX,-0.07839075196459759
2033-01-20,XAU,-0.008291064123911797
2033-01-20,COPPER,-0.057972072670334454
2033-01-20,WTI,0.04423160051929702
2033-01-20,BTC,-0.0
2033-01-20,ETH,-0.0
2033-01-20,US10Y,0.012191146516403214
2033-01-20,CN10Y,-0.0
2033-01-21,000300.SH,-0.0
2033-01-21,SPX,0.031799853239191406
2033-01-21,HSI,-0.0
2033-01-21,N225,-0.020136492155752812
2033-01-21,SX5E,-0.0689292536876613
2033-01-21,000688.SH,-0.09246007766302883
2033-01-21,SOX,0.2762231323508714
2033-01-21,NDX,-0.04835218910007692
2033-01-21,XAU,-0.0035174696235299226
2033-01-21,COPPER,-0.08845896256178755
2033-01-21,WTI,0.020354536572228688
2033-01-21,BTC,-0.0
2033-01-21,ETH,-0.0
2033-01-21,US10Y,-0.0065230773704594465
2033-01-21,CN10Y,-0.0
2033-01-24,000300.SH,-0.0
2033-01-24,SPX,0.050802074434110264
2033-01-24,HSI,-0.0
2033-01-24,N225,0.036547881165958
2033-01-24,SX5E,-0.041500495389387396
2033-01-24,000688.SH,-0.07847787647858444
2033-01-24,SOX,0.2512328978212658
2033-01-24,NDX,-0.07162864246309883
2033-01-24,XAU,-0.008562742712967822
2033-01-24,COPPER,-0.09116746318805766
2033-01-24,WTI,-0.027559138508458356
2033-01-24,BTC,-0.0
2033-01-24,ETH,-0.0
2033-01-24,US10Y,-0.019686494680787925
2033-01-24,CN10Y,-0.0
2033-01-25,000300.SH,-0.0
2033-01-25,SPX,0.04463437193558713
2033-01-25,HSI,-0.0
2033-01-25,N225,0.02820797180402804
2033-01-25,SX5E,-0.037156798379287065
2033-01-25,000688.SH,-0.13873370043302485
2033-01-25,SOX,0.2842609602566803
2033-01-25,NDX,-0.07900680321892949
2033-01-25,XAU,-0.03470059767388032
2033-01-25,COPPER,-0.06963106167738767
2033-01-25,WTI,0.005166110216599053
2033-01-25,BTC,-0.0
2033-01-25,ETH,-0.0
2033-01-25,US10Y,-0.0030404528303936418
2033-01-25,CN10Y,-0.0
2033-01-26,000300.SH,-0.0
2033-01-26,SPX,0.06791922703604826
2033-01-26,HSI,-0.0
2033-01-26,N225,-0.014472273634513151
2033-01-26,SX5E,-0.04847333900575689
2033-01-26,000688.SH,-0.11128355589453115
2033-01-26,SOX,0.27397386174811683
2033-01-26,NDX,-0.1037952327509886
2033-01-26,XAU,-0.03183257977226048
2033-01-26,COPPER,-0.08284566843429418
2033-01-26,WTI,0.025032508547360485
2033-01-26,BTC,-0.0
2033-01-26,ETH,-0.0
2033-01-26,US10Y,0.025777052160809492
2033-01-26,CN10Y,-0.0
2033-01-27,000300.SH,-0.0
2033-01-27,SPX,0.05578297361381279
2033-01-27,HSI,-0.0
2033-01-27,N225,-0.025257464415412614
2033-01-27,SX5E,-0.04213805799096133
2033-01-27,000688.SH,-0.10503395579447516
2033-01-27,SOX,0.2951613158958714
2033-01-27,NDX,-0.10136299557215528
2033-01-27,XAU,-0.07224245145352808
2033-01-27,COPPER,-0.06856213415916772
2033-01-27,WTI,0.018752272717930965
2033-01-27,BTC,-0.0
2033-01-27,ETH,-0.0
2033-01-27,US10Y,0.044900497158076966
2033-01-27,CN10Y,-0.0
2033-01-28,000300.SH,-0.0
2033-01-28,SPX,0.03156441180376028
2033-01-28,HSI,-0.0
2033-01-28,N225,-0.02685421051430456
2033-01-28,SX5E,-0.05661855606609743
2033-01-28,000688.SH,-0.10041408217962616
2033-01-28,SOX,0.2321142857894193
2033-01-28,NDX,-0.08418755884327106
2033-01-28,XAU,-0.07693855345696543
2033-01-28,COPPER,-0.08376010938422217
2033-01-28,WTI,0.06509732389617773
2033-01-28,BTC,-0.0
2033-01-28,ETH,-0.0
2033-01-28,US10Y,0.0999970489551198
2033-01-28,CN10Y,-0.0
2033-01-31,000300.SH,-0.0
2033-01-31,SPX,0.02035934299361264
2033-01-31,HSI,-0.0
2033-01-31,N225,-0.028430577349293003
2033-01-31,SX5E,-0.0682613646517915
2033-01-31,000688.SH,-0.10184625446819598
2033-01-31,SOX,0.28090002651354135
2033-01-31,NDX,-0.07652759259456489
2033-01-31,XAU,-0.06573934642709948
2033-01-31,COPPER,-0.08521503093545021
2033-01-31,WTI,0.02756064708917627
2033-01-31,BTC,-0.0
2033-01-31,ETH,-0.0
2033-01-31,US10Y,0.09720014983005604
2033-01-31,CN10Y,-0.0
2033-02-01,000300.SH,-0.0
2033-02-01,SPX,0.028613121376964236
2033-02-01,HSI,-0.0
2033-02-01,N225,-0.042993159105744694
2033-02-01,SX5E,-0.08285564191598112
2033-02-01,000688.SH,-0.12075888401160348
2033-02-01,SOX,0.29279756740844004
2033-02-01,NDX,-0.05075397507934216
2033-02-01,XAU,-0.06304075398229693
2033-02-01,COPPER,-0.07352668629904392
2033-02-01,WTI,-0.010405789085537819
2033-02-01,BTC,-0.0
2033-02-01,ETH,-0.0
2033-02-01,US10Y,0.12292420069413458
2033-02-01,CN10Y,-0.0
2033-02-02,000300.SH,-0.0
2033-02-02,SPX,0.0320793899217049
2033-02-02,HSI,-0.0
2033-02-02,N225,-0.026782841691753767
2033-02-02,SX5E,-0.06517406760838351
2033-02-02,000688.SH,-0.15448938148985328
2033-02-02,SOX,0.2685682848174039
2033-02-02,NDX,-0.05808388398120385
2033-02-02,XAU,-0.050060117173302485
2033-02-02,COPPER,-0.035898886070832275
2033-02-02,WTI,-0.036869917340516756
2033-02-02,BTC,-0.0
2033-02-02,ETH,-0.0
2033-02-02,US10Y,0.12671142061672366
2033-02-02,CN10Y,-0.0
2033-02-03,000300.SH,-0.0
2033-02-03,SPX,0.04622022603449418
2033-02-03,HSI,-0.0
2033-02-03,N225,-0.042827014749578
2033-02-03,SX5E,-0.06321975477183088
2033-02-03,000688.SH,-0.1374481111388806
2033-02-03,SOX,0.25061430208982194
2033-02-03,NDX,-0.05369934815285265
2033-02-03,XAU,-0.05345766024022022
2033-02-03,COPPER,-0.0421069426836166
2033-02-03,WTI,-0.008098327668554629
2033-02-03,BTC,-0.0
2033-02-03,ETH,-0.0
2033-02-03,US10Y,0.10402263128120655
2033-02-03,CN10Y,-0.0
2033-02-04,000300.SH,-0.0
2033-02-04,SPX,0.042065502096539066
2033-02-04,HSI,-0.0
2033-02-04,N225,-0.03516251405003523
2033-02-04,SX5E,-0.06638328536168843
2033-02-04,000688.SH,-0.10137791360557143
2033-02-04,SOX,0.23981732130073297
2033-02-04,NDX,-0.0783724939404036
2033-02-04,XAU,-0.055200661353379525
2033-02-04,COPPER,-0.02888876272061732
2033-02-04,WTI,-0.035977647391984245
2033-02-04,BTC,-0.0
2033-02-04,ETH,-0.0
2033-02-04,US10Y,0.11948045502639473
2033-02-04,CN10Y,-0.0
2033-02-07,000300.SH,-0.0
2033-02-07,SPX,0.053746840588821745
2033-02-07,HSI,-0.0
2033-02-07,N225,0.007591742855500017
2033-02-07,SX5E,-0.057409112594603524
2033-02-07,000688.SH,-0.11600730996042036
2033-02-07,SOX,0.2392814622157708
2033-02-07,NDX,-0.07939003255775055
2033-02-07,XAU,-0.05409749905099559
2033-02-07,COPPER,-0.029458200841570168
2033-02-07,WTI,-0.04861793675608637
2033-02-07,BTC,-0.0
2033-02-07,ETH,-0.0
2033-02-07,US10Y,0.08436004610131985
2033-02-07,CN10Y,-0.0
2033-02-08,000300.SH,-0.0
2033-02-08,SPX,0.07388135004347303
2033-02-08,HSI,-0.0
2033-02-08,N225,0.010526530558653102
2033-02-08,SX5E,-0.07143914337084273
2033-02-08,000688.SH,-0.05920514070684445
2033-02-08,SOX,0.20907400988495548
2033-02-08,NDX,-0.07360327884606357
2033-02-08,XAU,-0.03859656803197763
2033-02-08,COPPER,-0.06829847569674888
2033-02-08,WTI,-0.06016610085675135
2033-02-08,BTC,-0.0
2033-02-08,ETH,-0.0
2033-02-08,US10Y,0.07782681702213444
2033-02-08,CN10Y,-0.0
2033-02-09,000300.SH,-0.0
2033-02-09,SPX,0.09463613785215731
2033-02-09,HSI,-0.0
2033-02-09,N225,0.0006757379159804469
2033-02-09,SX5E,-0.043130117187491546
2033-02-09,000688.SH,-0.07288131636447147
2033-02-09,SOX,0.1598415476513945
2033-02-09,NDX,-0.07161890447178854
2033-02-09,XAU,-0.014845169120408678
2033-02-09,COPPER,-0.07753730151456131
2033-02-09,WTI,-0.06523426595629613
2033-02-09,BTC,-0.0
2033-02-09,ETH,-0.0
2033-02-09,US10Y,0.09009365119547243
2033-02-09,CN10Y,-0.0
2033-02-10,000300.SH,-0.0
2033-02-10,SPX,0.1067263572890501
2033-02-10,HSI,-0.0
2033-02-10,N225,-0.018143170827112177
2033-02-10,SX5E,-0.028153569833394933
2033-02-10,000688.SH,-0.07324748561331004
2033-02-10,SOX,0.16708987285131116
2033-02-10,NDX,-0.03515004936613352
2033-02-10,XAU,-0.002855761473210242
2033-02-10,COPPER,-0.08967699032321406
2033-02-10,WTI,-0.1461854349241222
2033-02-10,BTC,-0.0
2033-02-10,ETH,-0.0
2033-02-10,US10Y,0.11959623222012358
2033-02-10,CN10Y,-0.0
2033-02-11,000300.SH,-0.0
2033-02-11,SPX,0.08579266910388113
2033-02-11,HSI,-0.0
2033-02-11,N225,-0.022199993575925284
2033-02-11,SX5E,0.00981089883793768
2033-02-11,000688.SH,-0.06332250960870689
2033-02-11,SOX,0.15114001129281035
2033-02-11,NDX,-0.03566036534566415
2033-02-11,XAU,-0.0030979106777396723
2033-02-11,COPPER,-0.09497566510667602
2033-02-11,WTI,-0.1759223326349163
2033-02-11,BTC,-0.0
2033-02-11,ETH,-0.0
2033-02-11,US10Y,0.1484351977149871
2033-02-11,CN10Y,-0.0
2033-02-14,000300.SH,-0.0
2033-02-14,SPX,0.07576845874936158
2033-02-14,HSI,-0.0
2033-02-14,N225,-0.008186871789534467
2033-02-14,SX5E,-0.011654731356107319
2033-02-14,000688.SH,-0.04103937774252722
2033-02-14,SOX,0.0633875235117706
2033-02-14,NDX,-0.022850403355932164
2033-02-14,XAU,0.004935458683884904
2033-02-14,COPPER,-0.06589121598311488
2033-02-14,WTI,-0.13971015866753286
2033-02-14,BTC,-0.0
2033-02-14,ETH,-0.0
2033-02-14,US10Y,0.1452413179497202
2033-02-14,CN10Y,-0.0
2033-02-15,000300.SH,-0.0
2033-02-15,SPX,0.05914407689532245
2033-02-15,HSI,-0.0
2033-02-15,N225,0.02292646971242649
2033-02-15,SX5E,0.008572385120568963
2033-02-15,000688.SH,-0.09214507360089039
2033-02-15,SOX,0.07392778191356882
2033-02-15,NDX,0.003754284625906691
2033-02-15,XAU,0.016141117129992714
2033-02-15,COPPER,-0.07151759380859776
2033-02-15,WTI,-0.18477142153152135
2033-02-15,BTC,-0.0
2033-02-15,ETH,-0.0
2033-02-15,US10Y,0.16396797354321274
2033-02-15,CN10Y,-0.0
2033-02-16,000300.SH,-0.0
2033-02-16,SPX,0.06375892902821867
2033-02-16,HSI,-0.0
2033-02-16,N225,0.011407119605287525
2033-02-16,SX5E,0.02560362081161816
2033-02-16,000688.SH,-0.0646826185540662
2033-02-16,SOX,0.023941809201838693
2033-02-16,NDX,-0.0072164525595476686
2033-02-16,XAU,0.03188768231712431
2033-02-16,COPPER,-0.08581977881664184
2033-02-16,WTI,-0.1896695819687847
2033-02-16,BTC,-0.0
2033-02-16,ETH,-0.0
2033-02-16,US10Y,0.1907892709349427
2033-02-16,CN10Y,-0.0
2033-02-17,000300.SH,-0.0
2033-02-17,SPX,0.08283849306370962
2033-02-17,HSI,-0.0
2033-02-17,N225,0.014836784826402534
2033-02-17,SX5E,-0.023730407036444745
2033-02-17,000688.SH,-0.06044978358318967
2033-02-17,SOX,-0.044739282341348066
2033-02-17,NDX,-0.023760587273022337
2033-02-17,XAU,0.03750151449689433
2033-02-17,COPPER,-0.08430694476283485
2033-02-17,WTI,-0.07026449046778506
2033-02-17,BTC,-0.0
2033-02-17,ETH,-0.0
2033-02-17,US10Y,0.17207470307760733
2033-02-17,CN10Y,-0.0
2033-02-18,000300.SH,-0.0
2033-02-18,SPX,0.06870812606917828
2033-02-18,HSI,-0.0
2033-02-18,N225,-0.015855895507015362
2033-02-18,SX5E,-0.005776256757187561
2033-02-18,000688.SH,-0.05160040604175689
2033-02-18,SOX,-0.0260020007196536
2033-02-18,NDX,0.004820776861273912
2033-02-18,XAU,0.03820705138692975
2033-02-18,COPPER,-0.05840452837898257
2033-02-18,WTI,-0.09899884672141081
2033-02-18,BTC,-0.0
2033-02-18,ETH,-0.0
2033-02-18,US10Y,0.14490197980861183
2033-02-18,CN10Y,-0.0
2033-02-21,000300.SH,-0.0
2033-02-21,SPX,0.0652441416788926
2033-02-21,HSI,-0.0
2033-02-21,N225,-0.0754802892255754
2033-02-21,SX5E,-0.011869872226892689
2033-02-21,000688.SH,-0.055934689056363826
2033-02-21,SOX,-0.012815824151154067
2033-02-21,NDX,-0.0066940797873452605
2033-02-21,XAU,0.04603019320947374
2033-02-21,COPPER,-0.09144112759335249
2033-02-21,WTI,0.003091881348145545
2033-02-21,BTC,-0.0
2033-02-21,ETH,-0.0
2033-02-21,US10Y,0.1398696658041611
2033-02-21,CN10Y,-0.0
2033-02-22,000300.SH,-0.0
2033-02-22,SPX,0.07689439771868767
2033-02-22,HSI,-0.0
2033-02-22,N225,-0.07533682538675764
2033-02-22,SX5E,-0.009479032306641832
2033-02-22,000688.SH,-0.0671985785402894
2033-02-22,SOX,-0.03145757885960801
2033-02-22,NDX,-0.016390573960370976
2033-02-22,XAU,0.060648141108169275
2033-02-22,COPPER,-0.06476285642751378
2033-02-22,WTI,0.006928969429890401
2033-02-22,BTC,-0.0
2033-02-22,ETH,-0.0
2033-02-22,US10Y,0.12015393722442501
2033-02-22,CN10Y,-0.0
2033-02-23,000300.SH,-0.0
2033-02-23,SPX,0.06272462128012316
2033-02-23,HSI,-0.0
2033-02-23,N225,-0.05012562831897661
2033-02-23,SX5E,-0.008025237643525529
2033-02-23,000688.SH,-0.06683752599299851
2033-02-23,SOX,-0.06793903052771333
2033-02-23,NDX,0.03386172964843422
2033-02-23,XAU,0.07265513531145057
2033-02-23,COPPER,-0.045820069099572494
2033-02-23,WTI,-0.031611749752681356
2033-02-23,BTC,-0.0
2033-02-23,ETH,-0.0
2033-02-23,US10Y,0.10111775509545019
2033-02-23,CN10Y,-0.0
2033-02-24,000300.SH,-0.0
2033-02-24,SPX,0.06094840526476428
2033-02-24,HSI,-0.0
2033-02-24,N225,-0.02485774771576151
2033-02-24,SX5E,-0.015371224138056366
2033-02-24,000688.SH,-0.09335600756997509
2033-02-24,SOX,-0.052852434983864466
2033-02-24,NDX,0.04111587092167272
2033-02-24,XAU,0.06936239377198992
2033-02-24,COPPER,-0.03870395619391061
2033-02-24,WTI,-0.0007572131102126407
2033-02-24,BTC,-0.0
2033-02-24,ETH,-0.0
2033-02-24,US10Y,0.054471913753344106
2033-02-24,CN10Y,-0.0
2033-02-25,000300.SH,-0.0
2033-02-25,SPX,0.04290044261160412
2033-02-25,HSI,-0.0
2033-02-25,N225,-0.015324161299510758
2033-02-25,SX5E,-0.02109885358373785
2033-02-25,000688.SH,-0.10915754967829716
2033-02-25,SOX,-0.0811584931054703
2033-02-25,NDX,0.058701215657262565
2033-02-25,XAU,0.0927624178878931
2033-02-25,COPPER,-0.003502035351192607
2033-02-25,WTI,0.028781103677841435
2033-02-25,BTC,-0.0
2033-02-25,ETH,-0.0
2033-02-25,US10Y,0.0070959131836000845
2033-02-25,CN10Y,-0.0
2033-02-28,000300.SH,-0.0
2033-02-28,SPX,0.04575521583925222
2033-02-28,HSI,-0.0
2033-02-28,N225,0.0018361076556649494
2033-02-28,SX5E,-0.03246264283637472
2033-02-28,000688.SH,-0.1280008729795313
2033-02-28,SOX,-0.08823537081405623
2033-02-28,NDX,0.03425475469138913
2033-02-28,XAU,0.08295522378359411
2033-02-28,COPPER,0.0236607747617504
2033-02-28,WTI,0.06946808206448274
2033-02-28,BTC,-0.0
2033-02-28,ETH,-0.0
2033-02-28,US10Y,-0.009231272166178214
2033-02-28,CN10Y,-0.0
2033-03-01,000300.SH,-0.0
2033-03-01,SPX,0.04944709227254701
2033-03-01,HSI,-0.0
2033-03-01,N225,0.024116886834109504
2033-03-01,SX5E,-0.05923166442354408
2033-03-01,000688.SH,-0.11961742141699204
2033-03-01,SOX,-0.14140951501838683
2033-03-01,NDX,0.03654162103640043
2033-03-01,XAU,0.10807211374122978
2033-03-01,COPPER,0.04112036746350121
2033-03-01,WTI,0.08161854584344107
2033-03-01,BTC,-0.0
2033-03-01,ETH,-0.0
2033-03-01,US10Y,-0.020658026332310887
2033-03-01,CN10Y,-0.0
2033-03-02,000300.SH,-0.0
2033-03-02,SPX,0.03737518695723809
2033-03-02,HSI,-0.0
2033-03-02,N225,-0.002629926785550672
2033-03-02,SX5E,-0.06037552451057166
2033-03-02,000688.SH,-0.12548360387971402
2033-03-02,SOX,-0.14262532098985836
2033-03-02,NDX,0.05061958059057336
2033-03-02,XAU,0.12528047336484302
2033-03-02,COPPER,0.0209904709275199
2033-03-02,WTI,0.10598401381005479
2033-03-02,BTC,-0.0
2033-03-02,ETH,-0.0
2033-03-02,US10Y,-0.009135349484537637
2033-03-02,CN10Y,-0.0
2033-03-03,000300.SH,-0.0
2033-03-03,SPX,0.008039224417700224
2033-03-03,HSI,-0.0
2033-03-03,N225,0.021385362736967204
2033-03-03,SX5E,-0.0753296688695067
2033-03-03,000688.SH,-0.13562820088732655
2033-03-03,SOX,-0.13197984279910907
2033-03-03,NDX,0.048122411936946566
2033-03-03,XAU,0.14166301246631302
2033-03-03,COPPER,0.05196043972987907
2033-03-03,WTI,0.08739091447160005
2033-03-03,BTC,-0.0
2033-03-03,ETH,-0.0
2033-03-03,US10Y,-0.015623653203465922
2033-03-03,CN10Y,-0.0
2033-03-04,000300.SH,-0.0
2033-03-04,SPX,0.0042754817107635065
2033-03-04,HSI,-0.0
2033-03-04,N225,0.020672959593061507
2033-03-04,SX5E,-0.07228410811520519
2033-03-04,000688.SH,-0.11607014454829477
2033-03-04,SOX,-0.14641635339195852
2033-03-04,NDX,0.0395800273898672
2033-03-04,XAU,0.14489526356717472
2033-03-04,COPPER,0.06976304727866545
2033-03-04,WTI,0.08726100683719751
2033-03-04,BTC,-0.0
2033-03-04,ETH,-0.0
2033-03-04,US10Y,-0.03167718032127156
2033-03-04,CN10Y,-0.0
2033-03-07,000300.SH,-0.0
2033-03-07,SPX,-0.03780320518497887
2033-03-07,HSI,-0.0
2033-03-07,N225,-0.034980095302674236
2033-03-07,SX5E,-0.08564557285787973
2033-03-07,000688.SH,-0.09930480168948091
2033-03-07,SOX,-0.10806424895373956
2033-03-07,NDX,-0.0021076623043818493
2033-03-07,XAU,0.14495793076063418
2033-03-07,COPPER,0.07072001887552043
2033-03-07,WTI,0.16660390973016398
2033-03-07,BTC,-0.0
2033-03-07,ETH,-0.0
2033-03-07,US10Y,-0.014376273073182502
2033-03-07,CN10Y,-0.0
2033-03-08,000300.SH,-0.0
2033-03-08,SPX,-0.054042922624566475
2033-03-08,HSI,-0.0
2033-03-08,N225,-0.03022777711206406
2033-03-08,SX5E,-0.09955826221561088
2033-03-08,000688.SH,-0.1520873042795871
2033-03-08,SOX,-0.07094326265297028
2033-03-08,NDX,-0.029129746366685028
2033-03-08,XAU,0.13110792361884527
2033-03-08,COPPER,0.06951757828169071
2033-03-08,WTI,0.24078930895721584
2033-03-08,BTC,-0.0
2033-03-08,ETH,-0.0
2033-03-08,US10Y,-0.005425535606268885
2033-03-08,CN10Y,-0.0
2033-03-09,000300.SH,-0.0
2033-03-09,SPX,-0.04670683741965749
2033-03-09,HSI,-0.0
2033-03-09,N225,-0.003580511544748078
2033-03-09,SX5E,-0.1098593413216013
2033-03-09,000688.SH,-0.13603261879134002
2033-03-09,SOX,-0.08164657399174859
2033-03-09,NDX,-0.003365791904303651
2033-03-09,XAU,0.14297152437634494
2033-03-09,COPPER,0.07683316348211743
2033-03-09,WTI,0.19942167327655388
2033-03-09,BTC,-0.0
2033-03-09,ETH,-0.0
2033-03-09,US10Y,-0.03803468616161648
2033-03-09,CN10Y,-0.0
2033-03-10,000300.SH,-0.0
2033-03-10,SPX,-0.03046613370885776
2033-03-10,HSI,-0.0
2033-03-10,N225,-0.006778962685908038
2033-03-10,SX5E,-0.08880681366149451
2033-03-10,000688.SH,-0.11382739044197868
2033-03-10,SOX,-0.030568511245109856
2033-03-10,NDX,-0.016977314183618523
2033-03-10,XAU,0.12900297721177093
2033-03-10,COPPER,0.06553633146319218
2033-03-10,WTI,0.16381471862166108
2033-03-10,BTC,-0.0
2033-03-10,ETH,-0.0
2033-03-10,US10Y,-0.07092890136965609
2033-03-10,CN10Y,-0.0
2033-03-11,000300.SH,-0.0
2033-03-11,SPX,-0.020320006196992584
2033-03-11,HSI,-0.0
2033-03-11,N225,-0.019488811797941187
2033-03-11,SX5E,-0.10932558164056617
2033-03-11,000688.SH,-0.07255918660889309
2033-03-11,SOX,-0.004666494116040466
2033-03-11,NDX,-0.018297111349438677
2033-03-11,XAU,0.09428937479541473
2033-03-11,COPPER,0.06935715606083466
2033-03-11,WTI,0.175625195224565
2033-03-11,BTC,-0.0
2033-03-11,ETH,-0.0
2033-03-11,US10Y,-0.09461453437093917
2033-03-11,CN10Y,-0.0
2033-03-14,000300.SH,-0.0
2033-03-14,SPX,-0.013277816573175193
2033-03-14,HSI,-0.0
2033-03-14,N225,-0.04954072313758308
2033-03-14,SX5E,-0.11569442912022991
2033-03-14,000688.SH,-0.07436058252678114
2033-03-14,SOX,0.05745385504650129
2033-03-14,NDX,-0.04085738307116095
2033-03-14,XAU,0.0667525891757014
2033-03-14,COPPER,0.07231551258987222
2033-03-14,WTI,0.1882568786565531
2033-03-14,BTC,-0.0
2033-03-14,ETH,-0.0
2033-03-14,US10Y,-0.09104790103969551
2033-03-14,CN10Y,-0.0
2033-03-15,000300.SH,-0.0
2033-03-15,SPX,-0.0167309170261957
2033-03-15,HSI,-0.0
2033-03-15,N225,-0.09663391219685383
2033-03-15,SX5E,-0.1109560107716132
2033-03-15,000688.SH,-0.07175578403064026
2033-03-15,SOX,0.034999422575211755
2033-03-15,NDX,-0.03968206427954484
2033-03-15,XAU,0.07103020425070708
2033-03-15,COPPER,0.10575223666113147
2033-03-15,WTI,0.22505690834950332
2033-03-15,BTC,-0.0
2033-03-15,ETH,-0.0
2033-03-15,US10Y,-0.10108008353170617
2033-03-15,CN10Y,-0.0
2033-03-16,000300.SH,-0.0
2033-03-16,SPX,-0.010703490589189747
2033-03-16,HSI,-0.0
2033-03-16,N225,-0.10682146007161523
2033-03-16,SX5E,-0.11007554803540359
2033-03-16,000688.SH,-0.11246251293938099
2033-03-16,SOX,0.06583776155600078
2033-03-16,NDX,-0.046377903146441184
2033-03-16,XAU,0.06429472641824927
2033-03-16,COPPER,0.09450450966943572
2033-03-16,WTI,0.29468994212451466
2033-03-16,BTC,-0.0
2033-03-16,ETH,-0.0
2033-03-16,US10Y,-0.13288602498617264
2033-03-16,CN10Y,-0.0
2033-03-17,000300.SH,-0.0
2033-03-17,SPX,-0.008723135966176377
2033-03-17,HSI,-0.0
2033-03-17,N225,-0.11254805091365895
2033-03-17,SX5E,-0.07507303482232032
2033-03-17,000688.SH,-0.127865736273525
2033-03-17,SOX,0.08070046078802669
2033-03-17,NDX,-0.017801941428997166
2033-03-17,XAU,0.04559168924223818
2033-03-17,COPPER,0.12671779230265418
2033-03-17,WTI,0.19576460972213758
2033-03-17,BTC,-0.0
2033-03-17,ETH,-0.0
2033-03-17,US10Y,-0.10676265265038126
2033-03-17,CN10Y,-0.0
2033-03-18,000300.SH,-0.0
2033-03-18,SPX,-0.016698904388238775
2033-03-18,HSI,-0.0
2033-03-18,N225,-0.10608840393105484
2033-03-18,SX5E,-0.10618946993149975
2033-03-18,000688.SH,-0.1007848189293383
2033-03-18,SOX,0.04887290240229792
2033-03-18,NDX,-0.047705176807053946
2033-03-18,XAU,0.07049410385467055
2033-03-18,COPPER,0.08404190238303451
2033-03-18,WTI,0.23203823169724452
2033-03-18,BTC,-0.0
2033-03-18,ETH,-0.0
2033-03-18,US10Y,-0.0579803663500633
2033-03-18,CN10Y,-0.0
2033-03-21,000300.SH,-0.0
2033-03-21,SPX,-0.03235227677260334
2033-03-21,HSI,-0.0
2033-03-21,N225,-0.10357050373433568
2033-03-21,SX5E,-0.11988267720579839
2033-03-21,000688.SH,-0.06897165126476909
2033-03-21,SOX,0.06407224724801923
2033-03-21,NDX,-0.052170323294724916
2033-03-21,XAU,0.06171389236396055
2033-03-21,COPPER,0.11730939404282614
2033-03-21,WTI,0.18559108189920775
2033-03-21,BTC,-0.0
2033-03-21,ETH,-0.0
2033-03-21,US10Y,-0.051739183281784853
2033-03-21,CN10Y,-0.0
2033-03-22,000300.SH,-0.0
2033-03-22,SPX,-0.03358507040242811
2033-03-22,HSI,-0.0
2033-03-22,N225,-0.09278338219940369
2033-03-22,SX5E,-0.12295948804860755
2033-03-22,000688.SH,-0.00013739530311202355
2033-03-22,SOX,0.0601105552085191
2033-03-22,NDX,-0.07006537344921224
2033-03-22,XAU,0.06125522431611039
2033-03-22,COPPER,0.10428382034874124
2033-03-22,WTI,0.16051578799269994
2033-03-22,BTC,-0.0
2033-03-22,ETH,-0.0
2033-03-22,US10Y,-0.06663467846330978
2033-03-22,CN10Y,-0.0
2033-03-23,000300.SH,-0.0
2033-03-23,SPX,-0.042315401460985606
2033-03-23,HSI,-0.0
2033-03-23,N225,-0.0808113213494544
2033-03-23,SX5E,-0.1150399144869042
2033-03-23,000688.SH,0.03631784483077788
2033-03-23,SOX,0.05112487333972607
2033-03-23,NDX,-0.12341257863256534
2033-03-23,XAU,0.05694998069363453
2033-03-23,COPPER,0.09295610032373611
2033-03-23,WTI,0.193133957116688
2033-03-23,BTC,-0.0
2033-03-23,ETH,-0.0
2033-03-23,US10Y,-0.06890354037465493
2033-03-23,CN10Y,-0.0
2033-03-24,000300.SH,-0.0
2033-03-24,SPX,-0.03934883868187299
2033-03-24,HSI,-0.0
2033-03-24,N225,-0.12143497923520603
2033-03-24,SX5E,-0.12356002628786653
2033-03-24,000688.SH,0.09745384679805491
2033-03-24,SOX,0.039972825292556746
2033-03-24,NDX,-0.11170943751527576
2033-03-24,XAU,0.0647132590891956
2033-03-24,COPPER,0.07919010914472928
2033-03-24,WTI,0.16855785581628427
2033-03-24,BTC,-0.0
2033-03-24,ETH,-0.0
2033-03-24,US10Y,-0.05383461442060147
2033-03-24,CN10Y,-0.0
2033-03-25,000300.SH,-0.0
2033-03-25,SPX,-0.02381263766466059
2033-03-25,HSI,-0.0
2033-03-25,N225,-0.10762432283845064
2033-03-25,SX5E,-0.12075593391434998
2033-03-25,000688.SH,0.15057759863383546
2033-03-25,SOX,0.040109333501249664
2033-03-25,NDX,-0.10089666722532645
2033-03-25,XAU,0.04810081550590794
2033-03-25,COPPER,0.05129873781773259
2033-03-25,WTI,0.1030647284943423
2033-03-25,BTC,-0.0
2033-03-25,ETH,-0.0
2033-03-25,US10Y,-0.04006165231028308
2033-03-25,CN10Y,-0.0
2033-03-28,000300.SH,-0.0
2033-03-28,SPX,-0.006651703801433486
2033-03-28,HSI,-0.0
2033-03-28,N225,-0.11207277540685194
2033-03-28,SX5E,-0.10486653617042861
2033-03-28,000688.SH,0.17284652458411703
2033-03-28,SOX,-0.0090785390560266
2033-03-28,NDX,-0.09318695191271527
2033-03-28,XAU,0.04151142432457486
2033-03-28,COPPER,0.04648520137345924
2033-03-28,WTI,0.09234469837274623
2033-03-28,BTC,-0.0
2033-03-28,ETH,-0.0
2033-03-28,US10Y,-0.0273313423074428
2033-03-28,CN10Y,-0.0
2033-03-29,000300.SH,-0.0
2033-03-29,SPX,0.03315709555280979
2033-03-29,HSI,-0.0
2033-03-29,N225,-0.11193310024130658
2033-03-29,SX5E,-0.09041857759306454
2033-03-29,000688.SH,0.15901934515737554
2033-03-29,SOX,0.009144855509100228
2033-03-29,NDX,-0.11686888069649183
2033-03-29,XAU,0.007434961470252096
2033-03-29,COPPER,0.03533958108366145
2033-03-29,WTI,0.1019597725748246
2033-03-29,BTC,-0.0
2033-03-29,ETH,-0.0
2033-03-29,US10Y,-0.02683505281716253
2033-03-29,CN10Y,-0.0
2033-03-30,000300.SH,-0.0
2033-03-30,SPX,0.04308020507778618
2033-03-30,HSI,-0.0
2033-03-30,N225,-0.09184875805326723
2033-03-30,SX5E,-0.0964848632985972
2033-03-30,000688.SH,0.15608836876372106
2033-03-30,SOX,-0.0007345968603113956
2033-03-30,NDX,-0.13968776720369663
2033-03-30,XAU,0.02282618325760199
2033-03-30,COPPER,0.0246585438710422
2033-03-30,WTI,0.11009577602997098
2033-03-30,BTC,-0.0
2033-03-30,ETH,-0.0
2033-03-30,US10Y,-0.02799309158425117
2033-03-30,CN10Y,-0.0
2033-03-31,000300.SH,-0.0
2033-03-31,SPX,0.04433983857421021
2033-03-31,HSI,-0.0
2033-03-31,N225,-0.08963362957447035
2033-03-31,SX5E,-0.08910510507935632
2033-03-31,000688.SH,0.16550427869273546
2033-03-31,SOX,0.012452758265797323
2033-03-31,NDX,-0.17268389046906105
2033-03-31,XAU,0.006988203605973778
2033-03-31,COPPER,-0.00037158443532874386
2033-03-31,WTI,0.15519789345134438
2033-03-31,BTC,-0.0
2033-03-31,ETH,-0.0
2033-03-31,US10Y,-0.03268876303184734
2033-03-31,CN10Y,-0.0
2033-04-01,000300.SH,-0.0
2033-04-01,SPX,0.03898936905589005
2033-04-01,HSI,-0.0
2033-04-01,N225,-0.0771558836524485
2033-04-01,SX5E,-0.0998906045338515
2033-04-01,000688.SH,0.1294486392244627
2033-04-01,SOX,0.041985003814770175
2033-04-01,NDX,-0.17471466589633813
2033-04-01,XAU,0.010748491240914818
2033-04-01,COPPER,-0.010282613310303267
2033-04-01,WTI,0.17397391906424595
2033-04-01,BTC,-0.0
2033-04-01,ETH,-0.0
2033-04-01,US10Y,-0.033101655007344175
2033-04-01,CN10Y,-0.0
2033-04-04,000300.SH,-0.0
2033-04-04,SPX,0.059028263565112614
2033-04-04,HSI,-0.0
2033-04-04,N225,-0.026944647419406553
2033-04-04,SX5E,-0.09760413977715118
2033-04-04,000688.SH,0.09873097560437111
2033-04-04,SOX,-0.012245371114704789
2033-04-04,NDX,-0.13338003048025227
2033-04-04,XAU,0.014577741940745043
2033-04-04,COPPER,-0.004168448098213382
2033-04-04,WTI,0.13981683966712227
2033-04-04,BTC,-0.0
2033-04-04,ETH,-0.0
2033-04-04,US10Y,-0.03781118388762362
2033-04-04,CN10Y,-0.0
2033-04-05,000300.SH,-0.0
2033-04-05,SPX,0.06119580860050683
2033-04-05,HSI,-0.0
2033-04-05,N225,0.005272585898208389
2033-04-05,SX5E,-0.09234590362248998
2033-04-05,000688.SH,0.09956445842271279
2033-04-05,SOX,-0.025701252612385643
2033-04-05,NDX,-0.10360115156404594
2033-04-05,XAU,-0.013583771504785479
2033-04-05,COPPER,-0.0046684724797451385
2033-04-05,WTI,0.1062161077646592
2033-04-05,BTC,-0.0
2033-04-05,ETH,-0.0
2033-04-05,US10Y,-0.032348408902634844
2033-04-05,CN10Y,-0.0
2033-04-06,000300.SH,-0.0
2033-04-06,SPX,0.05634159550069806
2033-04-06,HSI,-0.0
2033-04-06,N225,0.02175746117234318
2033-04-06,SX5E,-0.09482434499423863
2033-04-06,000688.SH,0.10797852281970002
2033-04-06,SOX,-0.011917109590125246
2033-04-06,NDX,-0.12570728503661413
2033-04-06,XAU,-0.013254028173392128
2033-04-06,COPPER,-0.03878419795988065
2033-04-06,WTI,0.12213129723653118
2033-04-06,BTC,-0.0
2033-04-06,ETH,-0.0
2033-04-06,US10Y,-0.023721910975024414
2033-04-06,CN10Y,-0.0
2033-04-07,000300.SH,-0.0
2033-04-07,SPX,0.037441998069950896
2033-04-07,HSI,-0.0
2033-04-07,N225,0.030607538452544165
2033-04-07,SX5E,-0.12368170199246027
2033-04-07,000688.SH,0.10789141517228291
2033-04-07,SOX,-0.03824257684449958
2033-04-07,NDX,-0.12320832293127264
2033-04-07,XAU,-0.01875270296249597
2033-04-07,COPPER,-0.02899964037468194
2033-04-07,WTI,0.19203038215168355
2033-04-07,BTC,-0.0
2033-04-07,ETH,-0.0
2033-04-07,US10Y,-0.03508638874105432
2033-04-07,CN10Y,-0.0
2033-04-08,000300.SH,-0.0
2033-04-08,SPX,0.02396393628409576
2033-04-08,HSI,-0.0
2033-04-08,N225,0.044459656446520994
2033-04-08,SX5E,-0.14744912546574537
2033-04-08,000688.SH,0.0929550887133495
2033-04-08,SOX,-0.08607983390919827
2033-04-08,NDX,-0.11857160346679765
2033-04-08,XAU,-0.003363017877674299
2033-04-08,COPPER,-0.03652132306458422
2033-04-08,WTI,0.252075144632428
2033-04-08,BTC,-0.0
2033-04-08,ETH,-0.0
2033-04-08,US10Y,-0.021468922292399183
2033-04-08,CN10Y,-0.0
2033-04-11,000300.SH,-0.0
2033-04-11,SPX,0.017353672271655195
2033-04-11,HSI,-0.0
2033-04-11,N225,0.0744387138849531
2033-04-11,SX5E,-0.1550537336359244
2033-04-11,000688.SH,0.08907777937793705
2033-04-11,SOX,-0.12594380349783857
2033-04-11,NDX,-0.10660582842143808
2033-04-11,XAU,0.0029184196077645976
2033-04-11,COPPER,-0.028728486969578592
2033-04-11,WTI,0.24792782069938019
2033-04-11,BTC,-0.0
2033-04-11,ETH,-0.0
2033-04-11,US10Y,-0.01538455331691376
2033-04-11,CN10Y,-0.0
2033-04-12,000300.SH,-0.0
2033-04-12,SPX,0.027637067070374506
2033-04-12,HSI,-0.0
2033-04-12,N225,0.136285042058706
2033-04-12,SX5E,-0.1438574566496029
2033-04-12,000688.SH,0.11683529731792575
2033-04-12,SOX,-0.17662808738883576
2033-04-12,NDX,-0.09479497984101455
2033-04-12,XAU,-0.015560860310300241
2033-04-12,COPPER,-0.039371424978335456
2033-04-12,WTI,0.19581791673723495
2033-04-12,BTC,-0.0
2033-04-12,ETH,-0.0
2033-04-12,US10Y,-0.00636251401615507
2033-04-12,CN10Y,-0.0
2033-04-13,000300.SH,-0.0
2033-04-13,SPX,0.04056999845463344
2033-04-13,HSI,-0.0
2033-04-13,N225,0.15239692407644417
2033-04-13,SX5E,-0.15277574835673477
2033-04-13,000688.SH,0.14240013997541173
2033-04-13,SOX,-0.20963013140726772
2033-04-13,NDX,-0.08154785459675211
2033-04-13,XAU,-0.02422275827415796
2033-04-13,COPPER,-0.03901224295307089
2033-04-13,WTI,0.155232454868043
2033-04-13,BTC,-0.0
2033-04-13,ETH,-0.0
2033-04-13,US10Y,0.016589218213449997
2033-04-13,CN10Y,-0.0
2033-04-14,000300.SH,-0.0
2033-04-14,SPX,0.05422991413098645
2033-04-14,HSI,-0.0
2033-04-14,N225,0.17178896878498184
2033-04-14,SX5E,-0.13848596678208624
2033-04-14,000688.SH,0.12812888729189412
2033-04-14,SOX,-0.22420115549097647
2033-04-14,NDX,-0.10270974902188076
2033-04-14,XAU,-0.023387325252397832
2033-04-14,COPPER,-0.0947847254144976
2033-04-14,WTI,0.21824135942380105
2033-04-14,BTC,-0.0
2033-04-14,ETH,-0.0
2033-04-14,US10Y,0.011179792330175065
2033-04-14,CN10Y,-0.0
2033-04-15,000300.SH,-0.0
2033-04-15,SPX,0.07541691247125412
2033-04-15,HSI,-0.0
2033-04-15,N225,0.17103667401578843
2033-04-15,SX5E,-0.1235253817967813
2033-04-15,000688.SH,0.1183381587824301
2033-04-15,SOX,-0.21302425378765216
2033-04-15,NDX,-0.0827864008583722
2033-04-15,XAU,-0.0475267608707801
2033-04-15,COPPER,-0.044410504314951096
2033-04-15,WTI,0.15544620579936572
2033-04-15,BTC,-0.0
2033-04-15,ETH,-0.0
2033-04-15,US10Y,-0.008964649440302709
2033-04-15,CN10Y,-0.0
2033-04-18,000300.SH,-0.0
2033-04-18,SPX,0.06439792749832479
2033-04-18,HSI,-0.0
2033-04-18,N225,0.17066716156131778
2033-04-18,SX5E,-0.10718573964917469
2033-04-18,000688.SH,0.09243219978037935
2033-04-18,SOX,-0.23225060648658213
2033-04-18,NDX,-0.06310936125350061
2033-04-18,XAU,-0.023342696284927484
2033-04-18,COPPER,-0.043604059743354386
2033-04-18,WTI,0.15462513094826918
2033-04-18,BTC,-0.0
2033-04-18,ETH,-0.0
2033-04-18,US10Y,-0.012629956370752095
2033-04-18,CN10Y,-0.0
2033-04-19,000300.SH,-0.0
2033-04-19,SPX,0.042166264524751786
2033-04-19,HSI,-0.0
2033-04-19,N225,0.17659561965099907
2033-04-19,SX5E,-0.09099263857237402
2033-04-19,000688.SH,0.07615660830572167
2033-04-19,SOX,-0.2625657365449476
2033-04-19,NDX,-0.017721482017290555
2033-04-19,XAU,-0.034142410439354724
2033-04-19,COPPER,-0.04605549549599372
2033-04-19,WTI,0.14669818022026623
2033-04-19,BTC,-0.0
2033-04-19,ETH,-0.0
2033-04-19,US10Y,0.009861090368222098
2033-04-19,CN10Y,-0.0
2033-04-20,000300.SH,-0.0
2033-04-20,SPX,0.04463757930300152
2033-04-20,HSI,-0.0
2033-04-20,N225,0.16829777975701085
2033-04-20,SX5E,-0.09904362613050517
2033-04-20,000688.SH,0.07945504476990455
2033-04-20,SOX,-0.2561430807075893
2033-04-20,NDX,0.004189609147350479
2033-04-20,XAU,-0.04641588843777941
2033-04-20,COPPER,-0.04072274158659123
2033-04-20,WTI,0.13303121440585935
2033-04-20,BTC,-0.0
2033-04-20,ETH,-0.0
2033-04-20,US10Y,0.012714109479338867
2033-04-20,CN10Y,-0.0
2033-04-21,000300.SH,-0.0
2033-04-21,SPX,0.0620209869937505
2033-04-21,HSI,-0.0
2033-04-21,N225,0.1962352863332248
2033-04-21,SX5E,-0.08789365350196954
2033-04-21,000688.SH,0.035512236508391734
2033-04-21,SOX,-0.21844321649847215
2033-04-21,NDX,-0.00812759993044971
2033-04-21,XAU,-0.05535419540905652
2033-04-21,COPPER,-0.07109979794876295
2033-04-21,WTI,0.14221436887799824
2033-04-21,BTC,-0.0
2033-04-21,ETH,-0.0
2033-04-21,US10Y,0.004935584575346642
2033-04-21,CN10Y,-0.0
2033-04-22,000300.SH,-0.0
2033-04-22,SPX,0.0750605382382157
2033-04-22,HSI,-0.0
2033-04-22,N225,0.2119889379114996
2033-04-22,SX5E,-0.07961218331651207
2033-04-22,000688.SH,0.005031697346990503
2033-04-22,SOX,-0.19442044825462484
2033-04-22,NDX,-0.0254861622909851
2033-04-22,XAU,-0.07853262961699174
2033-04-22,COPPER,-0.06356206809460396
2033-04-22,WTI,0.1716126936583968
2033-04-22,BTC,-0.0
2033-04-22,ETH,-0.0
2033-04-22,US10Y,-0.022080375581384426
2033-04-22,CN10Y,-0.0
2033-04-25,000300.SH,-0.0
2033-04-25,SPX,0.059710983962300464
2033-04-25,HSI,-0.0
2033-04-25,N225,0.19428478187695275
2033-04-25,SX5E,-0.10279228780106825
2033-04-25,000688.SH,0.01624660174859604
2033-04-25,SOX,-0.15463892998428438
2033-04-25,NDX,0.01248463945784098
2033-04-25,XAU,-0.08587215570820383
2033-04-25,COPPER,-0.05827496757071261
2033-04-25,WTI,0.14560244334432718
2033-04-25,BTC,-0.0
2033-04-25,ETH,-0.0
2033-04-25,US10Y,-0.026751109325747528
2033-04-25,CN10Y,-0.0
2033-04-26,000300.SH,-0.0
2033-04-26,SPX,0.021571958834394927
2033-04-26,HSI,-0.0
2033-04-26,N225,0.1951164068891458
2033-04-26,SX5E,-0.09625612384691659
2033-04-26,000688.SH,0.06630498567389917
2033-04-26,SOX,-0.13522445284809556
2033-04-26,NDX,0.011632452811545138
2033-04-26,XAU,-0.0917368272716389
2033-04-26,COPPER,-0.05849479230841728
2033-04-26,WTI,0.11938791471316161
2033-04-26,BTC,-0.0
2033-04-26,ETH,-0.0
2033-04-26,US10Y,-0.0323015226470774
2033-04-26,CN10Y,-0.0
2033-04-27,000300.SH,-0.0
2033-04-27,SPX,-0.0013415561472338543
2033-04-27,HSI,-0.0
2033-04-27,N225,0.1906820247833236
2033-04-27,SX5E,-0.10364620653686663
2033-04-27,000688.SH,0.05912515640784108
2033-04-27,SOX,-0.10953646299023831
2033-04-27,NDX,0.03277663566053284
2033-04-27,XAU,-0.10595689111321724
2033-04-27,COPPER,-0.0304651027636534
2033-04-27,WTI,0.11381836417414376
2033-04-27,BTC,-0.0
2033-04-27,ETH,-0.0
2033-04-27,US10Y,-0.04545596147463137
2033-04-27,CN10Y,-0.0
2033-04-28,000300.SH,-0.0
2033-04-28,SPX,0.01759400331084785
2033-04-28,HSI,-0.0
2033-04-28,N225,0.16275861658524596
2033-04-28,SX5E,-0.09600605379249742
2033-04-28,000688.SH,0.023936710911581872
2033-04-28,SOX,-0.14484173627326422
2033-04-28,NDX,0.08026214722726677
2033-04-28,XAU,-0.10437409774239678
2033-04-28,COPPER,-0.00819589162554045
2033-04-28,WTI,0.07918449051402854
2033-04-28,BTC,-0.0
2033-04-28,ETH,-0.0
2033-04-28,US10Y,-0.010318189115271055
2033-04-28,CN10Y,-0.0
2033-04-29,000300.SH,-0.0
2033-04-29,SPX,0.0296776708199596
2033-04-29,HSI,-0.0
2033-04-29,N225,0.1499694023269822
2033-04-29,SX5E,-0.10640348527122262
2033-04-29,000688.SH,0.02631991696436703
2033-04-29,SOX,-0.15991053319130086
2033-04-29,NDX,0.11368505072715668
2033-04-29,XAU,-0.11705560272814809
2033-04-29,COPPER,-0.009686559924285212
2033-04-29,WTI,0.09018922875483504
2033-04-29,BTC,-0.0
2033-04-29,ETH,-0.0
2033-04-29,US10Y,-0.016785088478345495
2033-04-29,CN10Y,-0.0
2033-05-02,000300.SH,-0.0
2033-05-02,SPX,0.03437057239275858
2033-05-02,HSI,-0.0
2033-05-02,N225,0.12349882322840272
2033-05-02,SX5E,-0.1168185794543163
2033-05-02,000688.SH,0.02886491407470608
2033-05-02,SOX,-0.13876109862154373
2033-05-02,NDX,0.12186695965793376
2033-05-02,XAU,-0.1133673385014584
2033-05-02,COPPER,0.0016208957999893255
2033-05-02,WTI,0.08332986768308724
2033-05-02,BTC,-0.0
2033-05-02,ETH,-0.0
2033-05-02,US10Y,-0.024605016259561217
2033-05-02,CN10Y,-0.0
2033-05-03,000300.SH,-0.0
2033-05-03,SPX,0.03554559416355998
2033-05-03,HSI,-0.0
2033-05-03,N225,0.08285041546359981
2033-05-03,SX5E,-0.07822770725234243
2033-05-03,000688.SH,0.04042654422895508
2033-05-03,SOX,-0.14418018735132637
2033-05-03,NDX,0.11331523385696497
2033-05-03,XAU,-0.1028429113113983
2033-05-03,COPPER,0.02936542454986215
2033-05-03,WTI,0.06986178167442819
2033-05-03,BTC,-0.0
2033-05-03,ETH,-0.0
2033-05-03,US10Y,-0.04611418802230506
2033-05-03,CN10Y,-0.0
2033-05-04,000300.SH,-0.0
2033-05-04,SPX,0.02651652194644109
2033-05-04,HSI,-0.0
2033-05-04,N225,0.04985401922056341
2033-05-04,SX5E,-0.08603674141593441
2033-05-04,000688.SH,0.028630883077930092
2033-05-04,SOX,-0.12749775004487482
2033-05-04,NDX,0.14011448526001244
2033-05-04,XAU,-0.10441733741409608
2033-05-04,COPPER,0.040049600832098686
2033-05-04,WTI,0.06931628340406905
2033-05-04,BTC,-0.0
2033-05-04,ETH,-0.0
2033-05-04,US10Y,-0.03652996486621093
2033-05-04,CN10Y,-0.0
2033-05-05,000300.SH,-0.0
2033-05-05,SPX,0.044826494605113704
2033-05-05,HSI,-0.0
2033-05-05,N225,0.02915957775110846
2033-05-05,SX5E,-0.07498295083717291
2033-05-05,000688.SH,0.02224112528143537
2033-05-05,SOX,-0.1171352953694767
2033-05-05,NDX,0.14136403876483636
2033-05-05,XAU,-0.12013149155588582
2033-05-05,COPPER,0.0410560382515263
2033-05-05,WTI,0.052309998361900215
2033-05-05,BTC,-0.0
2033-05-05,ETH,-0.0
2033-05-05,US10Y,-0.018707535253384262
2033-05-05,CN10Y,-0.0
2033-05-06,000300.SH,-0.0
2033-05-06,SPX,0.05137525673287209
2033-05-06,HSI,-0.0
2033-05-06,N225,0.022351964441176334
2033-05-06,SX5E,-0.052366105033821074
2033-05-06,000688.SH,0.006619918336106959
2033-05-06,SOX,-0.10426442008824757
2033-05-06,NDX,0.1260072483431955
2033-05-06,XAU,-0.11824613279360184
2033-05-06,COPPER,0.041533148484335196
2033-05-06,WTI,0.033946457657193854
2033-05-06,BTC,-0.0
2033-05-06,ETH,-0.0
2033-05-06,US10Y,-0.006957336079207423
2033-05-06,CN10Y,-0.0
2033-05-09,000300.SH,-0.0
2033-05-09,SPX,0.03970694444403172
2033-05-09,HSI,-0.0
2033-05-09,N225,-0.0019977680450425713
2033-05-09,SX5E,-0.033486872592158934
2033-05-09,000688.SH,0.0016962715680678558
2033-05-09,SOX,-0.08578998786971673
2033-05-09,NDX,0.1163068927700025
2033-05-09,XAU,-0.08382470524617544
2033-05-09,COPPER,0.021790046886574
2033-05-09,WTI,0.05458315097335911
2033-05-09,BTC,-0.0
2033-05-09,ETH,-0.0
2033-05-09,US10Y,-0.028983972888940966
2033-05-09,CN10Y,-0.0
2033-05-10,000300.SH,-0.0
2033-05-10,SPX,0.024751166039340605
2033-05-10,HSI,-0.0
2033-05-10,N225,-0.012498636722851357
2033-05-10,SX5E,-0.04284572034694331
2033-05-10,000688.SH,-0.01565073932687035
2033-05-10,SOX,-0.04872925397793648
2033-05-10,NDX,0.09174554285712101
2033-05-10,XAU,-0.07640476034425733
2033-05-10,COPPER,0.006713611893185577
2033-05-10,WTI,0.10013502810582775
2033-05-10,BTC,-0.0
2033-05-10,ETH,-0.0
2033-05-10,US10Y,-0.027216238176615403
2033-05-10,CN10Y,-0.0
2033-05-11,000300.SH,-0.0
2033-05-11,SPX,0.010496999780057806
2033-05-11,HSI,-0.0
2033-05-11,N225,-0.004675978910742784
2033-05-11,SX5E,-0.04756358286366013
2033-05-11,000688.SH,-0.03229718363484001
2033-05-11,SOX,-0.030848777504038277
2033-05-11,NDX,0.09196215707294067
2033-05-11,XAU,-0.06919583433898402
2033-05-11,COPPER,-0.0035774386408318776
2033-05-11,WTI,0.13634737870314695
2033-05-11,BTC,-0.0
2033-05-11,ETH,-0.0
2033-05-11,US10Y,-0.05064773966304953
2033-05-11,CN10Y,-0.0
2033-05-12,000300.SH,-0.0
2033-05-12,SPX,-0.015785245570142135
2033-05-12,HSI,-0.0
2033-05-12,N225,-0.03691237164951652
2033-05-12,SX5E,-0.06392278589253872
2033-05-12,000688.SH,-0.01704859286442729
2033-05-12,SOX,-0.00025011616772367684
2033-05-12,NDX,0.10074479920035666
2033-05-12,XAU,-0.0730828273184467
2033-05-12,COPPER,0.02087474303602349
2033-05-12,WTI,0.12371155651334545
2033-05-12,BTC,-0.0
2033-05-12,ETH,-0.0
2033-05-12,US10Y,-0.038329159286933014
2033-05-12,CN10Y,-0.0
2033-05-13,000300.SH,-0.0
2033-05-13,SPX,-0.033186853138224684
2033-05-13,HSI,-0.0
2033-05-13,N225,-0.025913146794841448
2033-05-13,SX5E,-0.07861271968720196
2033-05-13,000688.SH,-0.022420474485343317
2033-05-13,SOX,0.03365426437958599
2033-05-13,NDX,0.10236362124337417
2033-05-13,XAU,-0.07893461098892914
2033-05-13,COPPER,-0.0014102706025463435
2033-05-13,WTI,0.1342826948365138
2033-05-13,BTC,-0.0
2033-05-13,ETH,-0.0
2033-05-13,US10Y,-0.02982250476239049
2033-05-13,CN10Y,-0.0
2033-05-16,000300.SH,-0.0
2033-05-16,SPX,-0.02154486399804969
2033-05-16,HSI,-0.0
2033-05-16,N225,-0.023477318721779432
2033-05-16,SX5E,-0.08731211737680558
2033-05-16,000688.SH,0.009576500005875496
2033-05-16,SOX,0.03080530158344338
2033-05-16,NDX,0.09039170549657606
2033-05-16,XAU,-0.10074848840852825
2033-05-16,COPPER,0.018635295671530428
2033-05-16,WTI,0.13527662109067684
2033-05-16,BTC,-0.0
2033-05-16,ETH,-0.0
2033-05-16,US10Y,-0.051602635342945076
2033-05-16,CN10Y,-0.0
2033-05-17,000300.SH,-0.0
2033-05-17,SPX,-0.024920741859775185
2033-05-17,HSI,-0.0
2033-05-17,N225,-0.036892759371124184
2033-05-17,SX5E,-0.08853154361871071
2033-05-17,000688.SH,-0.007300054257859727
2033-05-17,SOX,0.04117147214675474
2033-05-17,NDX,0.06885302473032923
2033-05-17,XAU,-0.10695380800355042
2033-05-17,COPPER,0.03762351054016792
2033-05-17,WTI,0.17985203311583509
2033-05-17,BTC,-0.0
2033-05-17,ETH,-0.0
2033-05-17,US10Y,-0.06290113342207382
2033-05-17,CN10Y,-0.0
2033-05-18,000300.SH,-0.0
2033-05-18,SPX,-0.018949430412135367
2033-05-18,HSI,-0.0
2033-05-18,N225,-0.02835521830719558
2033-05-18,SX5E,-0.08362632999131298
2033-05-18,000688.SH,-0.04758704669809155
2033-05-18,SOX,0.05660028219099421
2033-05-18,NDX,0.0805876021544443
2033-05-18,XAU,-0.10356970730120225
2033-05-18,COPPER,0.05296580311265639
2033-05-18,WTI,0.15158544424531545
2033-05-18,BTC,-0.0
2033-05-18,ETH,-0.0
2033-05-18,US10Y,-0.05965139899348385
2033-05-18,CN10Y,-0.0
2033-05-19,000300.SH,-0.0
2033-05-19,SPX,-0.01049217863047017
2033-05-19,HSI,-0.0
2033-05-19,N225,-0.025725116910521643
2033-05-19,SX5E,-0.07938297452778185
2033-05-19,000688.SH,-0.05325267038111076
2033-05-19,SOX,0.019143779736420424
2033-05-19,NDX,0.05428385782740245
2033-05-19,XAU,-0.0938212386980298
2033-05-19,COPPER,0.0759090553768701
2033-05-19,WTI,0.16980982537162423
2033-05-19,BTC,-0.0
2033-05-19,ETH,-0.0
2033-05-19,US10Y,-0.05647233916441439
2033-05-19,CN10Y,-0.0
2033-05-20,000300.SH,-0.0
2033-05-20,SPX,-0.028119550517493395
2033-05-20,HSI,-0.0
2033-05-20,N225,-0.06062468180985515
2033-05-20,SX5E,-0.07519085835747781
2033-05-20,000688.SH,-0.06169368879558053
2033-05-20,SOX,0.058762029381131044
2033-05-20,NDX,0.09174193098843628
2033-05-20,XAU,-0.08274840439021133
2033-05-20,COPPER,0.06259610837699997
2033-05-20,WTI,0.14910180986269528
2033-05-20,BTC,-0.0
2033-05-20,ETH,-0.0
2033-05-20,US10Y,-0.05382469473865384
2033-05-20,CN10Y,-0.0
2033-05-23,000300.SH,-0.0
2033-05-23,SPX,-0.03737019489918057
2033-05-23,HSI,-0.0
2033-05-23,N225,-0.028865052253910735
2033-05-23,SX5E,-0.05800250387251755
2033-05-23,000688.SH,-0.10166285989954114
2033-05-23,SOX,0.09242319498489118
2033-05-23,NDX,0.06550933290583882
2033-05-23,XAU,-0.04303762193867751
2033-05-23,COPPER,0.024058939575272546
2033-05-23,WTI,0.14265326551816818
2033-05-23,BTC,-0.0
2033-05-23,ETH,-0.0
2033-05-23,US10Y,-0.055706500120353934
2033-05-23,CN10Y,-0.0
2033-05-24,000300.SH,-0.0
2033-05-24,SPX,0.0017712977025822162
2033-05-24,HSI,-0.0
2033-05-24,N225,-0.028245831129264716
2033-05-24,SX5E,-0.06709724377463448
2033-05-24,000688.SH,-0.16876712279276085
2033-05-24,SOX,0.09381495514639485
2033-05-24,NDX,0.07838983797205328
2033-05-24,XAU,-0.00776553533581301
2033-05-24,COPPER,0.015842265597533097
2033-05-24,WTI,0.11518489680562741
2033-05-24,BTC,-0.0
2033-05-24,ETH,-0.0
2033-05-24,US10Y,-0.033127520191729584
2033-05-24,CN10Y,-0.0
2033-05-25,000300.SH,-0.0
2033-05-25,SPX,0.002594639229635343
2033-05-25,HSI,-0.0
2033-05-25,N225,-0.04637415224830194
2033-05-25,SX5E,-0.058018011673644496
2033-05-25,000688.SH,-0.14536991901289328
2033-05-25,SOX,0.1296461973212692
2033-05-25,NDX,0.06246867584442299
2033-05-25,XAU,-0.01710612839787483
2033-05-25,COPPER,-0.0070118193780378
2033-05-25,WTI,0.11366881293940372
2033-05-25,BTC,-0.0
2033-05-25,ETH,-0.0
2033-05-25,US10Y,-0.03449829462398963
2033-05-25,CN10Y,-0.0
2033-05-26,000300.SH,-0.0
2033-05-26,SPX,0.0023222149225750593
2033-05-26,HSI,-0.0
2033-05-26,N225,-0.04079000616789853
2033-05-26,SX5E,-0.052345209724736136
2033-05-26,000688.SH,-0.1539620007580764
2033-05-26,SOX,0.15988946972228543
2033-05-26,NDX,0.06933924859122254
2033-05-26,XAU,-0.014081006673941389
2033-05-26,COPPER,-0.020313559303248414
2033-05-26,WTI,0.10231869719647838
2033-05-26,BTC,-0.0
2033-05-26,ETH,-0.0
2033-05-26,US10Y,-0.052377847804670565
2033-05-26,CN10Y,-0.0
2033-05-27,000300.SH,-0.0
2033-05-27,SPX,-0.00334717398011949
2033-05-27,HSI,-0.0
2033-05-27,N225,-0.0329940697428602
2033-05-27,SX5E,-0.024822607962622596
2033-05-27,000688.SH,-0.14463779257049467
2033-05-27,SOX,0.16891061233909108
2033-05-27,NDX,0.04594869824138669
2033-05-27,XAU,-0.013627533884019834
2033-05-27,COPPER,-0.017581929520872366
2033-05-27,WTI,0.0611800545231587
2033-05-27,BTC,-0.0
2033-05-27,ETH,-0.0
2033-05-27,US10Y,-0.03902825744265401
2033-05-27,CN10Y,-0.0
2033-05-30,000300.SH,-0.0
2033-05-30,SPX,-0.012789007208954886
2033-05-30,HSI,-0.0
2033-05-30,N225,-0.03991528919604709
2033-05-30,SX5E,-0.011035839555066788
2033-05-30,000688.SH,-0.15203088053512537
2033-05-30,SOX,0.14687188132718548
2033-05-30,NDX,0.04634133014415958
2033-05-30,XAU,-0.0014828333837454306
2033-05-30,COPPER,-0.02076967829830494
2033-05-30,WTI,0.08304856229160684
2033-05-30,BTC,-0.0
2033-05-30,ETH,-0.0
2033-05-30,US10Y,-0.038238245585715695
2033-05-30,CN10Y,-0.0
2033-05-31,000300.SH,-0.0
2033-05-31,SPX,-0.03099973471905059
2033-05-31,HSI,-0.0
2033-05-31,N225,-0.003774500220619533
2033-05-31,SX5E,-0.03599253882504889
2033-05-31,000688.SH,-0.16146389157268506
2033-05-31,SOX,0.14175471222811992
2033-05-31,NDX,0.05904675099139825
2033-05-31,XAU,0.03047904514816919
2033-05-31,COPPER,-0.046217981942756774
2033-05-31,WTI,0.08738103735544256
2033-05-31,BTC,-0.0
2033-05-31,ETH,-0.0
2033-05-31,US10Y,-0.04021289844297965
2033-05-31,CN10Y,-0.0
2033-06-01,000300.SH,-0.0
2033-06-01,SPX,-0.01994465864256842
2033-06-01,HSI,-0.0
2033-06-01,N225,-0.012307838655044447
2033-06-01,SX5E,-0.028912021484110755
2033-06-01,000688.SH,-0.15627482784975263
2033-06-01,SOX,0.13314310247465438
2033-06-01,NDX,0.024013101041917312
2033-06-01,XAU,0.0076424035571641125
2033-06-01,COPPER,-0.027082858933150232
2033-06-01,WTI,0.11863979296569793
2033-06-01,BTC,-0.0
2033-06-01,ETH,-0.0
2033-06-01,US10Y,-0.03891619447481821
2033-06-01,CN10Y,-0.0
2033-06-02,000300.SH,-0.0
2033-06-02,SPX,-0.007266131426355266
2033-06-02,HSI,-0.0
2033-06-02,N225,0.042884540870315145
2033-06-02,SX5E,-0.03524574284693901
2033-06-02,000688.SH,-0.12271775989267363
2033-06-02,SOX,0.06555114651520484
2033-06-02,NDX,0.010919116830124661
2033-06-02,XAU,0.04757535913354733
2033-06-02,COPPER,-0.04975431651044036
2033-06-02,WTI,0.09457236245621312
2033-06-02,BTC,-0.0
2033-06-02,ETH,-0.0
2033-06-02,US10Y,-0.04651857512901021
2033-06-02,CN10Y,-0.0
2033-06-03,000300.SH,-0.0
2033-06-03,SPX,-0.01445809525096426
2033-06-03,HSI,-0.0
2033-06-03,N225,0.05353797213178745
2033-06-03,SX5E,-0.04860403215300047
2033-06-03,000688.SH,-0.14967003281794458
2033-06-03,SOX,0.08028817213403788
2033-06-03,NDX,0.03531462248526729
2033-06-03,XAU,0.048143158441897156
2033-06-03,COPPER,-0.04138831184054783
2033-06-03,WTI,0.06201409414458456
2033-06-03,BTC,-0.0
2033-06-03,ETH,-0.0
2033-06-03,US10Y,-0.025177547275133088
2033-06-03,CN10Y,-0.0
2033-06-06,000300.SH,-0.0
2033-06-06,SPX,-0.017768506718783363
2033-06-06,HSI,-0.0
2033-06-06,N225,0.06924174605636561
2033-06-06,SX5E,-0.04773757642413768
2033-06-06,000688.SH,-0.12580579234116968
2033-06-06,SOX,0.08013825581195365
2033-06-06,NDX,0.06706203785307494
2033-06-06,XAU,0.01194302287654305
2033-06-06,COPPER,-0.05429177465450709
2033-06-06,WTI,0.024769626355257493
2033-06-06,BTC,-0.0
2033-06-06,ETH,-0.0
2033-06-06,US10Y,-0.007551038814613549
2033-06-06,CN10Y,-0.0
2033-06-07,000300.SH,-0.0
2033-06-07,SPX,0.001601208821346985
2033-06-07,HSI,-0.0
2033-06-07,N225,0.0715495923863487
2033-06-07,SX5E,-0.0745719211666391
2033-06-07,000688.SH,-0.13883951632001254
2033-06-07,SOX,0.07888551075881331
2033-06-07,NDX,0.0700814848492746
2033-06-07,XAU,0.01602237236100602
2033-06-07,COPPER,-0.040215533510337007
2033-06-07,WTI,0.01664057432274001
2033-06-07,BTC,-0.0
2033-06-07,ETH,-0.0
2033-06-07,US10Y,-0.001153772502559219
2033-06-07,CN10Y,-0.0
2033-06-08,000300.SH,-0.0
2033-06-08,SPX,0.01406809098809551
2033-06-08,HSI,-0.0
2033-06-08,N225,0.04344562580077763
2033-06-08,SX5E,-0.06953299141293195
2033-06-08,000688.SH,-0.13067652922366504
2033-06-08,SOX,0.07962853604721054
2033-06-08,NDX,0.07456161279996286
2033-06-08,XAU,0.007248066403265932
2033-06-08,COPPER,-0.013890690080051171
2033-06-08,WTI,-0.007064549857104179
2033-06-08,BTC,-0.0
2033-06-08,ETH,-0.0
2033-06-08,US10Y,0.00221282853442349
2033-06-08,CN10Y,-0.0
2033-06-09,000300.SH,-0.0
2033-06-09,SPX,0.011410513835409041
2033-06-09,HSI,-0.0
2033-06-09,N225,0.06153371648701568
2033-06-09,SX5E,-0.07165450546459917
2033-06-09,000688.SH,-0.14529376619229875
2033-06-09,SOX,0.06673713549570504
2033-06-09,NDX,0.10377056151527757
2033-06-09,XAU,0.025216405406335855
2033-06-09,COPPER,-0.010513671382143238
2033-06-09,WTI,-0.03129629475297327
2033-06-09,BTC,-0.0
2033-06-09,ETH,-0.0
2033-06-09,US10Y,-0.009910094947744703
2033-06-09,CN10Y,-0.0
2033-06-10,000300.SH,-0.0
2033-06-10,SPX,0.006318110685300603
2033-06-10,HSI,-0.0
2033-06-10,N225,0.06460443401669631
2033-06-10,SX5E,-0.05695771269880557
2033-06-10,000688.SH,-0.1287331876273512
2033-06-10,SOX,0.0631667806516719
2033-06-10,NDX,0.09306159259249439
2033-06-10,XAU,0.014200715893302896
2033-06-10,COPPER,0.003588287065809808
2033-06-10,WTI,-0.049965252516274226
2033-06-10,BTC,-0.0
2033-06-10,ETH,-0.0
2033-06-10,US10Y,-0.009283768062862333
2033-06-10,CN10Y,-0.0
2033-06-13,000300.SH,-0.0
2033-06-13,SPX,0.019527336979344098
2033-06-13,HSI,-0.0
2033-06-13,N225,0.05309481401636819
2033-06-13,SX5E,-0.07124640930546944
2033-06-13,000688.SH,-0.11693704039179315
2033-06-13,SOX,0.08200119270976172
2033-06-13,NDX,0.09303692884603337
2033-06-13,XAU,0.0037536898149275726
2033-06-13,COPPER,0.0037769771374533308
2033-06-13,WTI,-0.09045399241274317
2033-06-13,BTC,-0.0
2033-06-13,ETH,-0.0
2033-06-13,US10Y,0.023446502606102357
2033-06-13,CN10Y,-0.0
2033-06-14,000300.SH,-0.0
2033-06-14,SPX,0.03542294953348093
2033-06-14,HSI,-0.0
2033-06-14,N225,0.07754110269911269
2033-06-14,SX5E,-0.07557721076676197
2033-06-14,000688.SH,-0.09419039510664727
2033-06-14,SOX,0.1250622883629516
2033-06-14,NDX,0.0783451065733143
2033-06-14,XAU,0.013141738012282474
2033-06-14,COPPER,-0.01394363762173924
2033-06-14,WTI,-0.14971574568039556
2033-06-14,BTC,-0.0
2033-06-14,ETH,-0.0
2033-06-14,US10Y,0.003913803994389144
2033-06-14,CN10Y,-0.0
2033-06-15,000300.SH,-0.0
2033-06-15,SPX,0.019586598023103377
2033-06-15,HSI,-0.0
2033-06-15,N225,0.0710097136179914
2033-06-15,SX5E,-0.06647594838626066
2033-06-15,000688.SH,-0.06936277573785328
2033-06-15,SOX,0.13978246240280856
2033-06-15,NDX,0.0694925448533619
2033-06-15,XAU,0.014652499423136853
2033-06-15,COPPER,-0.032592903191140735
2033-06-15,WTI,-0.1488493609076335
2033-06-15,BTC,-0.0
2033-06-15,ETH,-0.0
2033-06-15,US10Y,0.0027571699024766996
2033-06-15,CN10Y,-0.0
2033-06-16,000300.SH,-0.0
2033-06-16,SPX,-0.0035616592119700552
2033-06-16,HSI,-0.0
2033-06-16,N225,0.0784656595544749
2033-06-16,SX5E,-0.08083986042774549
2033-06-16,000688.SH,-0.03553534877188664
2033-06-16,SOX,0.14875254053691753
2033-06-16,NDX,0.0494069097370269
2033-06-16,XAU,0.00808098190642727
2033-06-16,COPPER,-0.030655974115022522
2033-06-16,WTI,-0.13283904631236604
2033-06-16,BTC,-0.0
2033-06-16,ETH,-0.0
2033-06-16,US10Y,-0.0012742028958637464
2033-06-16,CN10Y,-0.0
2033-06-17,000300.SH,-0.0
2033-06-17,SPX,-0.008548572789217947
2033-06-17,HSI,-0.0
2033-06-17,N225,0.08864786819270128
2033-06-17,SX5E,-0.07291754427340558
2033-06-17,000688.SH,-0.02181974878517819
2033-06-17,SOX,0.11266141273301429
2033-06-17,NDX,0.046501020546777246
2033-06-17,XAU,0.024829049313674578
2033-06-17,COPPER,-0.06369750604427034
2033-06-17,WTI,-0.14023002698596496
2033-06-17,BTC,-0.0
2033-06-17,ETH,-0.0
2033-06-17,US10Y,0.03457404809186036
2033-06-17,CN10Y,-0.0
2033-06-20,000300.SH,-0.0
2033-06-20,SPX,-0.01024419451757114
2033-06-20,HSI,-0.0
2033-06-20,N225,0.06611637262472164
2033-06-20,SX5E,-0.08282717013156995
2033-06-20,000688.SH,0.01431930385949436
2033-06-20,SOX,0.05926613441324767
2033-06-20,NDX,0.06865848940777233
2033-06-20,XAU,-0.0087292366015238
2033-06-20,COPPER,-0.026901150978115348
2033-06-20,WTI,-0.12291989089815143
2033-06-20,BTC,-0.0
2033-06-20,ETH,-0.0
2033-06-20,US10Y,0.04326134282168685
2033-06-20,CN10Y,-0.0
2033-06-21,000300.SH,-0.0
2033-06-21,SPX,-0.04571135069691653
2033-06-21,HSI,-0.0
2033-06-21,N225,0.055688740031383466
2033-06-21,SX5E,-0.07501073446024376
2033-06-21,000688.SH,0.09342291940664664
2033-06-21,SOX,0.045317688579140245
2033-06-21,NDX,0.06499317380412294
2033-06-21,XAU,-0.025667703805727655
2033-06-21,COPPER,-0.03862722745439959
2033-06-21,WTI,-0.09807673297309018
2033-06-21,BTC,-0.0
2033-06-21,ETH,-0.0
2033-06-21,US10Y,0.023671227569077267
2033-06-21,CN10Y,-0.0
2033-06-22,000300.SH,-0.0
2033-06-22,SPX,-0.04838687466122456
2033-06-22,HSI,-0.0
2033-06-22,N225,0.07359476619732125
2033-06-22,SX5E,-0.07041730014045731
2033-06-22,000688.SH,0.10275023253283168
2033-06-22,SOX,-0.03891561707832842
2033-06-22,NDX,0.05710402185706721
2033-06-22,XAU,-0.02750919282046515
2033-06-22,COPPER,0.0012202316769542657
2033-06-22,WTI,-0.09003337530674893
2033-06-22,BTC,-0.0
2033-06-22,ETH,-0.0
2033-06-22,US10Y,0.040593107743041444
2033-06-22,CN10Y,-0.0
2033-06-23,000300.SH,-0.0
2033-06-23,SPX,-0.07132373718577348
2033-06-23,HSI,-0.0
2033-06-23,N225,0.11093450639420066
2033-06-23,SX5E,-0.07907299832379769
2033-06-23,000688.SH,0.10077780441435849
2033-06-23,SOX,-0.04076787243900369
2033-06-23,NDX,0.0700119790028943
2033-06-23,XAU,-0.0379430392670808
2033-06-23,COPPER,-0.00840427168483791
2033-06-23,WTI,-0.09170573223459728
2033-06-23,BTC,-0.0
2033-06-23,ETH,-0.0
2033-06-23,US10Y,0.047493361323628906
2033-06-23,CN10Y,-0.0
2033-06-24,000300.SH,-0.0
2033-06-24,SPX,-0.08464135579720747
2033-06-24,HSI,-0.0
2033-06-24,N225,0.11969018712346584
2033-06-24,SX5E,-0.09365231894344102
2033-06-24,000688.SH,0.099990299253579
2033-06-24,SOX,-0.057151447379536625
2033-06-24,NDX,0.05992964158207169
2033-06-24,XAU,-0.049368168228002426
2033-06-24,COPPER,0.020424695840959656
2033-06-24,WTI,-0.05268526078598036
2033-06-24,BTC,-0.0
2033-06-24,ETH,-0.0
2033-06-24,US10Y,0.03746372733408071
2033-06-24,CN10Y,-0.0
2033-06-27,000300.SH,-0.0
2033-06-27,SPX,-0.08604600053792041
2033-06-27,HSI,-0.0
2033-06-27,N225,0.1400460135549605
2033-06-27,SX5E,-0.0891117163896001
2033-06-27,000688.SH,0.10903200406118946
2033-06-27,SOX,-0.0667519169619606
2033-06-27,NDX,0.05362697229033577
2033-06-27,XAU,-0.0769168176788555
2033-06-27,COPPER,0.015314920359864119
2033-06-27,WTI,-0.0730597780273148
2033-06-27,BTC,-0.0
2033-06-27,ETH,-0.0
2033-06-27,US10Y,0.07386631932929177
2033-06-27,CN10Y,-0.0
2033-06-28,000300.SH,-0.0
2033-06-28,SPX,-0.07974442671551615
2033-06-28,HSI,-0.0
2033-06-28,N225,0.12288856784373398
2033-06-28,SX5E,-0.08464727834963313
2033-06-28,000688.SH,0.10495603934996997
2033-06-28,SOX,-0.07259573272793679
2033-06-28,NDX,0.049434381254789106
2033-06-28,XAU,-0.07591854689113003
2033-06-28,COPPER,0.011062155104740528
2033-06-28,WTI,-0.06476780821792208
2033-06-28,BTC,-0.0
2033-06-28,ETH,-0.0
2033-06-28,US10Y,0.0893326493489
2033-06-28,CN10Y,-0.0
2033-06-29,000300.SH,-0.0
2033-06-29,SPX,-0.09700592164224274
2033-06-29,HSI,-0.0
2033-06-29,N225,0.13917124375331041
2033-06-29,SX5E,-0.05933951241882457
2033-06-29,000688.SH,0.08578089041071511
2033-06-29,SOX,-0.07294691119150136
2033-06-29,NDX,0.07168942301592698
2033-06-29,XAU,-0.05551662557482095
2033-06-29,COPPER,0.006938887658662655
2033-06-29,WTI,-0.10013613874046075
2033-06-29,BTC,-0.0
2033-06-29,ETH,-0.0
2033-06-29,US10Y,0.08136466472923015
2033-06-29,CN10Y,-0.0
2033-06-30,000300.SH,-0.0
2033-06-30,SPX,-0.12473620507244206
2033-06-30,HSI,-0.0
2033-06-30,N225,0.12469501795422176
2033-06-30,SX5E,-0.05476374398204699
2033-06-30,000688.SH,0.03881065633567342
2033-06-30,SOX,-0.047138421714365095
2033-06-30,NDX,0.08616671716483211
2033-06-30,XAU,-0.0763710304767003
2033-06-30,COPPER,0.04389603077579789
2033-06-30,WTI,-0.07928567780366276
2033-06-30,BTC,-0.0
2033-06-30,ETH,-0.0
2033-06-30,US10Y,0.08872665681869149
2033-06-30,CN10Y,-0.0
2033-07-01,000300.SH,-0.0
2033-07-01,SPX,-0.12803882489739404
2033-07-01,HSI,-0.0
2033-07-01,N225,0.11439243245766598
2033-07-01,SX5E,-0.041104169825256935
2033-07-01,000688.SH,0.08588525972232744
2033-07-01,SOX,-0.05519847983305895
2033-07-01,NDX,0.10332116268091475
2033-07-01,XAU,-0.09826363184524409
2033-07-01,COPPER,0.0709233950622755
2033-07-01,WTI,-0.11020350208580712
2033-07-01,BTC,-0.0
2033-07-01,ETH,-0.0
2033-07-01,US10Y,0.05828635856357633
2033-07-01,CN10Y,-0.0
2033-07-04,000300.SH,-0.0
2033-07-04,SPX,-0.12219518225976934
2033-07-04,HSI,-0.0
2033-07-04,N225,0.10155069151908099
2033-07-04,SX5E,-0.06855073502714576
2033-07-04,000688.SH,0.09079218017574586
2033-07-04,SOX,-0.06979269940186052
2033-07-04,NDX,0.09970956936947858
2033-07-04,XAU,-0.08735586843815765
2033-07-04,COPPER,0.07654298305421522
2033-07-04,WTI,-0.05855888896656669
2033-07-04,BTC,-0.0
2033-07-04,ETH,-0.0
2033-07-04,US10Y,0.0378579499749806
2033-07-04,CN10Y,-0.0
2033-07-05,000300.SH,-0.0
2033-07-05,SPX,-0.1403173591730203
2033-07-05,HSI,-0.0
2033-07-05,N225,0.09727940983630841
2033-07-05,SX5E,-0.03243577119324244
2033-07-05,000688.SH,0.12211124120861999
2033-07-05,SOX,-0.07416148903381858
2033-07-05,NDX,0.10046397763334011
2033-07-05,XAU,-0.09019164662695671
2033-07-05,COPPER,0.05258778769277543
2033-07-05,WTI,-0.05111915197135085
2033-07-05,BTC,-0.0
2033-07-05,ETH,-0.0
2033-07-05,US10Y,0.015783001627349403
2033-07-05,CN10Y,-0.0
2033-07-06,000300.SH,-0.0
2033-07-06,SPX,-0.149794794175646
2033-07-06,HSI,-0.0
2033-07-06,N225,0.11918496087913054
2033-07-06,SX5E,-0.03262402863484717
2033-07-06,000688.SH,0.10862838986265028
2033-07-06,SOX,-0.08220262077953114
2033-07-06,NDX,0.0855431118391676
2033-07-06,XAU,-0.09182219282111567
2033-07-06,COPPER,0.04251351353337194
2033-07-06,WTI,-0.02240239271366743
2033-07-06,BTC,-0.0
2033-07-06,ETH,-0.0
2033-07-06,US10Y,0.022976053010489682
2033-07-06,CN10Y,-0.0
2033-07-07,000300.SH,-0.0
2033-07-07,SPX,-0.14004306225658134
2033-07-07,HSI,-0.0
2033-07-07,N225,0.12069645601145923
2033-07-07,SX5E,-0.0432432261040557
2033-07-07,000688.SH,0.1257892204080002
2033-07-07,SOX,-0.09128166495539278
2033-07-07,NDX,0.07211785403540258
2033-07-07,XAU,-0.0823552170471154
2033-07-07,COPPER,0.06507865789648457
2033-07-07,WTI,-0.038741547595205386
2033-07-07,BTC,-0.0
2033-07-07,ETH,-0.0
2033-07-07,US10Y,0.011982529607004355
2033-07-07,CN10Y,-0.0
2033-07-08,000300.SH,-0.0
2033-07-08,SPX,-0.11437991980017882
2033-07-08,HSI,-0.0
2033-07-08,N225,0.06708002785064948
2033-07-08,SX5E,-0.03555662727187108
2033-07-08,000688.SH,0.1231740782190121
2033-07-08,SOX,-0.11988083724760468
2033-07-08,NDX,0.05173332658247018
2033-07-08,XAU,-0.05859430243227526
2033-07-08,COPPER,0.06484692115317656
2033-07-08,WTI,-0.0009964700244046339
2033-07-08,BTC,-0.0
2033-07-08,ETH,-0.0
2033-07-08,US10Y,0.02257380297102749
2033-07-08,CN10Y,-0.0
2033-07-11,000300.SH,-0.0
2033-07-11,SPX,-0.14615066671325397
2033-07-11,HSI,-0.0
2033-07-11,N225,0.09897134891047811
2033-07-11,SX5E,0.0011212949145723398
2033-07-11,000688.SH,0.052381549049951036
2033-07-11,SOX,-0.1096495436693239
2033-07-11,NDX,0.06760496707860937
2033-07-11,XAU,-0.042636670444802745
2033-07-11,COPPER,0.07689937426619362
2033-07-11,WTI,-0.028168172756937847
2033-07-11,BTC,-0.0
2033-07-11,ETH,-0.0
2033-07-11,US10Y,0.029626519364516164
2033-07-11,CN10Y,-0.0
2033-07-12,000300.SH,-0.0
2033-07-12,SPX,-0.14921003772410626
2033-07-12,HSI,-0.0
2033-07-12,N225,0.0479219387230914
2033-07-12,SX5E,0.018898133638226663
2033-07-12,000688.SH,0.06997823245162292
2033-07-12,SOX,-0.10361334732849559
2033-07-12,NDX,0.040348464841203774
2033-07-12,XAU,-0.0575530352933632
2033-07-12,COPPER,0.08004317588094016
2033-07-12,WTI,0.023473425483919657
2033-07-12,BTC,-0.0
2033-07-12,ETH,-0.0
2033-07-12,US10Y,0.029713049326960433
2033-07-12,CN10Y,-0.0
2033-07-13,000300.SH,-0.0
2033-07-13,SPX,-0.13472546189683757
2033-07-13,HSI,-0.0
2033-07-13,N225,0.07622370103138956
2033-07-13,SX5E,0.009022963215349641
2033-07-13,000688.SH,0.06483586401702841
2033-07-13,SOX,-0.14141148904426576
2033-07-13,NDX,0.033144208320458377
2033-07-13,XAU,-0.06629255054895755
2033-07-13,COPPER,0.08151617399892226
2033-07-13,WTI,0.05236471419289904
2033-07-13,BTC,-0.0
2033-07-13,ETH,-0.0
2033-07-13,US10Y,0.025321876714015184
2033-07-13,CN10Y,-0.0
2033-07-14,000300.SH,-0.0
2033-07-14,SPX,-0.12365919063941395
2033-07-14,HSI,-0.0
2033-07-14,N225,0.0882605804839016
2033-07-14,SX5E,0.025814000000579262
2033-07-14,000688.SH,0.02843061895642874
2033-07-14,SOX,-0.1291407209890032
2033-07-14,NDX,0.03942136836682393
2033-07-14,XAU,-0.04231471002984135
2033-07-14,COPPER,0.10585022286456554
2033-07-14,WTI,-0.03195824595627679
2033-07-14,BTC,-0.0
2033-07-14,ETH,-0.0
2033-07-14,US10Y,0.03929607694223662
2033-07-14,CN10Y,-0.0
2033-07-15,000300.SH,-0.0
2033-07-15,SPX,-0.13424043075917397
2033-07-15,HSI,-0.0
2033-07-15,N225,0.08755292020669264
2033-07-15,SX5E,0.00020083018563249976
2033-07-15,000688.SH,0.015312024483247077
2033-07-15,SOX,-0.15181944925349505
2033-07-15,NDX,0.013064975743134595
2033-07-15,XAU,-0.03622313550865928
2033-07-15,COPPER,0.16331696106563756
2033-07-15,WTI,0.01955564739071288
2033-07-15,BTC,-0.0
2033-07-15,ETH,-0.0
2033-07-15,US10Y,0.02327965644627203
2033-07-15,CN10Y,-0.0
2033-07-18,000300.SH,-0.0
2033-07-18,SPX,-0.14238829861892405
2033-07-18,HSI,-0.0
2033-07-18,N225,0.0950969760027348
2033-07-18,SX5E,0.01895661950737382
2033-07-18,000688.SH,0.013227645229439762
2033-07-18,SOX,-0.1461175942263846
2033-07-18,NDX,0.00660844405119246
2033-07-18,XAU,-0.018247573980004546
2033-07-18,COPPER,0.1651907559551521
2033-07-18,WTI,0.02237531537241419
2033-07-18,BTC,-0.0
2033-07-18,ETH,-0.0
2033-07-18,US10Y,-0.014702289292992297
2033-07-18,CN10Y,-0.0
2033-07-19,000300.SH,-0.0
2033-07-19,SPX,-0.13591544299097413
2033-07-19,HSI,-0.0
2033-07-19,N225,0.11426939297685706
2033-07-19,SX5E,0.03649497862628077
2033-07-19,000688.SH,-0.0677045264507832
2033-07-19,SOX,-0.14017159039537844
2033-07-19,NDX,0.037699020505671886
2033-07-19,XAU,-0.03091360386714727
2033-07-19,COPPER,0.17056063200041452
2033-07-19,WTI,0.010813581366951727
2033-07-19,BTC,-0.0
2033-07-19,ETH,-0.0
2033-07-19,US10Y,0.0048675582281086024
2033-07-19,CN10Y,-0.0
2033-07-20,000300.SH,-0.0
2033-07-20,SPX,-0.13656070767753997
2033-07-20,HSI,-0.0
2033-07-20,N225,0.12125424534180644
2033-07-20,SX5E,0.02288963148277204
2033-07-20,000688.SH,-0.12195927052149602
2033-07-20,SOX,-0.06763882651203951
2033-07-20,NDX,0.05755615907548302
2033-07-20,XAU,-0.03910535844232251
2033-07-20,COPPER,0.14915119480066535
2033-07-20,WTI,0.022017366865305796
2033-07-20,BTC,-0.0
2033-07-20,ETH,-0.0
2033-07-20,US10Y,-0.007604434412634534
2033-07-20,CN10Y,-0.0
2033-07-21,000300.SH,-0.0
2033-07-21,SPX,-0.11259775030759334
2033-07-21,HSI,-0.0
2033-07-21,N225,0.11281896780444511
2033-07-21,SX5E,0.0195681719919286
2033-07-21,000688.SH,-0.09801876438984022
2033-07-21,SOX,-0.0922634233321996
2033-07-21,NDX,0.055514577332868256
2033-07-21,XAU,-0.023183118283053014
2033-07-21,COPPER,0.1596749251318457
2033-07-21,WTI,0.0010046386588916725
2033-07-21,BTC,-0.0
2033-07-21,ETH,-0.0
2033-07-21,US10Y,-0.022518224607293108
2033-07-21,CN10Y,-0.0
2033-07-22,000300.SH,-0.0
2033-07-22,SPX,-0.07884939476199172
2033-07-22,HSI,-0.0
2033-07-22,N225,0.11019376301849564
2033-07-22,SX5E,0.023665824377311143
2033-07-22,000688.SH,-0.12208124681218485
2033-07-22,SOX,-0.0627903630647356
2033-07-22,NDX,0.08084041716128151
2033-07-22,XAU,-0.003835757631037736
2033-07-22,COPPER,0.10356817286880653
2033-07-22,WTI,-0.01980592747849204
2033-07-22,BTC,-0.0
2033-07-22,ETH,-0.0
2033-07-22,US10Y,-0.030905487677450324
2033-07-22,CN10Y,-0.0
2033-07-25,000300.SH,-0.0
2033-07-25,SPX,-0.06472066750091457
2033-07-25,HSI,-0.0
2033-07-25,N225,0.09221244478153254
2033-07-25,SX5E,0.0308232825082359
2033-07-25,000688.SH,-0.10950480752840053
2033-07-25,SOX,-0.0610738605723901
2033-07-25,NDX,0.06123254580707613
2033-07-25,XAU,0.020862333355864356
2033-07-25,COPPER,0.0960639253811552
2033-07-25,WTI,-0.0077722518349791665
2033-07-25,BTC,-0.0
2033-07-25,ETH,-0.0
2033-07-25,US10Y,-0.058122944397180666
2033-07-25,CN10Y,-0.0
2033-07-26,000300.SH,-0.0
2033-07-26,SPX,-0.04962563665056795
2033-07-26,HSI,-0.0
2033-07-26,N225,0.08917815729275057
2033-07-26,SX5E,0.05444757982055134
2033-07-26,000688.SH,-0.08984644713477644
2033-07-26,SOX,-0.07393222555882593
2033-07-26,NDX,0.041921945948468486
2033-07-26,XAU,0.035246482998164574
2033-07-26,COPPER,0.09516204295433035
2033-07-26,WTI,-0.02379504598097011
2033-07-26,BTC,-0.0
2033-07-26,ETH,-0.0
2033-07-26,US10Y,-0.07875685368912926
2033-07-26,CN10Y,-0.0
2033-07-27,000300.SH,-0.0
2033-07-27,SPX,-0.016149512422847952
2033-07-27,HSI,-0.0
2033-07-27,N225,0.066367383251187
2033-07-27,SX5E,0.030156408745945138
2033-07-27,000688.SH,-0.08949349839115572
2033-07-27,SOX,-0.08577666285085372
2033-07-27,NDX,0.0629325910258865
2033-07-27,XAU,0.02335916420342195
2033-07-27,COPPER,0.12008659229583422
2033-07-27,WTI,-0.04795775154503823
2033-07-27,BTC,-0.0
2033-07-27,ETH,-0.0
2033-07-27,US10Y,-0.06352471431238163
2033-07-27,CN10Y,-0.0
2033-07-28,000300.SH,-0.0
2033-07-28,SPX,-0.02278853460986358
2033-07-28,HSI,-0.0
2033-07-28,N225,0.08294850127305856
2033-07-28,SX5E,0.019577070490440374
2033-07-28,000688.SH,-0.09279484836677393
2033-07-28,SOX,-0.10888849931895912
2033-07-28,NDX,0.040512668724408396
2033-07-28,XAU,0.02771148904043989
2033-07-28,COPPER,0.1133664943761623
2033-07-28,WTI,-0.03131853215129268
2033-07-28,BTC,-0.0
2033-07-28,ETH,-0.0
2033-07-28,US10Y,-0.02832580945762639
2033-07-28,CN10Y,-0.0
2033-07-29,000300.SH,-0.0
2033-07-29,SPX,0.010294033242695903
2033-07-29,HSI,-0.0
2033-07-29,N225,0.0973749718479264
2033-07-29,SX5E,0.02211324401825413
2033-07-29,000688.SH,-0.10082500257507579
2033-07-29,SOX,-0.11164352578711906
2033-07-29,NDX,0.014685427275778037
2033-07-29,XAU,0.056481992331713374
2033-07-29,COPPER,0.056835857752077536
2033-07-29,WTI,-0.012966414879774983
2033-07-29,BTC,-0.0
2033-07-29,ETH,-0.0
2033-07-29,US10Y,-0.03235058322647763
2033-07-29,CN10Y,-0.0
2033-08-01,000300.SH,-0.0
2033-08-01,SPX,0.018388379217096577
2033-08-01,HSI,-0.0
2033-08-01,N225,0.10716575175460338
2033-08-01,SX5E,0.05555202549974579
2033-08-01,000688.SH,-0.09001024416942906
2033-08-01,SOX,-0.12438933155709869
2033-08-01,NDX,-0.0023529322504393076
2033-08-01,XAU,0.044462047570490146
2033-08-01,COPPER,0.05198775003172704
2033-08-01,WTI,-0.04977859858190195
2033-08-01,BTC,-0.0
2033-08-01,ETH,-0.0
2033-08-01,US10Y,-0.011024847514797447
2033-08-01,CN10Y,-0.0
2033-08-02,000300.SH,-0.0
2033-08-02,SPX,0.034161878202260604
2033-08-02,HSI,-0.0
2033-08-02,N225,0.11228153046247995
2033-08-02,SX5E,0.043539426286351095
2033-08-02,000688.SH,-0.08096812051499229
2033-08-02,SOX,-0.1928499469359742
2033-08-02,NDX,0.016808805506236233
2033-08-02,XAU,0.042240086346091686
2033-08-02,COPPER,0.0909206011765614
2033-08-02,WTI,-0.0577470085022876
2033-08-02,BTC,-0.0
2033-08-02,ETH,-0.0
2033-08-02,US10Y,-0.008387252026731965
2033-08-02,CN10Y,-0.0
2033-08-03,000300.SH,-0.0
2033-08-03,SPX,0.02329127400116532
2033-08-03,HSI,-0.0
2033-08-03,N225,0.09389132421546523
2033-08-03,SX5E,0.03645758582986258
2033-08-03,000688.SH,-0.08286608215165986
2033-08-03,SOX,-0.15366375920684727
2033-08-03,NDX,0.013217858636050604
2033-08-03,XAU,0.0698572197444456
2033-08-03,COPPER,0.08170840394167317
2033-08-03,WTI,-0.060736302735515835
2033-08-03,BTC,-0.0
2033-08-03,ETH,-0.0
2033-08-03,US10Y,-0.0211575222746429
2033-08-03,CN10Y,-0.0
2033-08-04,000300.SH,-0.0
2033-08-04,SPX,0.039753379253898435
2033-08-04,HSI,-0.0
2033-08-04,N225,0.0686107588834068
2033-08-04,SX5E,0.03101914081906668
2033-08-04,000688.SH,-0.08117924846413273
2033-08-04,SOX,-0.1870895247474743
2033-08-04,NDX,0.013427944349655456
2033-08-04,XAU,0.058146800959807184
2033-08-04,COPPER,0.08783257036787483
2033-08-04,WTI,-0.02478289252872336
2033-08-04,BTC,-0.0
2033-08-04,ETH,-0.0
2033-08-04,US10Y,-0.0057389288933797425
2033-08-04,CN10Y,-0.0
2033-08-05,000300.SH,-0.0
2033-08-05,SPX,0.03757346209468234
2033-08-05,HSI,-0.0
2033-08-05,N225,0.10299652813758674
2033-08-05,SX5E,0.01797791936397898
2033-08-05,000688.SH,-0.08587757119043911
2033-08-05,SOX,-0.16171745861254316
2033-08-05,NDX,0.02685903669854348
2033-08-05,XAU,0.05601864657817928
2033-08-05,COPPER,0.06498146153391696
2033-08-05,WTI,-0.026393204823823166
2033-08-05,BTC,-0.0
2033-08-05,ETH,-0.0
2033-08-05,US10Y,-0.032418819780082084
2033-08-05,CN10Y,-0.0
2033-08-08,000300.SH,-0.0
2033-08-08,SPX,0.06391216941006851
2033-08-08,HSI,-0.0
2033-08-08,N225,0.11801584348216003
2033-08-08,SX5E,0.004762206598576685
2033-08-08,000688.SH,-0.08379162233412168
2033-08-08,SOX,-0.16454613517483868
2033-08-08,NDX,0.03365574835589646
2033-08-08,XAU,0.06603733694334914
2033-08-08,COPPER,0.045898591247541545
2033-08-08,WTI,-0.03812584915713229
2033-08-08,BTC,-0.0
2033-08-08,ETH,-0.0
2033-08-08,US10Y,-0.045818289371498906
2033-08-08,CN10Y,-0.0
2033-08-09,000300.SH,-0.0
2033-08-09,SPX,0.05695959499705669
2033-08-09,HSI,-0.0
2033-08-09,N225,0.1422716242190114
2033-08-09,SX5E,-0.009097274122757577
2033-08-09,000688.SH,-0.07519887288574266
2033-08-09,SOX,-0.2088338827653892
2033-08-09,NDX,0.07468069983463045
2033-08-09,XAU,0.07954508550415863
2033-08-09,COPPER,0.03150676362354568
2033-08-09,WTI,-0.06565937833632718
2033-08-09,BTC,-0.0
2033-08-09,ETH,-0.0
2033-08-09,US10Y,-0.026174360068185604
2033-08-09,CN10Y,-0.0
2033-08-10,000300.SH,-0.0
2033-08-10,SPX,0.08473042228497762
2033-08-10,HSI,-0.0
2033-08-10,N225,0.14960886778235916
2033-08-10,SX5E,-0.0018247099959613124
2033-08-10,000688.SH,-0.08997335987488986
2033-08-10,SOX,-0.20654112101117605
2033-08-10,NDX,0.056649617401412194
2033-08-10,XAU,0.09604405384554664
2033-08-10,COPPER,0.04945878079887781
2033-08-10,WTI,-0.0892687875551277
2033-08-10,BTC,-0.0
2033-08-10,ETH,-0.0
2033-08-10,US10Y,-0.04888376367601938
2033-08-10,CN10Y,-0.0
2033-08-11,000300.SH,-0.0
2033-08-11,SPX,0.08335444167420175
2033-08-11,HSI,-0.0
2033-08-11,N225,0.12180214145142972
2033-08-11,SX5E,-0.011142645042212252
2033-08-11,000688.SH,-0.07590550540857623
2033-08-11,SOX,-0.20890174890494376
2033-08-11,NDX,0.08024360924968164
2033-08-11,XAU,0.07977052031085383
2033-08-11,COPPER,0.027563615751134557
2033-08-11,WTI,-0.022468362420904282
2033-08-11,BTC,-0.0
2033-08-11,ETH,-0.0
2033-08-11,US10Y,-0.07431606666066695
2033-08-11,CN10Y,-0.0
2033-08-12,000300.SH,-0.0
2033-08-12,SPX,0.11288685097115149
2033-08-12,HSI,-0.0
2033-08-12,N225,0.1345992272911562
2033-08-12,SX5E,-0.014736964981695442
2033-08-12,000688.SH,-0.05672803810771603
2033-08-12,SOX,-0.16406804049574497
2033-08-12,NDX,0.08062939575689593
2033-08-12,XAU,0.0726796903018694
2033-08-12,COPPER,-0.0036365516599099167
2033-08-12,WTI,-0.08294476356508905
2033-08-12,BTC,-0.0
2033-08-12,ETH,-0.0
2033-08-12,US10Y,-0.07868080551091829
2033-08-12,CN10Y,-0.0
2033-08-15,000300.SH,-0.0
2033-08-15,SPX,0.14323247051517857
2033-08-15,HSI,-0.0
2033-08-15,N225,0.11356765738440518
2033-08-15,SX5E,-0.004277930762950119
2033-08-15,000688.SH,-0.07050297362185926
2033-08-15,SOX,-0.13845482183959096
2033-08-15,NDX,0.034375734135667455
2033-08-15,XAU,0.07597445533539704
2033-08-15,COPPER,-0.028758491209957222
2033-08-15,WTI,-0.0728247143746025
2033-08-15,BTC,-0.0
2033-08-15,ETH,-0.0
2033-08-15,US10Y,-0.052331385561689765
2033-08-15,CN10Y,-0.0
2033-08-16,000300.SH,-0.0
2033-08-16,SPX,0.15400724051688014
2033-08-16,HSI,-0.0
2033-08-16,N225,0.06623428494883528
2033-08-16,SX5E,-0.02522336114224055
2033-08-16,000688.SH,-0.024051429626503376
2033-08-16,SOX,-0.1362663441206206
2033-08-16,NDX,-0.00301325229995799
2033-08-16,XAU,0.11801577551375542
2033-08-16,COPPER,-0.027111994445994755
2033-08-16,WTI,-0.06103193400052962
2033-08-16,BTC,-0.0
2033-08-16,ETH,-0.0
2033-08-16,US10Y,-0.06155898534362697
2033-08-16,CN10Y,-0.0
2033-08-17,000300.SH,-0.0
2033-08-17,SPX,0.13755872530479288
2033-08-17,HSI,-0.0
2033-08-17,N225,0.046986065889175026
2033-08-17,SX5E,-0.01338366215567744
2033-08-17,000688.SH,0.03170000774426829
2033-08-17,SOX,-0.15533149450403758
2033-08-17,NDX,0.01692452418179706
2033-08-17,XAU,0.1199498296630068
2033-08-17,COPPER,-0.03454935115744754
2033-08-17,WTI,-0.10411057419508833
2033-08-17,BTC,-0.0
2033-08-17,ETH,-0.0
2033-08-17,US10Y,-0.04574407077079165
2033-08-17,CN10Y,-0.0
2033-08-18,000300.SH,-0.0
2033-08-18,SPX,0.11140573403041978
2033-08-18,HSI,-0.0
2033-08-18,N225,0.02970776338512829
2033-08-18,SX5E,-0.0016542474429778221
2033-08-18,000688.SH,-0.0018006935890374255
2033-08-18,SOX,-0.12301635861961518
2033-08-18,NDX,-0.01788080828204612
2033-08-18,XAU,0.09780593554132715
2033-08-18,COPPER,-0.01998715656984572
2033-08-18,WTI,-0.032755785038696125
2033-08-18,BTC,-0.0
2033-08-18,ETH,-0.0
2033-08-18,US10Y,-0.0418243834146596
2033-08-18,CN10Y,-0.0
2033-08-19,000300.SH,-0.0
2033-08-19,SPX,0.0975864772288347
2033-08-19,HSI,-0.0
2033-08-19,N225,0.028032784315972115
2033-08-19,SX5E,-0.018845582024681118
2033-08-19,000688.SH,0.021171057783601857
2033-08-19,SOX,-0.14108094635633983
2033-08-19,NDX,-0.030677624157118354
2033-08-19,XAU,0.11047336409743383
2033-08-19,COPPER,-0.011804165993882846
2033-08-19,WTI,-0.018955062402208147
2033-08-19,BTC,-0.0
2033-08-19,ETH,-0.0
2033-08-19,US10Y,-0.03590030249161597
2033-08-19,CN10Y,-0.0
2033-08-22,000300.SH,-0.0
2033-08-22,SPX,0.08137864451313326
2033-08-22,HSI,-0.0
2033-08-22,N225,0.04994750023069117
2033-08-22,SX5E,-0.023761806370644553
2033-08-22,000688.SH,0.02568705267935873
2033-08-22,SOX,-0.09213909228071623
2033-08-22,NDX,-0.024923835533878346
2033-08-22,XAU,0.10866379634784738
2033-08-22,COPPER,-0.007378418744172333
2033-08-22,WTI,-0.09060078551124448
2033-08-22,BTC,-0.0
2033-08-22,ETH,-0.0
2033-08-22,US10Y,-0.02687305533037627
2033-08-22,CN10Y,-0.0
2033-08-23,000300.SH,-0.0
2033-08-23,SPX,0.07415249916145442
2033-08-23,HSI,-0.0
2033-08-23,N225,0.060575013327646345
2033-08-23,SX5E,-0.028817097223099414
2033-08-23,000688.SH,-0.005593227209408887
2033-08-23,SOX,-0.06529682150551464
2033-08-23,NDX,-0.025079152449214742
2033-08-23,XAU,0.08790662110335265
2033-08-23,COPPER,-0.011735652780573595
2033-08-23,WTI,-0.06476963031790198
2033-08-23,BTC,-0.0
2033-08-23,ETH,-0.0
2033-08-23,US10Y,-0.021342552106741897
2033-08-23,CN10Y,-0.0
2033-08-24,000300.SH,-0.0
2033-08-24,SPX,0.03572847176143386
2033-08-24,HSI,-0.0
2033-08-24,N225,0.08799532443180874
2033-08-24,SX5E,-0.010842049909904079
2033-08-24,000688.SH,-0.013613110970337626
2033-08-24,SOX,-0.03538397311651254
2033-08-24,NDX,-0.03087538574439494
2033-08-24,XAU,0.07367211398223557
2033-08-24,COPPER,-0.03309856923704432
2033-08-24,WTI,-0.0425375239476808
2033-08-24,BTC,-0.0
2033-08-24,ETH,-0.0
2033-08-24,US10Y,-0.031045297249606037
2033-08-24,CN10Y,-0.0
2033-08-25,000300.SH,-0.0
2033-08-25,SPX,0.06916048122864744
2033-08-25,HSI,-0.0
2033-08-25,N225,0.04097942256039841
2033-08-25,SX5E,-0.0020110108772650706
2033-08-25,000688.SH,-0.00042561850743191854
2033-08-25,SOX,-0.014265844795492515
2033-08-25,NDX,-0.019938709533118097
2033-08-25,XAU,0.06378732183014771
2033-08-25,COPPER,-0.028997463610672777
2033-08-25,WTI,-0.06437394002174124
2033-08-25,BTC,-0.0
2033-08-25,ETH,-0.0
2033-08-25,US10Y,-0.04391463827347374
2033-08-25,CN10Y,-0.0
2033-08-26,000300.SH,-0.0
2033-08-26,SPX,0.06074501978563918
2033-08-26,HSI,-0.0
2033-08-26,N225,0.02220109267138254
2033-08-26,SX5E,0.0020179166635248933
2033-08-26,000688.SH,0.0040185869423703564
2033-08-26,SOX,0.014343271294948414
2033-08-26,NDX,-0.024721477605716975
2033-08-26,XAU,0.06478417478874303
2033-08-26,COPPER,0.0075546502650709925
2033-08-26,WTI,-0.09818450262652739
2033-08-26,BTC,-0.0
2033-08-26,ETH,-0.0
2033-08-26,US10Y,-0.052758732179438814
2033-08-26,CN10Y,-0.0
2033-08-29,000300.SH,-0.0
2033-08-29,SPX,0.06732936919340549
2033-08-29,HSI,-0.0
2033-08-29,N225,0.018859271561236603
2033-08-29,SX5E,-0.00810374634788952
2033-08-29,000688.SH,-0.032132623392169574
2033-08-29,SOX,0.024627612450979712
2033-08-29,NDX,-0.028327697863930534
2033-08-29,XAU,0.07434810929932627
2033-08-29,COPPER,0.007000447142306871
2033-08-29,WTI,-0.0828644502335876
2033-08-29,BTC,-0.0
2033-08-29,ETH,-0.0
2033-08-29,US10Y,-0.04073629180968259
2033-08-29,CN10Y,-0.0
2033-08-30,000300.SH,-0.0
2033-08-30,SPX,0.07227461492213491
2033-08-30,HSI,-0.0
2033-08-30,N225,-0.0031938164681685026
2033-08-30,SX5E,-0.005678090397185316
2033-08-30,000688.SH,-0.042098693520921465
2033-08-30,SOX,0.1151908576834978
2033-08-30,NDX,-0.06415622097899973
2033-08-30,XAU,0.08387856401165883
2033-08-30,COPPER,-0.037870261812542806
2033-08-30,WTI,-0.08207652529250187
2033-08-30,BTC,-0.0
2033-08-30,ETH,-0.0
2033-08-30,US10Y,-0.03627042814697661
2033-08-30,CN10Y,-0.0
2033-08-31,000300.SH,-0.0
2033-08-31,SPX,0.08963597921671221
2033-08-31,HSI,-0.0
2033-08-31,N225,0.013026265780592572
2033-08-31,SX5E,-0.017502402926423917
2033-08-31,000688.SH,-0.016260776595989117
2033-08-31,SOX,0.11802276565901765
2033-08-31,NDX,-0.04981030111384631
2033-08-31,XAU,0.07427303377928952
2033-08-31,COPPER,-0.022517584807979277
2033-08-31,WTI,-0.1416824864443279
2033-08-31,BTC,-0.0
2033-08-31,ETH,-0.0
2033-08-31,US10Y,-0.04718449254705026
2033-08-31,CN10Y,-0.0
2033-09-01,000300.SH,-0.0
2033-09-01,SPX,0.07916786655890991
2033-09-01,HSI,-0.0
2033-09-01,N225,0.046212497885762635
2033-09-01,SX5E,0.00012150319090068157
2033-09-01,000688.SH,-0.0060751568860548805
2033-09-01,SOX,0.11856189492552643
2033-09-01,NDX,-0.05340884309099148
2033-09-01,XAU,0.08471929202636444
2033-09-01,COPPER,-0.03324877792882361
2033-09-01,WTI,-0.18723932939647225
2033-09-01,BTC,-0.0
2033-09-01,ETH,-0.0
2033-09-01,US10Y,-0.04881094728512589
2033-09-01,CN10Y,-0.0
2033-09-02,000300.SH,-0.0
2033-09-02,SPX,0.07338312828795038
2033-09-02,HSI,-0.0
2033-09-02,N225,0.05107474671415492
2033-09-02,SX5E,0.012886334066400142
2033-09-02,000688.SH,0.014018365868163962
2033-09-02,SOX,0.07676570718754855
2033-09-02,NDX,-0.05700065810898651
2033-09-02,XAU,0.0789755308497773
2033-09-02,COPPER,-0.034413999942485576
2033-09-02,WTI,-0.18062885142025106
2033-09-02,BTC,-0.0
2033-09-02,ETH,-0.0
2033-09-02,US10Y,-0.0350603035022755
2033-09-02,CN10Y,-0.0
2033-09-05,000300.SH,-0.0
2033-09-05,SPX,0.0721988792221884
2033-09-05,HSI,-0.0
2033-09-05,N225,0.007766407095935967
2033-09-05,SX5E,-0.006135988365016484
2033-09-05,000688.SH,0.028237165308888534
2033-09-05,SOX,0.11128433085020155
2033-09-05,NDX,-0.062412624549821986
2033-09-05,XAU,0.060475772657693584
2033-09-05,COPPER,-0.05267967026340244
2033-09-05,WTI,-0.1136857528161049
2033-09-05,BTC,-0.0
2033-09-05,ETH,-0.0
2033-09-05,US10Y,-0.04504851914056697
2033-09-05,CN10Y,-0.0
2033-09-06,000300.SH,-0.0
2033-09-06,SPX,0.09337531159466927
2033-09-06,HSI,-0.0
2033-09-06,N225,0.010200702110000792
2033-09-06,SX5E,0.0024194245111049777
2033-09-06,000688.SH,0.02399641897796375
2033-09-06,SOX,0.1225160621770028
2033-09-06,NDX,-0.07291547327786373
2033-09-06,XAU,0.07338666303150623
2033-09-06,COPPER,-0.05351151408717964
2033-09-06,WTI,-0.14573277339814333
2033-09-06,BTC,-0.0
2033-09-06,ETH,-0.0
2033-09-06,US10Y,-0.05373482163906374
2033-09-06,CN10Y,-0.0
2033-09-07,000300.SH,-0.0
2033-09-07,SPX,0.054137032309523304
2033-09-07,HSI,-0.0
2033-09-07,N225,-0.025265590640945745
2033-09-07,SX5E,0.02049744679493707
2033-09-07,000688.SH,0.008939386111709215
2033-09-07,SOX,0.12717436282916966
2033-09-07,NDX,-0.050871049161103236
2033-09-07,XAU,0.060545536717171736
2033-09-07,COPPER,-0.08348771528914625
2033-09-07,WTI,-0.06787534956117325
2033-09-07,BTC,-0.0
2033-09-07,ETH,-0.0
2033-09-07,US10Y,-0.043794060110145215
2033-09-07,CN10Y,-0.0
2033-09-08,000300.SH,-0.0
2033-09-08,SPX,0.04227754901464156
2033-09-08,HSI,-0.0
2033-09-08,N225,-0.019347997383951463
2033-09-08,SX5E,0.04263466469501388
2033-09-08,000688.SH,-0.004234351448371865
2033-09-08,SOX,0.10517473825544726
2033-09-08,NDX,-0.05153574833411133
2033-09-08,XAU,0.04492521544584114
2033-09-08,COPPER,-0.06209033491433591
2033-09-08,WTI,-0.0739233528149585
2033-09-08,BTC,-0.0
2033-09-08,ETH,-0.0
2033-09-08,US10Y,-0.023880382515215515
2033-09-08,CN10Y,-0.0
2033-09-09,000300.SH,-0.0
2033-09-09,SPX,0.05917424501685695
2033-09-09,HSI,-0.0
2033-09-09,N225,-0.0200164691348507
2033-09-09,SX5E,0.05688438526083217
2033-09-09,000688.SH,-0.027019437678573354
2033-09-09,SOX,0.09102304191791645
2033-09-09,NDX,-0.044837759680005654
2033-09-09,XAU,0.03964700099891447
2033-09-09,COPPER,-0.04810929868808263
2033-09-09,WTI,-0.07866015437009805
2033-09-09,BTC,-0.0
2033-09-09,ETH,-0.0
2033-09-09,US10Y,-0.02808555364291023
2033-09-09,CN10Y,-0.0
2033-09-12,000300.SH,-0.0
2033-09-12,SPX,0.03595048383718001
2033-09-12,HSI,-0.0
2033-09-12,N225,0.0066777333002590745
2033-09-12,SX5E,0.0517414052187415
2033-09-12,000688.SH,-0.045956869144507966
2033-09-12,SOX,0.08079725450583373
2033-09-12,NDX,-0.012858593502971537
2033-09-12,XAU,0.02941785212291278
2033-09-12,COPPER,-0.03568347124374048
2033-09-12,WTI,-0.08858116716117852
2033-09-12,BTC,-0.0
2033-09-12,ETH,-0.0
2033-09-12,US10Y,-0.021504627932529018
2033-09-12,CN10Y,-0.0
2033-09-13,000300.SH,-0.0
2033-09-13,SPX,0.020907328725987214
2033-09-13,HSI,-0.0
2033-09-13,N225,0.0810851828210283
2033-09-13,SX5E,0.05476518371141861
2033-09-13,000688.SH,-0.03468969336319391
2033-09-13,SOX,0.05007318849775657
2033-09-13,NDX,-9.193821899942944e-05
2033-09-13,XAU,-0.005470503484762029
2033-09-13,COPPER,-0.05990034573795149
2033-09-13,WTI,-0.07468279437451095
2033-09-13,BTC,-0.0
2033-09-13,ETH,-0.0
2033-09-13,US10Y,-0.03199560857677393
2033-09-13,CN10Y,-0.0
2033-09-14,000300.SH,-0.0
2033-09-14,SPX,0.04953383611420696
2033-09-14,HSI,-0.0
2033-09-14,N225,0.06148414878911689
2033-09-14,SX5E,0.07265109686854486
2033-09-14,000688.SH,-0.03920512328924895
2033-09-14,SOX,0.01034662809108593
2033-09-14,NDX,-0.018256013976961152
2033-09-14,XAU,0.014265262786780506
2033-09-14,COPPER,-0.05061613947044284
2033-09-14,WTI,-0.060968943385714354
2033-09-14,BTC,-0.0
2033-09-14,ETH,-0.0
2033-09-14,US10Y,-0.03923475252736908
2033-09-14,CN10Y,-0.0
2033-09-15,000300.SH,-0.0
2033-09-15,SPX,0.06256528154030963
2033-09-15,HSI,-0.0
2033-09-15,N225,0.057186251552258656
2033-09-15,SX5E,0.053397074531940265
2033-09-15,000688.SH,0.010506166021063724
2033-09-15,SOX,-0.015428663433308586
2033-09-15,NDX,0.007071847099208547
2033-09-15,XAU,0.009441483560039602
2033-09-15,COPPER,-0.06866433321749381
2033-09-15,WTI,-0.08669422023675229
2033-09-15,BTC,-0.0
2033-09-15,ETH,-0.0
2033-09-15,US10Y,-0.029380887417267614
2033-09-15,CN10Y,-0.0
2033-09-16,000300.SH,-0.0
2033-09-16,SPX,0.055796464905889076
2033-09-16,HSI,-0.0
2033-09-16,N225,0.07750467513726667
2033-09-16,SX5E,0.06377387768454398
2033-09-16,000688.SH,-0.006675639252314843
2033-09-16,SOX,-0.021601915037215785
2033-09-16,NDX,0.008452515944667137
2033-09-16,XAU,-0.0026539381484703972
2033-09-16,COPPER,-0.06053862364626805
2033-09-16,WTI,-0.08539746545441688
2033-09-16,BTC,-0.0
2033-09-16,ETH,-0.0
2033-09-16,US10Y,-0.028659952133682682
2033-09-16,CN10Y,-0.0
2033-09-19,000300.SH,-0.0
2033-09-19,SPX,0.0350758816365538
2033-09-19,HSI,-0.0
2033-09-19,N225,0.07646191855956294
2033-09-19,SX5E,0.06142862346665188
2033-09-19,000688.SH,-0.02746209156283129
2033-09-19,SOX,-0.051562073586831736
2033-09-19,NDX,0.018233867840945356
2033-09-19,XAU,-0.006603958114555086
2033-09-19,COPPER,-0.05714699069874165
2033-09-19,WTI,-0.01621258405645684
2033-09-19,BTC,-0.0
2033-09-19,ETH,-0.0
2033-09-19,US10Y,-0.03221259348429982
2033-09-19,CN10Y,-0.0
2033-09-20,000300.SH,-0.0
2033-09-20,SPX,0.03729257033425687
2033-09-20,HSI,-0.0
2033-09-20,N225,0.0534225091104947
2033-09-20,SX5E,0.05169461080837026
2033-09-20,000688.SH,-0.004183464116612171
2033-09-20,SOX,-0.05484096557626316
2033-09-20,NDX,-0.006205541653342778
2033-09-20,XAU,-0.01771697799049277
2033-09-20,COPPER,-0.05411951988671772
2033-09-20,WTI,0.02175821925163812
2033-09-20,BTC,-0.0
2033-09-20,ETH,-0.0
2033-09-20,US10Y,-0.02710144028133396
2033-09-20,CN10Y,-0.0
2033-09-21,000300.SH,-0.0
2033-09-21,SPX,0.06115749879948394
2033-09-21,HSI,-0.0
2033-09-21,N225,0.025833373702921054
2033-09-21,SX5E,0.0640549882560466
2033-09-21,000688.SH,0.019590385151345237
2033-09-21,SOX,-0.08090215724105904
2033-09-21,NDX,-0.027790929757580393
2033-09-21,XAU,-0.01854066884049164
2033-09-21,COPPER,-0.035377882574359455
2033-09-21,WTI,0.0059171215926494755
2033-09-21,BTC,-0.0
2033-09-21,ETH,-0.0
2033-09-21,US10Y,-0.013941729088958313
2033-09-21,CN10Y,-0.0
2033-09-22,000300.SH,-0.0
2033-09-22,SPX,0.054809176665188725
2033-09-22,HSI,-0.0
2033-09-22,N225,0.0453970455008653
2033-09-22,SX5E,0.06818837589237209
2033-09-22,000688.SH,0.02098399677420328
2033-09-22,SOX,-0.0773919543172574
2033-09-22,NDX,-0.03110894805282357
2033-09-22,XAU,-0.016890986385365615
2033-09-22,COPPER,-0.027967197936037937
2033-09-22,WTI,-0.019626662827022634
2033-09-22,BTC,-0.0
2033-09-22,ETH,-0.0
2033-09-22,US10Y,-0.016392845314125673
2033-09-22,CN10Y,-0.0
2033-09-23,000300.SH,-0.0
2033-09-23,SPX,0.04170804771418186
2033-09-23,HSI,-0.0
2033-09-23,N225,0.04532021867246116
2033-09-23,SX5E,0.0629758995319401
2033-09-23,000688.SH,0.03183522653808016
2033-09-23,SOX,-0.1464439648349021
2033-09-23,NDX,-0.019890330023223025
2033-09-23,XAU,-0.04624286281538538
2033-09-23,COPPER,-0.03900786521199408
2033-09-23,WTI,0.06797639680687054
2033-09-23,BTC,-0.0
2033-09-23,ETH,-0.0
2033-09-23,US10Y,0.0017692336219668407
2033-09-23,CN10Y,-0.0
2033-09-26,000300.SH,-0.0
2033-09-26,SPX,0.02071484837087255
2033-09-26,HSI,-0.0
2033-09-26,N225,0.029808952340078774
2033-09-26,SX5E,0.07068028919928022
2033-09-26,000688.SH,0.04378997616153588
2033-09-26,SOX,-0.13855216085971445
2033-09-26,NDX,-0.04485125289229398
2033-09-26,XAU,-0.03219643761610386
2033-09-26,COPPER,-0.009470118003811992
2033-09-26,WTI,0.06192741190588598
2033-09-26,BTC,-0.0
2033-09-26,ETH,-0.0
2033-09-26,US10Y,-0.0018515086057329638
2033-09-26,CN10Y,-0.0
2033-09-27,000300.SH,-0.0
2033-09-27,SPX,0.0011357956604000474
2033-09-27,HSI,-0.0
2033-09-27,N225,0.04239084063527973
2033-09-27,SX5E,0.06249920762627946
2033-09-27,000688.SH,0.04866610859590824
2033-09-27,SOX,-0.16795385419766845
2033-09-27,NDX,-0.026522205151443892
2033-09-27,XAU,-0.028824363165299603
2033-09-27,COPPER,0.02513307667489395
2033-09-27,WTI,0.03836432683972954
2033-09-27,BTC,-0.0
2033-09-27,ETH,-0.0
2033-09-27,US10Y,0.0051110664819203145
2033-09-27,CN10Y,-0.0
2033-09-28,000300.SH,-0.0
2033-09-28,SPX,0.010651191376545932
2033-09-28,HSI,-0.0
2033-09-28,N225,0.003309513731078441
2033-09-28,SX5E,0.07590819054339076
2033-09-28,000688.SH,0.032019528494088394
2033-09-28,SOX,-0.17162628068935268
2033-09-28,NDX,0.007773067328816406
2033-09-28,XAU,-0.048350688632710324
2033-09-28,COPPER,-0.0007441906302110557
2033-09-28,WTI,0.06125272685129991
2033-09-28,BTC,-0.0
2033-09-28,ETH,-0.0
2033-09-28,US10Y,0.02980694162705168
2033-09-28,CN10Y,-0.0
2033-09-29,000300.SH,-0.0
2033-09-29,SPX,-0.0019342235666926152
2033-09-29,HSI,-0.0
2033-09-29,N225,-0.0036699377415838896
2033-09-29,SX5E,0.031011121502663344
2033-09-29,000688.SH,0.0071807963852845
2033-09-29,SOX,-0.11954404422163545
2033-09-29,NDX,0.0210206321183858
2033-09-29,XAU,-0.07375938445720516
2033-09-29,COPPER,-0.00994661854327767
2033-09-29,WTI,0.12908767790982564
2033-09-29,BTC,-0.0
2033-09-29,ETH,-0.0
2033-09-29,US10Y,0.02055398061423236
2033-09-29,CN10Y,-0.0
2033-09-30,000300.SH,-0.0
2033-09-30,SPX,-0.028652999516319718
2033-09-30,HSI,-0.0
2033-09-30,N225,0.018689341856998207
2033-09-30,SX5E,0.02532520289024384
2033-09-30,000688.SH,-0.03602043603152806
2033-09-30,SOX,-0.12452036092094654
2033-09-30,NDX,0.03180851631036746
2033-09-30,XAU,-0.05286183123257
2033-09-30,COPPER,-0.00030850778159088616
2033-09-30,WTI,0.16228584497417428
2033-09-30,BTC,-0.0
2033-09-30,ETH,-0.0
2033-09-30,US10Y,0.0042552294511705585
2033-09-30,CN10Y,-0.0
2033-10-03,000300.SH,-0.0
2033-10-03,SPX,-0.028052162124149245
2033-10-03,HSI,-0.0
2033-10-03,N225,0.012952566837454538
2033-10-03,SX5E,0.046857854002942276
2033-10-03,000688.SH,0.008837393077508627
2033-10-03,SOX,-0.1485789347163677
2033-10-03,NDX,0.03639227083569818
2033-10-03,XAU,-0.04839526870191518
2033-10-03,COPPER,-0.002000668383191159
2033-10-03,WTI,0.1393197915289578
2033-10-03,BTC,-0.0
2033-10-03,ETH,-0.0
2033-10-03,US10Y,-0.017332842356939715
2033-10-03,CN10Y,-0.0
2033-10-04,000300.SH,-0.0
2033-10-04,SPX,-0.028212474630290533
2033-10-04,HSI,-0.0
2033-10-04,N225,0.015513472816681922
2033-10-04,SX5E,0.022265985509544596
2033-10-04,000688.SH,0.009620454538641174
2033-10-04,SOX,-0.15769583719418823
2033-10-04,NDX,0.0883349772360314
2033-10-04,XAU,-0.06285631915648343
2033-10-04,COPPER,-0.0034144340992953194
2033-10-04,WTI,0.13012863557104398
2033-10-04,BTC,-0.0
2033-10-04,ETH,-0.0
2033-10-04,US10Y,-0.013684460591690931
2033-10-04,CN10Y,-0.0
2033-10-05,000300.SH,-0.0
2033-10-05,SPX,-0.029009116014798227
2033-10-05,HSI,-0.0
2033-10-05,N225,0.01685050016377424
2033-10-05,SX5E,-0.019840270966148307
2033-10-05,000688.SH,0.04852457985612514
2033-10-05,SOX,-0.15788201595020035
2033-10-05,NDX,0.1188292966513751
2033-10-05,XAU,-0.057471931490408815
2033-10-05,COPPER,0.015443461838197791
2033-10-05,WTI,0.09197412521627316
2033-10-05,BTC,-0.0
2033-10-05,ETH,-0.0
2033-10-05,US10Y,-0.027418629304194343
2033-10-05,CN10Y,-0.0
2033-10-06,000300.SH,-0.0
2033-10-06,SPX,-0.004298464743174496
2033-10-06,HSI,-0.0
2033-10-06,N225,0.004359472693039129
2033-10-06,SX5E,-0.03722900832536951
2033-10-06,000688.SH,0.08251673645630853
2033-10-06,SOX,-0.17783521747191008
2033-10-06,NDX,0.07414762938127152
2033-10-06,XAU,-0.032504381796614426
2033-10-06,COPPER,0.013221679565764944
2033-10-06,WTI,0.10902754526061625
2033-10-06,BTC,-0.0
2033-10-06,ETH,-0.0
2033-10-06,US10Y,-0.03140599101993556
2033-10-06,CN10Y,-0.0
2033-10-07,000300.SH,-0.0
2033-10-07,SPX,-0.032277628723062016
2033-10-07,HSI,-0.0
2033-10-07,N225,-0.0012120584655593587
2033-10-07,SX5E,-0.04706669790110031
2033-10-07,000688.SH,0.08586245922061464
2033-10-07,SOX,-0.19404320984804357
2033-10-07,NDX,0.10252155618302908
2033-10-07,XAU,-0.02181994320704872
2033-10-07,COPPER,0.007258971564435552
2033-10-07,WTI,0.10326428618566669
2033-10-07,BTC,-0.0
2033-10-07,ETH,-0.0
2033-10-07,US10Y,-0.002487735008936818
2033-10-07,CN10Y,-0.0
2033-10-10,000300.SH,-0.0
2033-10-10,SPX,-0.006617192447191569
2033-10-10,HSI,-0.0
2033-10-10,N225,-0.014829437432354178
2033-10-10,SX5E,-0.05530327604695968
2033-10-10,000688.SH,0.08465430218568105
2033-10-10,SOX,-0.22404980043309333
2033-10-10,NDX,0.11402313661844424
2033-10-10,XAU,-0.013461050700439969
2033-10-10,COPPER,-0.003816182363392772
2033-10-10,WTI,0.1242167706306902
2033-10-10,BTC,-0.0
2033-10-10,ETH,-0.0
2033-10-10,US10Y,-0.00481727001138781
2033-10-10,CN10Y,-0.0
2033-10-11,000300.SH,-0.0
2033-10-11,SPX,-0.03668540648232256
2033-10-11,HSI,-0.0
2033-10-11,N225,-0.07717470705376504
2033-10-11,SX5E,-0.06796129636221362
2033-10-11,000688.SH,0.0680299265134774
2033-10-11,SOX,-0.18163404631935628
2033-10-11,NDX,0.125098639829893
2033-10-11,XAU,0.0010326533279656205
2033-10-11,COPPER,0.03562522940783723
2033-10-11,WTI,0.1447442532997287
2033-10-11,BTC,-0.0
2033-10-11,ETH,-0.0
2033-10-11,US10Y,-0.011075246161248432
2033-10-11,CN10Y,-0.0
2033-10-12,000300.SH,-0.0
2033-10-12,SPX,-0.04495568434235948
2033-10-12,HSI,-0.0
2033-10-12,N225,-0.0801854609810463
2033-10-12,SX5E,-0.08765064408037748
2033-10-12,000688.SH,0.05030744347744825
2033-10-12,SOX,-0.15601222263397785
2033-10-12,NDX,0.14137851023099948
2033-10-12,XAU,-0.002036947872418568
2033-10-12,COPPER,0.04067676316263435
2033-10-12,WTI,0.15234811254254793
2033-10-12,BTC,-0.0
2033-10-12,ETH,-0.0
2033-10-12,US10Y,-0.013869869503453333
2033-10-12,CN10Y,-0.0
2033-10-13,000300.SH,-0.0
2033-10-13,SPX,-0.05407235202300805
2033-10-13,HSI,-0.0
2033-10-13,N225,-0.11132630413701901
2033-10-13,SX5E,-0.08553384394472696
2033-10-13,000688.SH,0.04600828272198577
2033-10-13,SOX,-0.13003462379252786
2033-10-13,NDX,0.1246640080380649
2033-10-13,XAU,0.009810967868412412
2033-10-13,COPPER,0.04054712353044382
2033-10-13,WTI,0.17169549255263372
2033-10-13,BTC,-0.0
2033-10-13,ETH,-0.0
2033-10-13,US10Y,-0.011758750814260425
2033-10-13,CN10Y,-0.0
2033-10-14,000300.SH,-0.0
2033-10-14,SPX,-0.055264615087709634
2033-10-14,HSI,-0.0
2033-10-14,N225,-0.14490951681815897
2033-10-14,SX5E,-0.06455828721474992
2033-10-14,000688.SH,0.08206144696708684
2033-10-14,SOX,-0.11087372545471781
2033-10-14,NDX,0.1174903731788759
2033-10-14,XAU,-0.004708831099093732
2033-10-14,COPPER,0.041299130282856984
2033-10-14,WTI,0.15360605294842555
2033-10-14,BTC,-0.0
2033-10-14,ETH,-0.0
2033-10-14,US10Y,-0.014142027702818468
2033-10-14,CN10Y,-0.0
2033-10-17,000300.SH,-0.0
2033-10-17,SPX,-0.0351528643955249
2033-10-17,HSI,-0.0
2033-10-17,N225,-0.16386839322450303
2033-10-17,SX5E,-0.07810364464791959
2033-10-17,000688.SH,0.09091919250514414
2033-10-17,SOX,-0.11707536539732462
2033-10-17,NDX,0.14941916626374577
2033-10-17,XAU,-0.02241952709703393
2033-10-17,COPPER,0.05040178325202212
2033-10-17,WTI,0.14915646088714693
2033-10-17,BTC,-0.0
2033-10-17,ETH,-0.0
2033-10-17,US10Y,-0.02327680814575723
2033-10-17,CN10Y,-0.0
2033-10-18,000300.SH,-0.0
2033-10-18,SPX,-0.001530238629550238
2033-10-18,HSI,-0.0
2033-10-18,N225,-0.15547474860358432
2033-10-18,SX5E,-0.06840427131408232
2033-10-18,000688.SH,0.06751163084131048
2033-10-18,SOX,-0.11226871828788593
2033-10-18,NDX,0.18554735253581384
2033-10-18,XAU,-0.027528683362471922
2033-10-18,COPPER,0.027602646525730086
2033-10-18,WTI,0.09693183351384264
2033-10-18,BTC,-0.0
2033-10-18,ETH,-0.0
2033-10-18,US10Y,-0.012386803219125908
2033-10-18,CN10Y,-0.0
2033-10-19,000300.SH,-0.0
2033-10-19,SPX,-0.024705947157001085
2033-10-19,HSI,-0.0
2033-10-19,N225,-0.14049717107860676
2033-10-19,SX5E,-0.09502115795896243
2033-10-19,000688.SH,0.10041069584399426
2033-10-19,SOX,-0.12692716659388747
2033-10-19,NDX,0.19071521436615899
2033-10-19,XAU,-0.013132382330481099
2033-10-19,COPPER,0.011540829600358331
2033-10-19,WTI,0.13435182988162275
2033-10-19,BTC,-0.0
2033-10-19,ETH,-0.0
2033-10-19,US10Y,-0.03673474457319802
2033-10-19,CN10Y,-0.0
2033-10-20,000300.SH,-0.0
2033-10-20,SPX,-0.03138610330140876
2033-10-20,HSI,-0.0
2033-10-20,N225,-0.1343901683296574
2033-10-20,SX5E,-0.11257777882232631
2033-10-20,000688.SH,0.11922197301789936
2033-10-20,SOX,-0.1158912487459812
2033-10-20,NDX,0.20659468705924355
2033-10-20,XAU,-0.008900406214575564
2033-10-20,COPPER,0.025712943663351147
2033-10-20,WTI,0.1076855632751844
2033-10-20,BTC,-0.0
2033-10-20,ETH,-0.0
2033-10-20,US10Y,-0.056069461601731346
2033-10-20,CN10Y,-0.0
2033-10-21,000300.SH,-0.0
2033-10-21,SPX,-0.04379989629879346
2033-10-21,HSI,-0.0
2033-10-21,N225,-0.14028109608480768
2033-10-21,SX5E,-0.1060124054470247
2033-10-21,000688.SH,0.1340379274333862
2033-10-21,SOX,-0.028057617722346606
2033-10-21,NDX,0.1670370715739116
2033-10-21,XAU,0.000562364179603393
2033-10-21,COPPER,0.016610168750967665
2033-10-21,WTI,0.08072890384670535
2033-10-21,BTC,-0.0
2033-10-21,ETH,-0.0
2033-10-21,US10Y,-0.08082542023160502
2033-10-21,CN10Y,-0.0
2033-10-24,000300.SH,-0.0
2033-10-24,SPX,-0.049542831499481875
2033-10-24,HSI,-0.0
2033-10-24,N225,-0.11827699591519417
2033-10-24,SX5E,-0.11127068337483913
2033-10-24,000688.SH,0.1046421649599808
2033-10-24,SOX,0.015926770073115763
2033-10-24,NDX,0.16728154223824038
2033-10-24,XAU,-0.011302431517547465
2033-10-24,COPPER,0.021836461954036927
2033-10-24,WTI,0.0756753649395732
2033-10-24,BTC,-0.0
2033-10-24,ETH,-0.0
2033-10-24,US10Y,-0.09496936185788665
2033-10-24,CN10Y,-0.0
2033-10-25,000300.SH,-0.0
2033-10-25,SPX,-0.03268537054587845
2033-10-25,HSI,-0.0
2033-10-25,N225,-0.12374122928323136
2033-10-25,SX5E,-0.10242773367275253
2033-10-25,000688.SH,0.10909355400005524
2033-10-25,SOX,0.05720240208747712
2033-10-25,NDX,0.13098400867055868
2033-10-25,XAU,-0.0338116807511522
2033-10-25,COPPER,0.022284090173767042
2033-10-25,WTI,0.08932093468187487
2033-10-25,BTC,-0.0
2033-10-25,ETH,-0.0
2033-10-25,US10Y,-0.11621897536072377
2033-10-25,CN10Y,-0.0
2033-10-26,000300.SH,-0.0
2033-10-26,SPX,-0.047144619021598125
2033-10-26,HSI,-0.0
2033-10-26,N225,-0.08637745659354575
2033-10-26,SX5E,-0.08961418665734187
2033-10-26,000688.SH,0.12238274513074295
2033-10-26,SOX,0.01736976022379228
2033-10-26,NDX,0.10614931098918064
2033-10-26,XAU,-0.04068908396465051
2033-10-26,COPPER,0.04959389646674233
2033-10-26,WTI,0.08012182250647787
2033-10-26,BTC,-0.0
2033-10-26,ETH,-0.0
2033-10-26,US10Y,-0.11179218907980351
2033-10-26,CN10Y,-0.0
2033-10-27,000300.SH,-0.0
2033-10-27,SPX,-0.024229318049899706
2033-10-27,HSI,-0.0
2033-10-27,N225,-0.06878638079569127
2033-10-27,SX5E,-0.07471700295344191
2033-10-27,000688.SH,0.12159852667079425
2033-10-27,SOX,-0.011833617768342483
2033-10-27,NDX,0.06295670037295338
2033-10-27,XAU,-0.02445170988306703
2033-10-27,COPPER,0.06187366039114607
2033-10-27,WTI,0.05825393854638683
2033-10-27,BTC,-0.0
2033-10-27,ETH,-0.0
2033-10-27,US10Y,-0.10066479653084195
2033-10-27,CN10Y,-0.0
2033-10-28,000300.SH,-0.0
2033-10-28,SPX,-0.00535528531170605
2033-10-28,HSI,-0.0
2033-10-28,N225,-0.07693929502654845
2033-10-28,SX5E,-0.0669878261534672
2033-10-28,000688.SH,0.1448204872872956
2033-10-28,SOX,0.019471093659520537
2033-10-28,NDX,0.017930864986756535
2033-10-28,XAU,-0.04283222906868441
2033-10-28,COPPER,0.06483832772229635
2033-10-28,WTI,0.04445814518088594
2033-10-28,BTC,-0.0
2033-10-28,ETH,-0.0
2033-10-28,US10Y,-0.09940428327635323
2033-10-28,CN10Y,-0.0
2033-10-31,000300.SH,-0.0
2033-10-31,SPX,0.014445357832666421
2033-10-31,HSI,-0.0
2033-10-31,N225,-0.0520100324677586
2033-10-31,SX5E,-0.08652570769327562
2033-10-31,000688.SH,0.10933196096534811
2033-10-31,SOX,0.023620723031449575
2033-10-31,NDX,0.0038319113420677044
2033-10-31,XAU,-0.03356829328365435
2033-10-31,COPPER,0.06705270846534575
2033-10-31,WTI,0.041400863316454393
2033-10-31,BTC,-0.0
2033-10-31,ETH,-0.0
2033-10-31,US10Y,-0.0875794915086486
2033-10-31,CN10Y,-0.0
2033-11-01,000300.SH,-0.0
2033-11-01,SPX,0.006043993763846647
2033-11-01,HSI,-0.0
2033-11-01,N225,-0.0782570997218113
2033-11-01,SX5E,-0.06283018495595276
2033-11-01,000688.SH,0.07726613300374098
2033-11-01,SOX,0.02730185172398933
2033-11-01,NDX,-0.04525474928045017
2033-11-01,XAU,-0.02283717653728104
2033-11-01,COPPER,0.054095483966241004
2033-11-01,WTI,0.1258522968929576
2033-11-01,BTC,-0.0
2033-11-01,ETH,-0.0
2033-11-01,US10Y,-0.08138054885528245
2033-11-01,CN10Y,-0.0
2033-11-02,000300.SH,-0.0
2033-11-02,SPX,0.000608890552072543
2033-11-02,HSI,-0.0
2033-11-02,N225,-0.07655898737768035
2033-11-02,SX5E,-0.06825707787235642
2033-11-02,000688.SH,0.08971756621766654
2033-11-02,SOX,0.05617466977419789
2033-11-02,NDX,-0.0919190650944539
2033-11-02,XAU,-0.031660281820083264
2033-11-02,COPPER,0.056648926761867516
2033-11-02,WTI,0.12190680162734197
2033-11-02,BTC,-0.0
2033-11-02,ETH,-0.0
2033-11-02,US10Y,-0.05666144276857719
2033-11-02,CN10Y,-0.0
2033-11-03,000300.SH,-0.0
2033-11-03,SPX,-0.01632686133212632
2033-11-03,HSI,-0.0
2033-11-03,N225,-0.09404980406271504
2033-11-03,SX5E,-0.07028319359770632
2033-11-03,000688.SH,0.07882267014424976
2033-11-03,SOX,0.08487785552279885
2033-11-03,NDX,-0.05683661675608417
2033-11-03,XAU,-0.030299666843622168
2033-11-03,COPPER,0.056136079922673034
2033-11-03,WTI,0.10511783407454961
2033-11-03,BTC,-0.0
2033-11-03,ETH,-0.0
2033-11-03,US10Y,-0.05715829707202393
2033-11-03,CN10Y,-0.0
2033-11-04,000300.SH,-0.0
2033-11-04,SPX,-0.00934069820739794
2033-11-04,HSI,-0.0
2033-11-04,N225,-0.09439031592978425
2033-11-04,SX5E,-0.07619854672829368
2033-11-04,000688.SH,0.10223498480970011
2033-11-04,SOX,0.09260986513598832
2033-11-04,NDX,-0.09923913115366462
2033-11-04,XAU,-0.043923154862653656
2033-11-04,COPPER,0.09503228431756183
2033-11-04,WTI,0.1005657863035032
2033-11-04,BTC,-0.0
2033-11-04,ETH,-0.0
2033-11-04,US10Y,-0.06735107368496507
2033-11-04,CN10Y,-0.0
2033-11-07,000300.SH,-0.0
2033-11-07,SPX,-0.02279040414840036
2033-11-07,HSI,-0.0
2033-11-07,N225,-0.0755349526992324
2033-11-07,SX5E,-0.06125354614512417
2033-11-07,000688.SH,0.11931830031819675
2033-11-07,SOX,0.1251353941038635
2033-11-07,NDX,-0.12065500503065085
2033-11-07,XAU,-0.03955197685466548
2033-11-07,COPPER,0.08553002261398798
2033-11-07,WTI,0.0417286162436487
2033-11-07,BTC,-0.0
2033-11-07,ETH,-0.0
2033-11-07,US10Y,-0.05192644840162992
2033-11-07,CN10Y,-0.0
2033-11-08,000300.SH,-0.0
2033-11-08,SPX,-0.002398126656061081
2033-11-08,HSI,-0.0
2033-11-08,N225,-0.07698390666217306
2033-11-08,SX5E,-0.041853643759901
2033-11-08,000688.SH,0.14849254854668467
2033-11-08,SOX,0.12818098336517716
2033-11-08,NDX,-0.12813169959297702
2033-11-08,XAU,-0.04315258946745755
2033-11-08,COPPER,0.06434726517476186
2033-11-08,WTI,-0.007484155711661562
2033-11-08,BTC,-0.0
2033-11-08,ETH,-0.0
2033-11-08,US10Y,-0.041016675236394004
2033-11-08,CN10Y,-0.0
2033-11-09,000300.SH,-0.0
2033-11-09,SPX,-0.011111654106010014
2033-11-09,HSI,-0.0
2033-11-09,N225,-0.09251744807837096
2033-11-09,SX5E,-0.048856971152517026
2033-11-09,000688.SH,0.16343671676154087
2033-11-09,SOX,0.16960875817320914
2033-11-09,NDX,-0.11310360842907508
2033-11-09,XAU,-0.0623237859302522
2033-11-09,COPPER,0.04027137484756577
2033-11-09,WTI,0.011240984753526086
2033-11-09,BTC,-0.0
2033-11-09,ETH,-0.0
2033-11-09,US10Y,-0.05664436683961543
2033-11-09,CN10Y,-0.0
2033-11-10,000300.SH,-0.0
2033-11-10,SPX,0.003906842847434043
2033-11-10,HSI,-0.0
2033-11-10,N225,-0.0541162656040009
2033-11-10,SX5E,-0.04811882205543606
2033-11-10,000688.SH,0.1374212866004422
2033-11-10,SOX,0.142919277461013
2033-11-10,NDX,-0.11522571386985522
2033-11-10,XAU,-0.06749670275182129
2033-11-10,COPPER,0.028429802654359557
2033-11-10,WTI,0.015944010579168798
2033-11-10,BTC,-0.0
2033-11-10,ETH,-0.0
2033-11-10,US10Y,-0.043663715861304665
2033-11-10,CN10Y,-0.0
2033-11-11,000300.SH,-0.0
2033-11-11,SPX,-0.018047274647061
2033-11-11,HSI,-0.0
2033-11-11,N225,-0.05772550132668591
2033-11-11,SX5E,-0.06940154194974815
2033-11-11,000688.SH,0.12958693039196753
2033-11-11,SOX,0.1290241515525414
2033-11-11,NDX,-0.08411914807956039
2033-11-11,XAU,-0.05654584748099732
2033-11-11,COPPER,0.05981917627980648
2033-11-11,WTI,0.004069969835647282
2033-11-11,BTC,-0.0
2033-11-11,ETH,-0.0
2033-11-11,US10Y,-0.036660914575908365
2033-11-11,CN10Y,-0.0
2033-11-14,000300.SH,-0.0
2033-11-14,SPX,-0.010202576361817817
2033-11-14,HSI,-0.0
2033-11-14,N225,-0.08953482329355565
2033-11-14,SX5E,-0.05571565581294783
2033-11-14,000688.SH,0.12277732197973609
2033-11-14,SOX,0.1649925481447596
2033-11-14,NDX,-0.13053258680684993
2033-11-14,XAU,-0.03379522638269197
2033-11-14,COPPER,0.05463096489885339
2033-11-14,WTI,0.013599290112764425
2033-11-14,BTC,-0.0
2033-11-14,ETH,-0.0
2033-11-14,US10Y,-0.03621925647824655
2033-11-14,CN10Y,-0.0
2033-11-15,000300.SH,-0.0
2033-11-15,SPX,-0.04676760862409246
2033-11-15,HSI,-0.0
2033-11-15,N225,-0.09402557637377593
2033-11-15,SX5E,-0.05539599721494475
2033-11-15,000688.SH,0.11419744005791958
2033-11-15,SOX,0.2024807568784513
2033-11-15,NDX,-0.13685139413644112
2033-11-15,XAU,-0.010069964795325749
2033-11-15,COPPER,0.08430516939730055
2033-11-15,WTI,-0.0031382556906917793
2033-11-15,BTC,-0.0
2033-11-15,ETH,-0.0
2033-11-15,US10Y,-0.05473456949839413
2033-11-15,CN10Y,-0.0
2033-11-16,000300.SH,-0.0
2033-11-16,SPX,-0.00926913798229425
2033-11-16,HSI,-0.0
2033-11-16,N225,-0.09089091510877781
2033-11-16,SX5E,-0.029991812519273818
2033-11-16,000688.SH,0.09280800864454396
2033-11-16,SOX,0.23863769407953112
2033-11-16,NDX,-0.15976225415977546
2033-11-16,XAU,-0.018423526568201773
2033-11-16,COPPER,0.07198908103625529
2033-11-16,WTI,-0.05145753386089915
2033-11-16,BTC,-0.0
2033-11-16,ETH,-0.0
2033-11-16,US10Y,-0.04363960356110308
2033-11-16,CN10Y,-0.0
2033-11-17,000300.SH,-0.0
2033-11-17,SPX,-0.00028102431597167715
2033-11-17,HSI,-0.0
2033-11-17,N225,-0.1113248256285278
2033-11-17,SX5E,-0.035450404882635025
2033-11-17,000688.SH,0.06942406211122769
2033-11-17,SOX,0.2730964202999111
2033-11-17,NDX,-0.1639092364541573
2033-11-17,XAU,-0.023496464410074247
2033-11-17,COPPER,0.03922957309706234
2033-11-17,WTI,-0.013533887787533352
2033-11-17,BTC,-0.0
2033-11-17,ETH,-0.0
2033-11-17,US10Y,-0.03375421202929485
2033-11-17,CN10Y,-0.0
2033-11-18,000300.SH,-0.0
2033-11-18,SPX,0.0033963424704318464
2033-11-18,HSI,-0.0
2033-11-18,N225,-0.09990682649441604
2033-11-18,SX5E,-0.03461406168175243
2033-11-18,000688.SH,0.06279909442598418
2033-11-18,SOX,0.2369196550698107
2033-11-18,NDX,-0.1504422548357235
2033-11-18,XAU,-0.02305095010291559
2033-11-18,COPPER,0.018362672291817133
2033-11-18,WTI,0.005545723697518688
2033-11-18,BTC,-0.0
2033-11-18,ETH,-0.0
2033-11-18,US10Y,-0.01900939484074519
2033-11-18,CN10Y,-0.0
2033-11-21,000300.SH,-0.0
2033-11-21,SPX,0.005107981810148984
2033-11-21,HSI,-0.0
2033-11-21,N225,-0.13227480474681094
2033-11-21,SX5E,-0.04694115787645706
2033-11-21,000688.SH,0.06832144502787113
2033-11-21,SOX,0.16518500644746842
2033-11-21,NDX,-0.10052022532484123
2033-11-21,XAU,-0.0073559936200607925
2033-11-21,COPPER,0.001114963712556716
2033-11-21,WTI,0.05474903394187794
2033-11-21,BTC,-0.0
2033-11-21,ETH,-0.0
2033-11-21,US10Y,-0.0073862493717451625
2033-11-21,CN10Y,-0.0
2033-11-22,000300.SH,-0.0
2033-11-22,SPX,-0.005010413030104129
2033-11-22,HSI,-0.0
2033-11-22,N225,-0.12789531779095853
2033-11-22,SX5E,-0.05371326069088102
2033-11-22,000688.SH,0.04447089481707927
2033-11-22,SOX,0.1465610737716752
2033-11-22,NDX,-0.07480688761421767
2033-11-22,XAU,0.013081757063749271
2033-11-22,COPPER,-0.028419686431130797
2033-11-22,WTI,0.07495647229143249
2033-11-22,BTC,-0.0
2033-11-22,ETH,-0.0
2033-11-22,US10Y,0.010775367613361644
2033-11-22,CN10Y,-0.0
2033-11-23,000300.SH,-0.0
2033-11-23,SPX,-0.015005534611687469
2033-11-23,HSI,-0.0
2033-11-23,N225,-0.13927114476650035
2033-11-23,SX5E,-0.06390653383345812
2033-11-23,000688.SH,-0.0009190459586569111
2033-11-23,SOX,0.18828783195972304
2033-11-23,NDX,-0.07138154502544655
2033-11-23,XAU,0.018256092848254756
2033-11-23,COPPER,0.0017494251757178003
2033-11-23,WTI,0.0816972592602207
2033-11-23,BTC,-0.0
2033-11-23,ETH,-0.0
2033-11-23,US10Y,0.0004931949518387651
2033-11-23,CN10Y,-0.0
2033-11-24,000300.SH,-0.0
2033-11-24,SPX,-0.027472114505594756
2033-11-24,HSI,-0.0
2033-11-24,N225,-0.14441050877798067
2033-11-24,SX5E,-0.05581157134026049
2033-11-24,000688.SH,0.0029334329503463825
2033-11-24,SOX,0.1913378529760637
2033-11-24,NDX,-0.05419385002867583
2033-11-24,XAU,0.011159672147688707
2033-11-24,COPPER,-0.017573000138343793
2033-11-24,WTI,0.09728982776110637
2033-11-24,BTC,-0.0
2033-11-24,ETH,-0.0
2033-11-24,US10Y,-0.003259741044343761
2033-11-24,CN10Y,-0.0
2033-11-25,000300.SH,-0.0
2033-11-25,SPX,-0.024184557299324796
2033-11-25,HSI,-0.0
2033-11-25,N225,-0.1415049061427015
2033-11-25,SX5E,-0.05187696231843828
2033-11-25,000688.SH,-0.0001595554767697925
2033-11-25,SOX,0.17638961034517703
2033-11-25,NDX,-0.027947143236585207
2033-11-25,XAU,0.012749922898941776
2033-11-25,COPPER,0.0052111287322944705
2033-11-25,WTI,0.04335270948028144
2033-11-25,BTC,-0.0
2033-11-25,ETH,-0.0
2033-11-25,US10Y,0.007969753017128225
2033-11-25,CN10Y,-0.0
2033-11-28,000300.SH,-0.0
2033-11-28,SPX,-0.04551357975923096
2033-11-28,HSI,-0.0
2033-11-28,N225,-0.17045389295564203
2033-11-28,SX5E,-0.038896299859844365
2033-11-28,000688.SH,0.030828838892475875
2033-11-28,SOX,0.17326158923891294
2033-11-28,NDX,-0.03177900095440531
2033-11-28,XAU,0.015118643665750824
2033-11-28,COPPER,0.01967427581917934
2033-11-28,WTI,0.01814444473770593
2033-11-28,BTC,-0.0
2033-11-28,ETH,-0.0
2033-11-28,US10Y,0.029614981175103083
2033-11-28,CN10Y,-0.0
2033-11-29,000300.SH,-0.0
2033-11-29,SPX,-0.03883091189311641
2033-11-29,HSI,-0.0
2033-11-29,N225,-0.14415822472752407
2033-11-29,SX5E,-0.04886332969467259
2033-11-29,000688.SH,0.06175835951906647
2033-11-29,SOX,0.15645439696209415
2033-11-29,NDX,-0.0035699773643035407
2033-11-29,XAU,0.009450444438106997
2033-11-29,COPPER,0.025253876779135084
2033-11-29,WTI,-0.043727954481605484
2033-11-29,BTC,-0.0
2033-11-29,ETH,-0.0
2033-11-29,US10Y,0.026233320462825296
2033-11-29,CN10Y,-0.0
2033-11-30,000300.SH,-0.0
2033-11-30,SPX,-0.04149417228561196
2033-11-30,HSI,-0.0
2033-11-30,N225,-0.15328014268312257
2033-11-30,SX5E,-0.024156359566486218
2033-11-30,000688.SH,0.03827946614472827
2033-11-30,SOX,0.13392347834480106
2033-11-30,NDX,-0.01927837659169957
2033-11-30,XAU,0.025510278522473527
2033-11-30,COPPER,0.01690285742298435
2033-11-30,WTI,-0.008918983843530438
2033-11-30,BTC,-0.0
2033-11-30,ETH,-0.0
2033-11-30,US10Y,0.03251195453547326
2033-11-30,CN10Y,-0.0
2033-12-01,000300.SH,-0.0
2033-12-01,SPX,-0.049942370974006035
2033-12-01,HSI,-0.0
2033-12-01,N225,-0.11287009198710013
2033-12-01,SX5E,-0.009598316328264897
2033-12-01,000688.SH,0.05015396983487657
2033-12-01,SOX,0.07643761883351459
2033-12-01,NDX,-0.0010667525055228447
2033-12-01,XAU,0.025787538047015113
2033-12-01,COPPER,0.002171426444249667
2033-12-01,WTI,-0.012436630513469769
2033-12-01,BTC,-0.0
2033-12-01,ETH,-0.0
2033-12-01,US10Y,0.03136360914871758
2033-12-01,CN10Y,-0.0
2033-12-02,000300.SH,-0.0
2033-12-02,SPX,-0.04185226909465361
2033-12-02,HSI,-0.0
2033-12-02,N225,-0.12642544719155172
2033-12-02,SX5E,0.009923495411864366
2033-12-02,000688.SH,-0.004584494921124435
2033-12-02,SOX,0.06060894459083436
2033-12-02,NDX,0.02560071170274848
2033-12-02,XAU,0.028268470342868966
2033-12-02,COPPER,0.0027274281575131835
2033-12-02,WTI,0.05649185542695684
2033-12-02,BTC,-0.0
2033-12-02,ETH,-0.0
2033-12-02,US10Y,-0.01075869442544904
2033-12-02,CN10Y,-0.0
2033-12-05,000300.SH,-0.0
2033-12-05,SPX,-0.02195194756409101
2033-12-05,HSI,-0.0
2033-12-05,N225,-0.14773450414115977
2033-12-05,SX5E,-0.010961118611602328
2033-12-05,000688.SH,0.01692015835802886
2033-12-05,SOX,0.046147015219223875
2033-12-05,NDX,0.04110635475697498
2033-12-05,XAU,0.013121870912161441
2033-12-05,COPPER,-0.004670258606620051
2033-12-05,WTI,0.100458626796037
2033-12-05,BTC,-0.0
2033-12-05,ETH,-0.0
2033-12-05,US10Y,-0.03243619711894397
2033-12-05,CN10Y,-0.0
2033-12-06,000300.SH,-0.0
2033-12-06,SPX,0.0031600846231034825
2033-12-06,HSI,-0.0
2033-12-06,N225,-0.10161724130792182
2033-12-06,SX5E,-0.0327805755589585
2033-12-06,000688.SH,0.010323184462157568
2033-12-06,SOX,0.017500395284106768
2033-12-06,NDX,0.012207852254286122
2033-12-06,XAU,0.023031472734221285
2033-12-06,COPPER,0.0019329856451142657
2033-12-06,WTI,0.10129435996196473
2033-12-06,BTC,-0.0
2033-12-06,ETH,-0.0
2033-12-06,US10Y,-0.03505251809806932
2033-12-06,CN10Y,-0.0
2033-12-07,000300.SH,-0.0
2033-12-07,SPX,0.006393548303142177
2033-12-07,HSI,-0.0
2033-12-07,N225,-0.06687726293956214
2033-12-07,SX5E,-0.03368332902946619
2033-12-07,000688.SH,0.005019408266147196
2033-12-07,SOX,-0.015484578428357447
2033-12-07,NDX,-0.023014499470142225
2033-12-07,XAU,0.03637120092396728
2033-12-07,COPPER,0.024808725125663386
2033-12-07,WTI,0.08639992743398789
2033-12-07,BTC,-0.0
2033-12-07,ETH,-0.0
2033-12-07,US10Y,-0.019933140185376386
2033-12-07,CN10Y,-0.0
2033-12-08,000300.SH,-0.0
2033-12-08,SPX,-0.008073728439413373
2033-12-08,HSI,-0.0
2033-12-08,N225,-0.0749083230664644
2033-12-08,SX5E,-0.03703599312368718
2033-12-08,000688.SH,0.017974759053842458
2033-12-08,SOX,0.026935753445023643
2033-12-08,NDX,-0.03990924588754808
2033-12-08,XAU,0.030752323849092333
2033-12-08,COPPER,0.05644792349964512
2033-12-08,WTI,0.07003487838959412
2033-12-08,BTC,-0.0
2033-12-08,ETH,-0.0
2033-12-08,US10Y,-0.04221834772007932
2033-12-08,CN10Y,-0.0
2033-12-09,000300.SH,-0.0
2033-12-09,SPX,0.008869762686000733
2033-12-09,HSI,-0.0
2033-12-09,N225,-0.05859115417727212
2033-12-09,SX5E,-0.021608185175834897
2033-12-09,000688.SH,0.03189485221468303
2033-12-09,SOX,0.03747082310342799
2033-12-09,NDX,-0.05728893100577141
2033-12-09,XAU,0.02294223457187964
2033-12-09,COPPER,0.03565218355535431
2033-12-09,WTI,0.05387771800271893
2033-12-09,BTC,-0.0
2033-12-09,ETH,-0.0
2033-12-09,US10Y,-0.053219303775179666
2033-12-09,CN10Y,-0.0
2033-12-12,000300.SH,-0.0
2033-12-12,SPX,-0.0020926196944810746
2033-12-12,HSI,-0.0
2033-12-12,N225,-0.023795012199672706
2033-12-12,SX5E,-0.04070337292841883
2033-12-12,000688.SH,0.051381121860066756
2033-12-12,SOX,0.026854305749050945
2033-12-12,NDX,-0.04979180317940041
2033-12-12,XAU,0.02904421109544511
2033-12-12,COPPER,0.01748945893329467
2033-12-12,WTI,0.040507514392560104
2033-12-12,BTC,-0.0
2033-12-12,ETH,-0.0
2033-12-12,US10Y,-0.0488938040284378
2033-12-12,CN10Y,-0.0
2033-12-13,000300.SH,-0.0
2033-12-13,SPX,-0.003744419962153726
2033-12-13,HSI,-0.0
2033-12-13,N225,-0.009726397127238275
2033-12-13,SX5E,-0.042821421245634324
2033-12-13,000688.SH,0.058763095974968566
2033-12-13,SOX,0.009174301649910108
2033-12-13,NDX,-0.030303200701744887
2033-12-13,XAU,0.0005247802539115609
2033-12-13,COPPER,0.016632806571016266
2033-12-13,WTI,0.0366937450257621
2033-12-13,BTC,-0.0
2033-12-13,ETH,-0.0
2033-12-13,US10Y,-0.0351932904387919
2033-12-13,CN10Y,-0.0
2033-12-14,000300.SH,-0.0
2033-12-14,SPX,-0.0064796701656031595
2033-12-14,HSI,-0.0
2033-12-14,N225,-0.003341359637513675
2033-12-14,SX5E,-0.05231911494134196
2033-12-14,000688.SH,0.04230917588114536
2033-12-14,SOX,-0.022287781821121365
2033-12-14,NDX,-0.0005831634108768632
2033-12-14,XAU,0.016375508440742585
2033-12-14,COPPER,0.038817325394495644
2033-12-14,WTI,0.029249706887113536
2033-12-14,BTC,-0.0
2033-12-14,ETH,-0.0
2033-12-14,US10Y,-0.04174062662703502
2033-12-14,CN10Y,-0.0
2033-12-15,000300.SH,-0.0
2033-12-15,SPX,-0.014149609983049403
2033-12-15,HSI,-0.0
2033-12-15,N225,0.03394346205611071
2033-12-15,SX5E,-0.0363445367194923
2033-12-15,000688.SH,0.03722717229392089
2033-12-15,SOX,-0.07626320811335154
2033-12-15,NDX,-0.010214185256999964
2033-12-15,XAU,0.020771214818306842
2033-12-15,COPPER,0.03994143248548618
2033-12-15,WTI,0.021612490666893976
2033-12-15,BTC,-0.0
2033-12-15,ETH,-0.0
2033-12-15,US10Y,-0.016524232247823383
2033-12-15,CN10Y,-0.0
2033-12-16,000300.SH,-0.0
2033-12-16,SPX,-0.008182400888711236
2033-12-16,HSI,-0.0
2033-12-16,N225,0.04100974408214133
2033-12-16,SX5E,-0.03560805179062797
2033-12-16,000688.SH,0.009680146325118658
2033-12-16,SOX,-0.08731442456147855
2033-12-16,NDX,-0.0008288082435242076
2033-12-16,XAU,0.02998860815178168
2033-12-16,COPPER,0.08294782139730797
2033-12-16,WTI,-0.002920168825252527
2033-12-16,BTC,-0.0
2033-12-16,ETH,-0.0
2033-12-16,US10Y,-0.028772465646754116
2033-12-16,CN10Y,-0.0
2033-12-19,000300.SH,-0.0
2033-12-19,SPX,0.01166350827968416
2033-12-19,HSI,-0.0
2033-12-19,N225,0.06379647038474862
2033-12-19,SX5E,-0.0005793870987504876
2033-12-19,000688.SH,0.03646082738392791
2033-12-19,SOX,-0.06942365524796816
2033-12-19,NDX,-0.015054247843352093
2033-12-19,XAU,0.017249028129685873
2033-12-19,COPPER,0.09739354170715242
2033-12-19,WTI,-0.10059519034585031
2033-12-19,BTC,-0.0
2033-12-19,ETH,-0.0
2033-12-19,US10Y,-0.04091089534927555
2033-12-19,CN10Y,-0.0
2033-12-20,000300.SH,-0.0
2033-12-20,SPX,0.019628474879919006
2033-12-20,HSI,-0.0
2033-12-20,N225,0.05871171979012177
2033-12-20,SX5E,-0.0027282572193287973
2033-12-20,000688.SH,0.04313107522083385
2033-12-20,SOX,-0.06400352901720023
2033-12-20,NDX,-0.008179659308473627
2033-12-20,XAU,0.0052232172293770855
2033-12-20,COPPER,0.11968228269893792
2033-12-20,WTI,-0.1300743289747526
2033-12-20,BTC,-0.0
2033-12-20,ETH,-0.0
2033-12-20,US10Y,-0.04139099529943112
2033-12-20,CN10Y,-0.0
2033-12-21,000300.SH,-0.0
2033-12-21,SPX,0.025155869816933574
2033-12-21,HSI,-0.0
2033-12-21,N225,0.06457993350062152
2033-12-21,SX5E,0.019194383585094434
2033-12-21,000688.SH,0.10823819489691254
2033-12-21,SOX,-0.05854133335215664
2033-12-21,NDX,-0.020461662957525717
2033-12-21,XAU,0.015363892096542289
2033-12-21,COPPER,0.06309941361086852
2033-12-21,WTI,-0.17059115434392258
2033-12-21,BTC,-0.0
2033-12-21,ETH,-0.0
2033-12-21,US10Y,-0.046037536853365875
2033-12-21,CN10Y,-0.0
2033-12-22,000300.SH,-0.0
2033-12-22,SPX,0.007374731859862035
2033-12-22,HSI,-0.0
2033-12-22,N225,0.05936297552356674
2033-12-22,SX5E,0.04212373769448853
2033-12-22,000688.SH,0.12369029436548071
2033-12-22,SOX,-0.021879872689477074
2033-12-22,NDX,-0.024036760493427588
2033-12-22,XAU,0.04305563942303979
2033-12-22,COPPER,0.05342680790802431
2033-12-22,WTI,-0.2512414533116973
2033-12-22,BTC,-0.0
2033-12-22,ETH,-0.0
2033-12-22,US10Y,-0.03187610027985835
2033-12-22,CN10Y,-0.0
2033-12-23,000300.SH,-0.0
2033-12-23,SPX,-0.002075261599759501
2033-12-23,HSI,-0.0
2033-12-23,N225,0.03860141777682381
2033-12-23,SX5E,0.02344404319562686
2033-12-23,000688.SH,0.10496797520801676
2033-12-23,SOX,0.01596957587867273
2033-12-23,NDX,0.007294686953441307
2033-12-23,XAU,0.040732134986348006
2033-12-23,COPPER,0.03539535303018392
2033-12-23,WTI,-0.20555521088478612
2033-12-23,BTC,-0.0
2033-12-23,ETH,-0.0
2033-12-23,US10Y,-0.05877471454456655
2033-12-23,CN10Y,-0.0
2033-12-26,000300.SH,-0.0
2033-12-26,SPX,0.007272602930645053
2033-12-26,HSI,-0.0
2033-12-26,N225,0.054794715951774244
2033-12-26,SX5E,0.016021717307962747
2033-12-26,000688.SH,0.10337914398018959
2033-12-26,SOX,0.021688835352372843
2033-12-26,NDX,-0.010809972661018973
2033-12-26,XAU,0.024714501560466874
2033-12-26,COPPER,0.03220543388165373
2033-12-26,WTI,-0.18427236943701794
2033-12-26,BTC,-0.0
2033-12-26,ETH,-0.0
2033-12-26,US10Y,-0.0649946088670298
2033-12-26,CN10Y,-0.0
2033-12-27,000300.SH,-0.0
2033-12-27,SPX,0.016640433139125856
2033-12-27,HSI,-0.0
2033-12-27,N225,0.06397036238428945
2033-12-27,SX5E,-0.005242498080673157
2033-12-27,000688.SH,0.04589520114667357
2033-12-27,SOX,0.040951218115665086
2033-12-27,NDX,-0.029199749209731604
2033-12-27,XAU,0.04146647330076264
2033-12-27,COPPER,0.045185953512551766
2033-12-27,WTI,-0.17381231563232782
2033-12-27,BTC,-0.0
2033-12-27,ETH,-0.0
2033-12-27,US10Y,-0.045855078676338326
2033-12-27,CN10Y,-0.0
2033-12-28,000300.SH,-0.0
2033-12-28,SPX,0.033604126393066314
2033-12-28,HSI,-0.0
2033-12-28,N225,0.06959327137265388
2033-12-28,SX5E,0.005978389345783166
2033-12-28,000688.SH,0.02499732275913148
2033-12-28,SOX,-0.004029555646398272
2033-12-28,NDX,0.044214255326357484
2033-12-28,XAU,0.024489330164896995
2033-12-28,COPPER,0.03746967528326336
2033-12-28,WTI,-0.171607526071478
2033-12-28,BTC,-0.0
2033-12-28,ETH,-0.0
2033-12-28,US10Y,-0.06470928892727931
2033-12-28,CN10Y,-0.0
2033-12-29,000300.SH,-0.0
2033-12-29,SPX,0.03714450238752629
2033-12-29,HSI,-0.0
2033-12-29,N225,0.052937951625905325
2033-12-29,SX5E,0.001522465834472071
2033-12-29,000688.SH,-0.013929623541232849
2033-12-29,SOX,0.05310185332862359
2033-12-29,NDX,0.044383997238002834
2033-12-29,XAU,0.010101945470609249
2033-12-29,COPPER,0.06782741838206914
2033-12-29,WTI,-0.1722170959597623
2033-12-29,BTC,-0.0
2033-12-29,ETH,-0.0
2033-12-29,US10Y,-0.08087341476621313
2033-12-29,CN10Y,-0.0
2033-12-30,000300.SH,-0.0
2033-12-30,SPX,0.019432487133106767
2033-12-30,HSI,-0.0
2033-12-30,N225,0.036528475428421164
2033-12-30,SX5E,-0.014672928277036857
2033-12-30,000688.SH,0.018517256288802218
2033-12-30,SOX,0.10799809460243191
2033-12-30,NDX,0.04514960507586727
2033-12-30,XAU,0.0054436489389661485
2033-12-30,COPPER,0.004251922281168878
2033-12-30,WTI,-0.17224867652899123
2033-12-30,BTC,-0.0
2033-12-30,ETH,-0.0
2033-12-30,US10Y,-0.05039988494273492
2033-12-30,CN10Y,-0.0
2034-01-02,000300.SH,-0.0
2034-01-02,SPX,-0.008062894830252505
2034-01-02,HSI,-0.0
2034-01-02,N225,0.042483902720550554
2034-01-02,SX5E,0.004449226904603856
2034-01-02,000688.SH,0.006907789010295077
2034-01-02,SOX,0.14149681833667518
2034-01-02,NDX,0.05229320164058643
2034-01-02,XAU,-0.001753841869100367
2034-01-02,COPPER,0.009758464935432715
2034-01-02,WTI,-0.21191130865972438
2034-01-02,BTC,-0.0
2034-01-02,ETH,-0.0
2034-01-02,US10Y,-0.0356613581890678
2034-01-02,CN10Y,-0.0
2034-01-03,000300.SH,-0.0
2034-01-03,SPX,-0.014411271548761052
2034-01-03,HSI,-0.0
2034-01-03,N225,0.012253453926565077
2034-01-03,SX5E,-0.0006573354306765901
2034-01-03,000688.SH,-0.013124879417742482
2034-01-03,SOX,0.17277766365087663
2034-01-03,NDX,0.06777313212903442
2034-01-03,XAU,-0.019032327802362678
2034-01-03,COPPER,0.006318092070138184
2034-01-03,WTI,-0.1752774769858828
2034-01-03,BTC,-0.0
2034-01-03,ETH,-0.0
2034-01-03,US10Y,-0.0366190505911872
2034-01-03,CN10Y,-0.0
2034-01-04,000300.SH,-0.0
2034-01-04,SPX,-0.01155158966537313
2034-01-04,HSI,-0.0
2034-01-04,N225,-0.007696124608573628
2034-01-04,SX5E,-0.0012094178472856713
2034-01-04,000688.SH,-0.019658578579121688
2034-01-04,SOX,0.1663412389469581
2034-01-04,NDX,0.07529820423517913
2034-01-04,XAU,-0.00752520789943926
2034-01-04,COPPER,-0.020842089835427367
2034-01-04,WTI,-0.1463896103004535
2034-01-04,BTC,-0.0
2034-01-04,ETH,-0.0
2034-01-04,US10Y,-0.02676682444646366
2034-01-04,CN10Y,-0.0
2034-01-05,000300.SH,-0.0
2034-01-05,SPX,-0.008049550950840815
2034-01-05,HSI,-0.0
2034-01-05,N225,-0.0011441356848492044
2034-01-05,SX5E,0.0038062648732151384
2034-01-05,000688.SH,-0.034874036657588287
2034-01-05,SOX,0.14800778026390543
2034-01-05,NDX,0.07799505152798732
2034-01-05,XAU,0.015128748861946631
2034-01-05,COPPER,-0.04933019087573042
2034-01-05,WTI,-0.13139416528499478
2034-01-05,BTC,-0.0
2034-01-05,ETH,-0.0
2034-01-05,US10Y,-0.02014576607305052
2034-01-05,CN10Y,-0.0
2034-01-06,000300.SH,-0.0
2034-01-06,SPX,-0.019089735027818723
2034-01-06,HSI,-0.0
2034-01-06,N225,-0.03016782846442826
2034-01-06,SX5E,-0.025654919331627335
2034-01-06,000688.SH,-0.04333308562521741
2034-01-06,SOX,0.14218136812213766
2034-01-06,NDX,0.0788988687998972
2034-01-06,XAU,0.013626090487305568
2034-01-06,COPPER,-0.051109581291132404
2034-01-06,WTI,-0.07268838595279414
2034-01-06,BTC,-0.0
2034-01-06,ETH,-0.0
2034-01-06,US10Y,0.007337208283678696
2034-01-06,CN10Y,-0.0
2034-01-09,000300.SH,-0.0
2034-01-09,SPX,-0.010998277406425769
2034-01-09,HSI,-0.0
2034-01-09,N225,-0.046565486868118386
2034-01-09,SX5E,-0.02489256163888893
2034-01-09,000688.SH,-0.02723819688047592
2034-01-09,SOX,0.16167898816823062
2034-01-09,NDX,0.10992017911084576
2034-01-09,XAU,-0.010377376277711927
2034-01-09,COPPER,-0.052101663661699646
2034-01-09,WTI,-0.10463140556444503
2034-01-09,BTC,-0.0
2034-01-09,ETH,-0.0
2034-01-09,US10Y,0.005205801018690334
2034-01-09,CN10Y,-0.0
2034-01-10,000300.SH,-0.0
2034-01-10,SPX,-0.0034980719502116526
2034-01-10,HSI,-0.0
2034-01-10,N225,-0.05358828688843345
2034-01-10,SX5E,-0.03075121884438992
2034-01-10,000688.SH,-0.017463232994139273
2034-01-10,SOX,0.12597987434873792
2034-01-10,NDX,0.12447592504384115
2034-01-10,XAU,0.015236689454012662
2034-01-10,COPPER,-0.05895626772385736
2034-01-10,WTI,-0.11588437442902996
2034-01-10,BTC,-0.0
2034-01-10,ETH,-0.0
2034-01-10,US10Y,0.014448963983470998
2034-01-10,CN10Y,-0.0
2034-01-11,000300.SH,-0.0
2034-01-11,SPX,-0.034054765811441096
2034-01-11,HSI,-0.0
2034-01-11,N225,-0.05231839884544246
2034-01-11,SX5E,-0.056622325124386516
2034-01-11,000688.SH,-0.023428610127111338
2034-01-11,SOX,0.15470546249265218
2034-01-11,NDX,0.09496219571940291
2034-01-11,XAU,0.002470925165011789
2034-01-11,COPPER,-0.06421623877491121
2034-01-11,WTI,-0.04265191368665986
2034-01-11,BTC,-0.0
2034-01-11,ETH,-0.0
2034-01-11,US10Y,0.021153668992886926
2034-01-11,CN10Y,-0.0
2034-01-12,000300.SH,-0.0
2034-01-12,SPX,-0.027982416324719237
2034-01-12,HSI,-0.0
2034-01-12,N225,-0.07314859186005247
2034-01-12,SX5E,-0.038319173384079655
2034-01-12,000688.SH,-0.03919133494523655
2034-01-12,SOX,0.13819443703950723
2034-01-12,NDX,0.11725402683098607
2034-01-12,XAU,0.013386335237006382
2034-01-12,COPPER,-0.08325989511211672
2034-01-12,WTI,-0.0015676223197536848
2034-01-12,BTC,-0.0
2034-01-12,ETH,-0.0
2034-01-12,US10Y,-0.00536576516153905
2034-01-12,CN10Y,-0.0
2034-01-13,000300.SH,-0.0
2034-01-13,SPX,-0.02098295547205406
2034-01-13,HSI,-0.0
2034-01-13,N225,-0.069764290050094
2034-01-13,SX5E,-0.03141176595687538
2034-01-13,000688.SH,-0.03471878986968176
2034-01-13,SOX,0.11634140826408591
2034-01-13,NDX,0.11736250806884102
2034-01-13,XAU,0.017989184340920117
2034-01-13,COPPER,-0.09165727905515472
2034-01-13,WTI,-0.039963114197829865
2034-01-13,BTC,-0.0
2034-01-13,ETH,-0.0
2034-01-13,US10Y,0.0368050939278452
2034-01-13,CN10Y,-0.0
2034-01-16,000300.SH,-0.0
2034-01-16,SPX,-0.02179023849380441
2034-01-16,HSI,-0.0
2034-01-16,N225,-0.0930977368827348
2034-01-16,SX5E,-0.0773605801960187
2034-01-16,000688.SH,-0.02683114431631696
2034-01-16,SOX,0.1294073528374952
2034-01-16,NDX,0.1110231092278352
2034-01-16,XAU,0.04210652406338129
2034-01-16,COPPER,-0.10716808597102098
2034-01-16,WTI,-0.007897948017713853
2034-01-16,BTC,-0.0
2034-01-16,ETH,-0.0
2034-01-16,US10Y,0.051608747748902506
2034-01-16,CN10Y,-0.0
2034-01-17,000300.SH,-0.0
2034-01-17,SPX,-0.026015568679498915
2034-01-17,HSI,-0.0
2034-01-17,N225,-0.09994584993088418
2034-01-17,SX5E,-0.08928185169512058
2034-01-17,000688.SH,0.004427990519304346
2034-01-17,SOX,0.13296794670663786
2034-01-17,NDX,0.10098930422845832
2034-01-17,XAU,0.051969880065694855
2034-01-17,COPPER,-0.09338308752526883
2034-01-17,WTI,-0.020562868418473577
2034-01-17,BTC,-0.0
2034-01-17,ETH,-0.0
2034-01-17,US10Y,0.03883410472915672
2034-01-17,CN10Y,-0.0
2034-01-18,000300.SH,-0.0
2034-01-18,SPX,-0.02169998960505604
2034-01-18,HSI,-0.0
2034-01-18,N225,-0.1142752197734322
2034-01-18,SX5E,-0.10234358736558845
2034-01-18,000688.SH,-0.01490662551960972
2034-01-18,SOX,0.1369992077903016
2034-01-18,NDX,0.07114375145696136
2034-01-18,XAU,0.030435296473053347
2034-01-18,COPPER,-0.10679005390064542
2034-01-18,WTI,0.06824152293894899
2034-01-18,BTC,-0.0
2034-01-18,ETH,-0.0
2034-01-18,US10Y,0.05319569750507483
2034-01-18,CN10Y,-0.0
2034-01-19,000300.SH,-0.0
2034-01-19,SPX,0.004014040472695119
2034-01-19,HSI,-0.0
2034-01-19,N225,-0.14407633723979962
2034-01-19,SX5E,-0.1268940050779662
2034-01-19,000688.SH,-0.0327741348700881
2034-01-19,SOX,0.12220804739657098
2034-01-19,NDX,0.09776897859020912
2034-01-19,XAU,-0.00204003575434219
2034-01-19,COPPER,-0.09386175855428128
2034-01-19,WTI,0.13113337559621488
2034-01-19,BTC,-0.0
2034-01-19,ETH,-0.0
2034-01-19,US10Y,0.04452182944079608
2034-01-19,CN10Y,-0.0
2034-01-20,000300.SH,-0.0
2034-01-20,SPX,-0.0001280063711001627
2034-01-20,HSI,-0.0
2034-01-20,N225,-0.12712858501018942
2034-01-20,SX5E,-0.11449034003385174
2034-01-20,000688.SH,0.008946640657350863
2034-01-20,SOX,0.08479737946345697
2034-01-20,NDX,0.06350833809572241
2034-01-20,XAU,-0.0033264348772362277
2034-01-20,COPPER,-0.09284874015074629
2034-01-20,WTI,0.11546569147953134
2034-01-20,BTC,-0.0
2034-01-20,ETH,-0.0
2034-01-20,US10Y,0.06520405674707179
2034-01-20,CN10Y,-0.0
2034-01-23,000300.SH,-0.0
2034-01-23,SPX,-0.02166240578568946
2034-01-23,HSI,-0.0
2034-01-23,N225,-0.11711235679193327
2034-01-23,SX5E,-0.0908345864376645
2034-01-23,000688.SH,-0.05583289819702576
2034-01-23,SOX,0.08046236296146914
2034-01-23,NDX,0.09866636854083936
2034-01-23,XAU,-0.01636034207608694
2034-01-23,COPPER,-0.06543312528056659
2034-01-23,WTI,0.12061345658196557
2034-01-23,BTC,-0.0
2034-01-23,ETH,-0.0
2034-01-23,US10Y,0.06749352648470613
2034-01-23,CN10Y,-0.0
2034-01-24,000300.SH,-0.0
2034-01-24,SPX,-0.04667947765121863
2034-01-24,HSI,-0.0
2034-01-24,N225,-0.13414234156120267
2034-01-24,SX5E,-0.06335001386708354
2034-01-24,000688.SH,-0.041241853662333156
2034-01-24,SOX,0.0849603726752876
2034-01-24,NDX,0.06410680728727308
2034-01-24,XAU,-0.022771172183616045
2034-01-24,COPPER,-0.04049522980824183
2034-01-24,WTI,0.14809752390628267
2034-01-24,BTC,-0.0
2034-01-24,ETH,-0.0
2034-01-24,US10Y,0.05151538486486497
2034-01-24,CN10Y,-0.0
2034-01-25,000300.SH,-0.0
2034-01-25,SPX,-0.04929232427074746
2034-01-25,HSI,-0.0
2034-01-25,N225,-0.13124653400009556
2034-01-25,SX5E,-0.04640320271352219
2034-01-25,000688.SH,-0.020859005860967048
2034-01-25,SOX,0.09077564633234234
2034-01-25,NDX,0.03362520818420585
2034-01-25,XAU,-0.008945487957601504
2034-01-25,COPPER,-0.028771870341884238
2034-01-25,WTI,0.10051424212795618
2034-01-25,BTC,-0.0
2034-01-25,ETH,-0.0
2034-01-25,US10Y,0.06060332850032342
2034-01-25,CN10Y,-0.0
2034-01-26,000300.SH,-0.0
2034-01-26,SPX,-0.04467719986761306
2034-01-26,HSI,-0.0
2034-01-26,N225,-0.12628466445015243
2034-01-26,SX5E,-0.05964400733004061
2034-01-26,000688.SH,-0.0099139330387078
2034-01-26,SOX,0.09007545496538973
2034-01-26,NDX,0.03840521439622986
2034-01-26,XAU,-0.013118329262720543
2034-01-26,COPPER,-0.07197636942401618
2034-01-26,WTI,0.10773349888829148
2034-01-26,BTC,-0.0
2034-01-26,ETH,-0.0
2034-01-26,US10Y,0.08940033512334755
2034-01-26,CN10Y,-0.0
2034-01-27,000300.SH,-0.0
2034-01-27,SPX,-0.03469627235745992
2034-01-27,HSI,-0.0
2034-01-27,N225,-0.08709796205059828
2034-01-27,SX5E,-0.04624228547729014
2034-01-27,000688.SH,0.006717010797303589
2034-01-27,SOX,0.04061372817510025
2034-01-27,NDX,0.01293369984893385
2034-01-27,XAU,-0.011250050075089519
2034-01-27,COPPER,-0.03593768238094647
2034-01-27,WTI,0.06684743127956787
2034-01-27,BTC,-0.0
2034-01-27,ETH,-0.0
2034-01-27,US10Y,0.08811238224048665
2034-01-27,CN10Y,-0.0
2034-01-30,000300.SH,-0.0
2034-01-30,SPX,-0.03592719064177586
2034-01-30,HSI,-0.0
2034-01-30,N225,-0.11460455626010657
2034-01-30,SX5E,-0.06113740016707203
2034-01-30,000688.SH,0.019817169782719322
2034-01-30,SOX,0.009146310403015483
2034-01-30,NDX,0.00836047392646406
2034-01-30,XAU,0.0041978921101044715
2034-01-30,COPPER,-0.01398391222410491
2034-01-30,WTI,0.09662687066350714
2034-01-30,BTC,-0.0
2034-01-30,ETH,-0.0
2034-01-30,US10Y,0.08750434240725846
2034-01-30,CN10Y,-0.0
2034-01-31,000300.SH,-0.0
2034-01-31,SPX,-0.035269054787334844
2034-01-31,HSI,-0.0
2034-01-31,N225,-0.11370445333460333
2034-01-31,SX5E,-0.01972710667147484
2034-01-31,000688.SH,0.001983738708582636
2034-01-31,SOX,-0.007357796935489793
2034-01-31,NDX,0.008677660868310438
2034-01-31,XAU,-0.004269274109590134
2034-01-31,COPPER,0.032584959988222514
2034-01-31,WTI,0.05693281504120761
2034-01-31,BTC,-0.0
2034-01-31,ETH,-0.0
2034-01-31,US10Y,0.0801485112321759
2034-01-31,CN10Y,-0.0
2034-02-01,000300.SH,-0.0
2034-02-01,SPX,-0.027986981681142595
2034-02-01,HSI,-0.0
2034-02-01,N225,-0.09783040362145712
2034-02-01,SX5E,-0.023195862202797658
2034-02-01,000688.SH,0.04009970057631683
2034-02-01,SOX,0.030458281929294145
2034-02-01,NDX,0.005204883677854259
2034-02-01,XAU,-0.013739430969098097
2034-02-01,COPPER,0.035871199948248084
2034-02-01,WTI,0.006239059691425672
2034-02-01,BTC,-0.0
2034-02-01,ETH,-0.0
2034-02-01,US10Y,0.04487955265136158
2034-02-01,CN10Y,-0.0
2034-02-02,000300.SH,-0.0
2034-02-02,SPX,-0.015929420084119218
2034-02-02,HSI,-0.0
2034-02-02,N225,-0.09585093532111302
2034-02-02,SX5E,-0.0056078906811734466
2034-02-02,000688.SH,0.04086642437379674
2034-02-02,SOX,0.0026200181845713426
2034-02-02,NDX,0.03155921881043096
2034-02-02,XAU,-0.02072046897668124
2034-02-02,COPPER,0.033289432515687715
2034-02-02,WTI,-0.02200376059037873
2034-02-02,BTC,-0.0
2034-02-02,ETH,-0.0
2034-02-02,US10Y,0.05177738176898081
2034-02-02,CN10Y,-0.0
2034-02-03,000300.SH,-0.0
2034-02-03,SPX,-0.015452883505500127
2034-02-03,HSI,-0.0
2034-02-03,N225,-0.059488351470888795
2034-02-03,SX5E,0.015344201612755648
2034-02-03,000688.SH,0.029306519720540325
2034-02-03,SOX,-0.030832051128461182
2034-02-03,NDX,0.01815423115230617
2034-02-03,XAU,-0.011576897300533961
2034-02-03,COPPER,0.04586308892369752
2034-02-03,WTI,-0.010179045459079918
2034-02-03,BTC,-0.0
2034-02-03,ETH,-0.0
2034-02-03,US10Y,0.01886118745516589
2034-02-03,CN10Y,-0.0
2034-02-06,000300.SH,-0.0
2034-02-06,SPX,-0.024441936585275298
2034-02-06,HSI,-0.0
2034-02-06,N225,-0.03628680444267336
2034-02-06,SX5E,0.036327046259288724
2034-02-06,000688.SH,-0.018299536195382875
2034-02-06,SOX,-0.08522433150934944
2034-02-06,NDX,-0.00128128136563298
2034-02-06,XAU,0.0038963250060964965
2034-02-06,COPPER,0.06692314754153966
2034-02-06,WTI,0.04499544287272203
2034-02-06,BTC,-0.0
2034-02-06,ETH,-0.0
2034-02-06,US10Y,0.013391928418669444
2034-02-06,CN10Y,-0.0
2034-02-07,000300.SH,-0.0
2034-02-07,SPX,-0.03291209291481927
2034-02-07,HSI,-0.0
2034-02-07,N225,-0.03282923312098468
2034-02-07,SX5E,0.033480888487443156
2034-02-07,000688.SH,0.013027133520389214
2034-02-07,SOX,-0.06575836704267753
2034-02-07,NDX,-0.025637215046719303
2034-02-07,XAU,-0.01440649988286059
2034-02-07,COPPER,0.0661363031570287
2034-02-07,WTI,0.06179037949964984
2034-02-07,BTC,-0.0
2034-02-07,ETH,-0.0
2034-02-07,US10Y,-0.0028912966564498665
2034-02-07,CN10Y,-0.0
2034-02-08,000300.SH,-0.0
2034-02-08,SPX,-0.03367849737412472
2034-02-08,HSI,-0.0
2034-02-08,N225,-0.037389379957239295
2034-02-08,SX5E,0.04097760400504403
2034-02-08,000688.SH,0.021556040118752492
2034-02-08,SOX,-0.08280296698192285
2034-02-08,NDX,-0.024211043318963413
2034-02-08,XAU,-0.01292927548387268
2034-02-08,COPPER,0.0618027771940264
2034-02-08,WTI,0.0673036421632734
2034-02-08,BTC,-0.0
2034-02-08,ETH,-0.0
2034-02-08,US10Y,-0.0006289003649755992
2034-02-08,CN10Y,-0.0
2034-02-09,000300.SH,-0.0
2034-02-09,SPX,-0.04963731644325526
2034-02-09,HSI,-0.0
2034-02-09,N225,-0.045577594941104686
2034-02-09,SX5E,0.03383165564786631
2034-02-09,000688.SH,0.07066759261012256
2034-02-09,SOX,-0.04554243180258816
2034-02-09,NDX,-0.05633872582271549
2034-02-09,XAU,-0.016046134302149573
2034-02-09,COPPER,0.08671645016350331
2034-02-09,WTI,0.009652637077916255
2034-02-09,BTC,-0.0
2034-02-09,ETH,-0.0
2034-02-09,US10Y,0.012273867812402675
2034-02-09,CN10Y,-0.0
2034-02-10,000300.SH,-0.0
2034-02-10,SPX,-0.04900391655661421
2034-02-10,HSI,-0.0
2034-02-10,N225,-0.07749047441257695
2034-02-10,SX5E,0.012064397574146405
2034-02-10,000688.SH,0.06581821587035838
2034-02-10,SOX,0.02359308663785376
2034-02-10,NDX,-0.047141871240233134
2034-02-10,XAU,-0.02249417352937699
2034-02-10,COPPER,0.03904022803237279
2034-02-10,WTI,0.07400694094475342
2034-02-10,BTC,-0.0
2034-02-10,ETH,-0.0
2034-02-10,US10Y,-0.018392433320685846
2034-02-10,CN10Y,-0.0
2034-02-13,000300.SH,-0.0
2034-02-13,SPX,-0.07998920641704611
2034-02-13,HSI,-0.0
2034-02-13,N225,-0.02376315758403475
2034-02-13,SX5E,0.04607955757344294
2034-02-13,000688.SH,0.0737537266781943
2034-02-13,SOX,-0.022414413788399108
2034-02-13,NDX,-0.050193094370498646
2034-02-13,XAU,-0.03934796079404596
2034-02-13,COPPER,0.04473450669361729
2034-02-13,WTI,0.08277236558302466
2034-02-13,BTC,-0.0
2034-02-13,ETH,-0.0
2034-02-13,US10Y,-0.03163232357425906
2034-02-13,CN10Y,-0.0
2034-02-14,000300.SH,-0.0
2034-02-14,SPX,-0.0772560565796892
2034-02-14,HSI,-0.0
2034-02-14,N225,0.0022577310123464735
2034-02-14,SX5E,0.06293171668864239
2034-02-14,000688.SH,0.015082394015256052
2034-02-14,SOX,-0.014086445442472409
2034-02-14,NDX,-0.05444189498689955
2034-02-14,XAU,-0.04821226337410031
2034-02-14,COPPER,0.041001700284410234
2034-02-14,WTI,0.08530690096122251
2034-02-14,BTC,-0.0
2034-02-14,ETH,-0.0
2034-02-14,US10Y,-0.012583782578718424
2034-02-14,CN10Y,-0.0
2034-02-15,000300.SH,-0.0
2034-02-15,SPX,-0.08010978906396557
2034-02-15,HSI,-0.0
2034-02-15,N225,0.025696239589357812
2034-02-15,SX5E,0.057839142531724425
2034-02-15,000688.SH,-0.0044168908874804005
2034-02-15,SOX,-0.03614139853884728
2034-02-15,NDX,-0.0031458324775788596
2034-02-15,XAU,-0.020674442284183484
2034-02-15,COPPER,0.07406623199081634
2034-02-15,WTI,0.01349172152897124
2034-02-15,BTC,-0.0
2034-02-15,ETH,-0.0
2034-02-15,US10Y,-0.026604982388817762
2034-02-15,CN10Y,-0.0
2034-02-16,000300.SH,-0.0
2034-02-16,SPX,-0.08597981086245086
2034-02-16,HSI,-0.0
2034-02-16,N225,0.05607597489113664
2034-02-16,SX5E,0.07354087098501867
2034-02-16,000688.SH,0.0014013143718867643
2034-02-16,SOX,-0.013439250981810355
2034-02-16,NDX,-0.018633492018068944
2034-02-16,XAU,-0.01533735173549428
2034-02-16,COPPER,0.05002006483211997
2034-02-16,WTI,-0.017449364342849962
2034-02-16,BTC,-0.0
2034-02-16,ETH,-0.0
2034-02-16,US10Y,-0.03019895513949106
2034-02-16,CN10Y,-0.0
2034-02-17,000300.SH,-0.0
2034-02-17,SPX,-0.08614902401102081
2034-02-17,HSI,-0.0
2034-02-17,N225,0.03189943989002242
2034-02-17,SX5E,0.07120730853537251
2034-02-17,000688.SH,-0.04992268971953315
2034-02-17,SOX,0.019949578357804174
2034-02-17,NDX,-0.015304199060566721
2034-02-17,XAU,0.004995052755359901
2034-02-17,COPPER,0.058331482901753454
2034-02-17,WTI,-0.0077027557414404545
2034-02-17,BTC,-0.0
2034-02-17,ETH,-0.0
2034-02-17,US10Y,-0.027304193907755292
2034-02-17,CN10Y,-0.0
2034-02-20,000300.SH,-0.0
2034-02-20,SPX,-0.09080493683243755
2034-02-20,HSI,-0.0
2034-02-20,N225,0.030871297034310175
2034-02-20,SX5E,0.0511942926152843
2034-02-20,000688.SH,0.018893403830790235
2034-02-20,SOX,0.04789692985240813
2034-02-20,NDX,-0.03033253716501838
2034-02-20,XAU,0.02477551268024373
2034-02-20,COPPER,0.024505037880212847
2034-02-20,WTI,-0.03247195592647581
2034-02-20,BTC,-0.0
2034-02-20,ETH,-0.0
2034-02-20,US10Y,-0.04452704396932543
2034-02-20,CN10Y,-0.0
2034-02-21,000300.SH,-0.0
2034-02-21,SPX,-0.08945474339204763
2034-02-21,HSI,-0.0
2034-02-21,N225,0.05834094237818295
2034-02-21,SX5E,0.043718266954971864
2034-02-21,000688.SH,0.03927974270553695
2034-02-21,SOX,0.04224941063656198
2034-02-21,NDX,-0.0011138475212635886
2034-02-21,XAU,0.02224491678514129
2034-02-21,COPPER,-0.01569784524801645
2034-02-21,WTI,-0.054015351196976744
2034-02-21,BTC,-0.0
2034-02-21,ETH,-0.0
2034-02-21,US10Y,-0.04555149210209708
2034-02-21,CN10Y,-0.0
2034-02-22,000300.SH,-0.0
2034-02-22,SPX,-0.0953384256161519
2034-02-22,HSI,-0.0
2034-02-22,N225,0.07462853889095611
2034-02-22,SX5E,0.012466149597844483
2034-02-22,000688.SH,0.04294549406117219
2034-02-22,SOX,0.10684285101221681
2034-02-22,NDX,-0.030497450386275014
2034-02-22,XAU,0.013437183760346683
2034-02-22,COPPER,-0.020273244423709556
2034-02-22,WTI,-0.04886933938530984
2034-02-22,BTC,-0.0
2034-02-22,ETH,-0.0
2034-02-22,US10Y,-0.05534175751109517
2034-02-22,CN10Y,-0.0
2034-02-23,000300.SH,-0.0
2034-02-23,SPX,-0.09374994053485931
2034-02-23,HSI,-0.0
2034-02-23,N225,0.07115632180003913
2034-02-23,SX5E,0.009800772240167614
2034-02-23,000688.SH,0.046386981106740714
2034-02-23,SOX,0.09277470756035916
2034-02-23,NDX,-0.05289978872329039
2034-02-23,XAU,0.022666769980435996
2034-02-23,COPPER,0.011732342328009425
2034-02-23,WTI,-0.047559581225714985
2034-02-23,BTC,-0.0
2034-02-23,ETH,-0.0
2034-02-23,US10Y,-0.06030858453189193
2034-02-23,CN10Y,-0.0
2034-02-24,000300.SH,-0.0
2034-02-24,SPX,-0.10225964349415201
2034-02-24,HSI,-0.0
2034-02-24,N225,0.06799615574915012
2034-02-24,SX5E,0.004700962538989087
2034-02-24,000688.SH,0.036720483815753054
2034-02-24,SOX,0.09457329931316355
2034-02-24,NDX,-0.05255400890814082
2034-02-24,XAU,0.022185886040683583
2034-02-24,COPPER,0.014344349283974716
2034-02-24,WTI,-0.02054792389862205
2034-02-24,BTC,-0.0
2034-02-24,ETH,-0.0
2034-02-24,US10Y,-0.0651595604408024
2034-02-24,CN10Y,-0.0
2034-02-27,000300.SH,-0.0
2034-02-27,SPX,-0.0802226507415944
2034-02-27,HSI,-0.0
2034-02-27,N225,0.06338099962151253
2034-02-27,SX5E,-0.014791266625144562
2034-02-27,000688.SH,0.0015442362130087088
2034-02-27,SOX,0.09073937364177015
2034-02-27,NDX,-0.035134626072202677
2034-02-27,XAU,0.026931713957676896
2034-02-27,COPPER,0.006843342492077345
2034-02-27,WTI,-0.003647707916915358
2034-02-27,BTC,-0.0
2034-02-27,ETH,-0.0
2034-02-27,US10Y,-0.05564341457019312
2034-02-27,CN10Y,-0.0
2034-02-28,000300.SH,-0.0
2034-02-28,SPX,-0.09694809795324356
2034-02-28,HSI,-0.0
2034-02-28,N225,0.026056245179167548
2034-02-28,SX5E,-0.05120511193810544
2034-02-28,000688.SH,0.01917314548681133
2034-02-28,SOX,0.09881162267233584
2034-02-28,NDX,-0.026554950789147547
2034-02-28,XAU,0.05134493915589539
2034-02-28,COPPER,-0.013553448882236079
2034-02-28,WTI,0.04362318790247228
2034-02-28,BTC,-0.0
2034-02-28,ETH,-0.0
2034-02-28,US10Y,-0.05074753083395459
2034-02-28,CN10Y,-0.0
2034-03-01,000300.SH,-0.0
2034-03-01,SPX,-0.10924634283477197
2034-03-01,HSI,-0.0
2034-03-01,N225,0.05379967503075407
2034-03-01,SX5E,-0.05223336294603953
2034-03-01,000688.SH,-0.012226698995951345
2034-03-01,SOX,0.06250356263881823
2034-03-01,NDX,-0.023893192835631374
2034-03-01,XAU,0.04961633770851454
2034-03-01,COPPER,-0.020198322509249078
2034-03-01,WTI,0.0765916099398174
2034-03-01,BTC,-0.0
2034-03-01,ETH,-0.0
2034-03-01,US10Y,-0.024713265196265204
2034-03-01,CN10Y,-0.0
2034-03-02,000300.SH,-0.0
2034-03-02,SPX,-0.1352218600768976
2034-03-02,HSI,-0.0
2034-03-02,N225,0.056967522392759776
2034-03-02,SX5E,-0.06399705700418097
2034-03-02,000688.SH,-0.0015997709645189434
2034-03-02,SOX,0.13892527832178192
2034-03-02,NDX,-0.041691694988671375
2034-03-02,XAU,0.03356500193418244
2034-03-02,COPPER,-0.0036504644546893955
2034-03-02,WTI,0.055133757021864356
2034-03-02,BTC,-0.0
2034-03-02,ETH,-0.0
2034-03-02,US10Y,-0.03843071218163468
2034-03-02,CN10Y,-0.0
2034-03-03,000300.SH,-0.0
2034-03-03,SPX,-0.12912122380776903
2034-03-03,HSI,-0.0
2034-03-03,N225,0.05198988083882355
2034-03-03,SX5E,-0.06756353715456144
2034-03-03,000688.SH,-0.007910653854276705
2034-03-03,SOX,0.17982587939490607
2034-03-03,NDX,-0.04047856618782559
2034-03-03,XAU,0.02757678059516989
2034-03-03,COPPER,-0.028327941290924266
2034-03-03,WTI,0.04647783440869132
2034-03-03,BTC,-0.0
2034-03-03,ETH,-0.0
2034-03-03,US10Y,-0.03246845294223899
2034-03-03,CN10Y,-0.0
2034-03-06,000300.SH,-0.0
2034-03-06,SPX,-0.10861129184195432
2034-03-06,HSI,-0.0
2034-03-06,N225,0.05164672629696875
2034-03-06,SX5E,-0.09560314977045453
2034-03-06,000688.SH,0.007300959078265109
2034-03-06,SOX,0.20102924558009344
2034-03-06,NDX,-0.05169431550402486
2034-03-06,XAU,0.009878221766270831
2034-03-06,COPPER,-0.03341529342486228
2034-03-06,WTI,0.0373107373041954
2034-03-06,BTC,-0.0
2034-03-06,ETH,-0.0
2034-03-06,US10Y,-0.017841839484506048
2034-03-06,CN10Y,-0.0
2034-03-07,000300.SH,-0.0
2034-03-07,SPX,-0.1072860663376238
2034-03-07,HSI,-0.0
2034-03-07,N225,0.06714761925270085
2034-03-07,SX5E,-0.07349287305140018
2034-03-07,000688.SH,-0.007696770183726668
2034-03-07,SOX,0.15725756956199444
2034-03-07,NDX,-0.07620193277821366
2034-03-07,XAU,0.02077403447222117
2034-03-07,COPPER,-0.039858591185975
2034-03-07,WTI,0.08261621479895778
2034-03-07,BTC,-0.0
2034-03-07,ETH,-0.0
2034-03-07,US10Y,-0.023259204548941682
2034-03-07,CN10Y,-0.0
2034-03-08,000300.SH,-0.0
2034-03-08,SPX,-0.09035061600010287
2034-03-08,HSI,-0.0
2034-03-08,N225,0.05439354623033703
2034-03-08,SX5E,-0.06306491936412913
2034-03-08,000688.SH,0.008601077764857244
2034-03-08,SOX,0.17307764895397232
2034-03-08,NDX,-0.054713658221328565
2034-03-08,XAU,0.013840980068709641
2034-03-08,COPPER,-0.04190500784006555
2034-03-08,WTI,0.020848039182534653
2034-03-08,BTC,-0.0
2034-03-08,ETH,-0.0
2034-03-08,US10Y,-0.020727090774790027
2034-03-08,CN10Y,-0.0
2034-03-09,000300.SH,-0.0
2034-03-09,SPX,-0.07913748397556912
2034-03-09,HSI,-0.0
2034-03-09,N225,0.07369736657329798
2034-03-09,SX5E,-0.08283501005908854
2034-03-09,000688.SH,-0.03972002961842904
2034-03-09,SOX,0.17529219696184198
2034-03-09,NDX,-0.046978321172023885
2034-03-09,XAU,0.014420639612318922
2034-03-09,COPPER,-0.06156421836758624
2034-03-09,WTI,0.07405231316436205
2034-03-09,BTC,-0.0
2034-03-09,ETH,-0.0
2034-03-09,US10Y,-0.02722745311912994
2034-03-09,CN10Y,-0.0
2034-03-10,000300.SH,-0.0
2034-03-10,SPX,-0.08517154814822561
2034-03-10,HSI,-0.0
2034-03-10,N225,0.10474418212670503
2034-03-10,SX5E,-0.06837766119232994
2034-03-10,000688.SH,-0.04960825826910348
2034-03-10,SOX,0.15191378567203356
2034-03-10,NDX,-0.06274507406831376
2034-03-10,XAU,0.017409203472408825
2034-03-10,COPPER,-0.012572078618932558
2034-03-10,WTI,0.028618899818716032
2034-03-10,BTC,-0.0
2034-03-10,ETH,-0.0
2034-03-10,US10Y,-0.024211450792964412
2034-03-10,CN10Y,-0.0
2034-03-13,000300.SH,-0.0
2034-03-13,SPX,-0.03171436758333538
2034-03-13,HSI,-0.0
2034-03-13,N225,0.08586535977396638
2034-03-13,SX5E,-0.07228340320701764
2034-03-13,000688.SH,-0.05852314504223059
2034-03-13,SOX,0.18308485950709127
2034-03-13,NDX,-0.06950373119375072
2034-03-13,XAU,0.005413080109489547
2034-03-13,COPPER,-0.03180164928221562
2034-03-13,WTI,0.012489466573180792
2034-03-13,BTC,-0.0
2034-03-13,ETH,-0.0
2034-03-13,US10Y,-0.023026469655184484
2034-03-13,CN10Y,-0.0
2034-03-14,000300.SH,-0.0
2034-03-14,SPX,-0.03378144104298504
2034-03-14,HSI,-0.0
2034-03-14,N225,0.06008040065281945
2034-03-14,SX5E,-0.061913102512870924
2034-03-14,000688.SH,-0.0730979076770377
2034-03-14,SOX,0.16913043033807346
2034-03-14,NDX,-0.05739050628264672
2034-03-14,XAU,2.8806646086195972e-05
2034-03-14,COPPER,-0.024758962969650005
2034-03-14,WTI,0.04670752625561732
2034-03-14,BTC,-0.0
2034-03-14,ETH,-0.0
2034-03-14,US10Y,-0.025005243407413735
2034-03-14,CN10Y,-0.0
2034-03-15,000300.SH,-0.0
2034-03-15,SPX,-0.06339181138627262
2034-03-15,HSI,-0.0
2034-03-15,N225,0.07049015872870013
2034-03-15,SX5E,-0.06208158857118282
2034-03-15,000688.SH,-0.04252504537557957
2034-03-15,SOX,0.12413979243395709
2034-03-15,NDX,-0.07703043339591922
2034-03-15,XAU,0.010368288340414294
2034-03-15,COPPER,-0.02636474830961599
2034-03-15,WTI,0.09919545115163714
2034-03-15,BTC,-0.0
2034-03-15,ETH,-0.0
2034-03-15,US10Y,-0.032800063616147096
2034-03-15,CN10Y,-0.0
2034-03-16,000300.SH,-0.0
2034-03-16,SPX,-0.05140241563397958
2034-03-16,HSI,-0.0
2034-03-16,N225,0.061259626891921
2034-03-16,SX5E,-0.05732148468762062
2034-03-16,000688.SH,-0.02764410848116416
2034-03-16,SOX,0.0899954682949368
2034-03-16,NDX,-0.088844972378682
2034-03-16,XAU,-0.0054232142433153566
2034-03-16,COPPER,-0.002862037380077137
2034-03-16,WTI,0.10967284678548898
2034-03-16,BTC,-0.0
2034-03-16,ETH,-0.0
2034-03-16,US10Y,-0.027429709167516834
2034-03-16,CN10Y,-0.0
2034-03-17,000300.SH,-0.0
2034-03-17,SPX,-0.04254801838023169
2034-03-17,HSI,-0.0
2034-03-17,N225,0.08210991483671935
2034-03-17,SX5E,-0.0596915189353742
2034-03-17,000688.SH,-0.0046940630072046345
2034-03-17,SOX,0.051809132597659846
2034-03-17,NDX,-0.09010130518358389
2034-03-17,XAU,-0.01788457570771199
2034-03-17,COPPER,-0.02242231830898877
2034-03-17,WTI,0.1224783334406181
2034-03-17,BTC,-0.0
2034-03-17,ETH,-0.0
2034-03-17,US10Y,-0.019055581351909313
2034-03-17,CN10Y,-0.0
2034-03-20,000300.SH,-0.0
2034-03-20,SPX,-0.0199153028845156
2034-03-20,HSI,-0.0
2034-03-20,N225,0.09773296344711371
2034-03-20,SX5E,-0.04727102329831497
2034-03-20,000688.SH,-0.006465705078681966
2034-03-20,SOX,-0.014542076252490887
2034-03-20,NDX,-0.04442458792963903
2034-03-20,XAU,-0.0330965268034854
2034-03-20,COPPER,-0.027443559798939594
2034-03-20,WTI,0.10556612310027419
2034-03-20,BTC,-0.0
2034-03-20,ETH,-0.0
2034-03-20,US10Y,-0.010140304501323968
2034-03-20,CN10Y,-0.0
2034-03-21,000300.SH,-0.0
2034-03-21,SPX,-0.015267862792070026
2034-03-21,HSI,-0.0
2034-03-21,N225,0.06353251605338334
2034-03-21,SX5E,-0.03979512764874481
2034-03-21,000688.SH,0.010061709772862585
2034-03-21,SOX,-0.04589466236094784
2034-03-21,NDX,-0.04247553458890985
2034-03-21,XAU,-0.024222139340506356
2034-03-21,COPPER,-0.011958935860045003
2034-03-21,WTI,0.11681388683904229
2034-03-21,BTC,-0.0
2034-03-21,ETH,-0.0
2034-03-21,US10Y,-0.010793850074068953
2034-03-21,CN10Y,-0.0
2034-03-22,000300.SH,-0.0
2034-03-22,SPX,-0.018076047652085994
2034-03-22,HSI,-0.0
2034-03-22,N225,0.03653232617230389
2034-03-22,SX5E,-0.04835584215913381
2034-03-22,000688.SH,-0.018767584917852458
2034-03-22,SOX,-0.07337398351501564
2034-03-22,NDX,-0.020356871912161366
2034-03-22,XAU,-0.015799017121338958
2034-03-22,COPPER,0.022023823121254463
2034-03-22,WTI,0.13878110555541945
2034-03-22,BTC,-0.0
2034-03-22,ETH,-0.0
2034-03-22,US10Y,-0.0026079075713950507
2034-03-22,CN10Y,-0.0
2034-03-23,000300.SH,-0.0
2034-03-23,SPX,-0.007618359132039761
2034-03-23,HSI,-0.0
2034-03-23,N225,0.031629976091341834
2034-03-23,SX5E,-0.01423416355698107
2034-03-23,000688.SH,-0.02299420104415449
2034-03-23,SOX,-0.03971979085122268
2034-03-23,NDX,-0.011857430805060923
2034-03-23,XAU,-0.05981174871785523
2034-03-23,COPPER,0.007276761750269697
2034-03-23,WTI,0.14578359710100283
2034-03-23,BTC,-0.0
2034-03-23,ETH,-0.0
2034-03-23,US10Y,-0.028454640835305994
2034-03-23,CN10Y,-0.0
2034-03-24,000300.SH,-0.0
2034-03-24,SPX,-0.016380352032091507
2034-03-24,HSI,-0.0
2034-03-24,N225,0.02879064808383667
2034-03-24,SX5E,-0.021246114353690747
2034-03-24,000688.SH,-0.018951015017808975
2034-03-24,SOX,-0.05533533892376645
2034-03-24,NDX,0.03813050782854784
2034-03-24,XAU,-0.04221856820360663
2034-03-24,COPPER,-0.007131527022147453
2034-03-24,WTI,0.11573780548207177
2034-03-24,BTC,-0.0
2034-03-24,ETH,-0.0
2034-03-24,US10Y,-0.021396045841349666
2034-03-24,CN10Y,-0.0
2034-03-27,000300.SH,-0.0
2034-03-27,SPX,-0.021022702687019047
2034-03-27,HSI,-0.0
2034-03-27,N225,0.05199542350889808
2034-03-27,SX5E,-0.00532821602500512
2034-03-27,000688.SH,0.02363665630056301
2034-03-27,SOX,-0.043818613032405106
2034-03-27,NDX,-0.003174042073215883
2034-03-27,XAU,-0.06573000289016323
2034-03-27,COPPER,0.0061474364809346
2034-03-27,WTI,0.07948319064636802
2034-03-27,BTC,-0.0
2034-03-27,ETH,-0.0
2034-03-27,US10Y,-0.022189130228960022
2034-03-27,CN10Y,-0.0
2034-03-28,000300.SH,-0.0
2034-03-28,SPX,0.007874674369667725
2034-03-28,HSI,-0.0
2034-03-28,N225,0.11549702848000533
2034-03-28,SX5E,0.01639593396252531
2034-03-28,000688.SH,0.020888372770790517
2034-03-28,SOX,-0.02481565476830883
2034-03-28,NDX,0.00322331687076117
2034-03-28,XAU,-0.08289442567808737
2034-03-28,COPPER,-0.04157527925176653
2034-03-28,WTI,0.022611969730934087
2034-03-28,BTC,-0.0
2034-03-28,ETH,-0.0
2034-03-28,US10Y,-0.03720593648652233
2034-03-28,CN10Y,-0.0
2034-03-29,000300.SH,-0.0
2034-03-29,SPX,0.019772982465779115
2034-03-29,HSI,-0.0
2034-03-29,N225,0.08898398774884078
2034-03-29,SX5E,0.059613423550275976
2034-03-29,000688.SH,0.016337173377736082
2034-03-29,SOX,-0.07094786125690906
2034-03-29,NDX,-0.011182110039426752
2034-03-29,XAU,-0.08136252586894184
2034-03-29,COPPER,-0.016633322938106092
2034-03-29,WTI,0.02859767239989188
2034-03-29,BTC,-0.0
2034-03-29,ETH,-0.0
2034-03-29,US10Y,-0.0331794194391391
2034-03-29,CN10Y,-0.0
2034-03-30,000300.SH,-0.0
2034-03-30,SPX,0.020406292835969675
2034-03-30,HSI,-0.0
2034-03-30,N225,0.06048074160790447
2034-03-30,SX5E,0.07309897618713505
2034-03-30,000688.SH,0.026032910992931382
2034-03-30,SOX,-0.12956969112275366
2034-03-30,NDX,-0.0002897777167465889
2034-03-30,XAU,-0.053507579847849575
2034-03-30,COPPER,-0.031876452961184285
2034-03-30,WTI,0.06654860384547082
2034-03-30,BTC,-0.0
2034-03-30,ETH,-0.0
2034-03-30,US10Y,-0.03132402382087563
2034-03-30,CN10Y,-0.0
2034-03-31,000300.SH,-0.0
2034-03-31,SPX,0.021921984742844583
2034-03-31,HSI,-0.0
2034-03-31,N225,0.05984205202461538
2034-03-31,SX5E,0.06379035794038763
2034-03-31,000688.SH,0.047311391052384785
2034-03-31,SOX,-0.13526707710374636
2034-03-31,NDX,-0.01494547103494334
2034-03-31,XAU,-0.03747454120268007
2034-03-31,COPPER,-0.008784794725297331
2034-03-31,WTI,0.00892314055462776
2034-03-31,BTC,-0.0
2034-03-31,ETH,-0.0
2034-03-31,US10Y,-0.0053170422481937235
2034-03-31,CN10Y,-0.0
2034-04-03,000300.SH,-0.0
2034-04-03,SPX,0.010306161536272455
2034-04-03,HSI,-0.0
2034-04-03,N225,0.05187036591740224
2034-04-03,SX5E,0.08867286286310017
2034-04-03,000688.SH,0.0882363249460143
2034-04-03,SOX,-0.16669157051557432
2034-04-03,NDX,-0.021479100012531116
2034-04-03,XAU,-0.01665225497422286
2034-04-03,COPPER,0.006459100634697429
2034-04-03,WTI,-0.035646344906460695
2034-04-03,BTC,-0.0
2034-04-03,ETH,-0.0
2034-04-03,US10Y,-0.005075545488696115
2034-04-03,CN10Y,-0.0
2034-04-04,000300.SH,-0.0
2034-04-04,SPX,0.013156979759961824
2034-04-04,HSI,-0.0
2034-04-04,N225,0.0357032184105378
2034-04-04,SX5E,0.05526964134739526
2034-04-04,000688.SH,0.11143328638411391
2034-04-04,SOX,-0.1342401857028054
2034-04-04,NDX,-0.0008789206440020054
2034-04-04,XAU,-0.026408485989184924
2034-04-04,COPPER,-0.0076249168872150365
2034-04-04,WTI,-0.05753272538236592
2034-04-04,BTC,-0.0
2034-04-04,ETH,-0.0
2034-04-04,US10Y,0.011122108703566839
2034-04-04,CN10Y,-0.0
2034-04-05,000300.SH,-0.0
2034-04-05,SPX,0.007695792017755516
2034-04-05,HSI,-0.0
2034-04-05,N225,0.04614600097531493
2034-04-05,SX5E,0.046539178782943454
2034-04-05,000688.SH,0.05988866780820092
2034-04-05,SOX,-0.1384020877499243
2034-04-05,NDX,0.01876790705353503
2034-04-05,XAU,-0.017293152777431764
2034-04-05,COPPER,-0.01989853004638549
2034-04-05,WTI,-0.020548701485502467
2034-04-05,BTC,-0.0
2034-04-05,ETH,-0.0
2034-04-05,US10Y,0.017104925421495443
2034-04-05,CN10Y,-0.0
2034-04-06,000300.SH,-0.0
2034-04-06,SPX,-0.0019324538367123667
2034-04-06,HSI,-0.0
2034-04-06,N225,0.021531733410403014
2034-04-06,SX5E,0.06163425592813959
2034-04-06,000688.SH,0.0622043390988177
2034-04-06,SOX,-0.1650989002058709
2034-04-06,NDX,0.008372170288870478
2034-04-06,XAU,-0.004793536252935455
2034-04-06,COPPER,0.035256629040627735
2034-04-06,WTI,-0.0286156048685825
2034-04-06,BTC,-0.0
2034-04-06,ETH,-0.0
2034-04-06,US10Y,0.011441367397247052
2034-04-06,CN10Y,-0.0
2034-04-07,000300.SH,-0.0
2034-04-07,SPX,0.006970564417517312
2034-04-07,HSI,-0.0
2034-04-07,N225,0.008410019748827432
2034-04-07,SX5E,0.07922352982103933
2034-04-07,000688.SH,0.08478646594241757
2034-04-07,SOX,-0.19228342103974252
2034-04-07,NDX,0.031032832454907615
2034-04-07,XAU,-0.007608879695740419
2034-04-07,COPPER,0.004945080074173595
2034-04-07,WTI,-0.018058848230340093
2034-04-07,BTC,-0.0
2034-04-07,ETH,-0.0
2034-04-07,US10Y,0.0025826565069458803
2034-04-07,CN10Y,-0.0
2034-04-10,000300.SH,-0.0
2034-04-10,SPX,-0.03323374106484507
2034-04-10,HSI,-0.0
2034-04-10,N225,0.02643726054758455
2034-04-10,SX5E,0.09230939080503889
2034-04-10,000688.SH,0.07772116344725744
2034-04-10,SOX,-0.16316921366752232
2034-04-10,NDX,0.026181177972660258
2034-04-10,XAU,-0.009246229848725075
2034-04-10,COPPER,0.0013540947724330725
2034-04-10,WTI,-0.020823328759326392
2034-04-10,BTC,-0.0
2034-04-10,ETH,-0.0
2034-04-10,US10Y,0.0024694257954512577
2034-04-10,CN10Y,-0.0
2034-04-11,000300.SH,-0.0
2034-04-11,SPX,-0.033416929707981685
2034-04-11,HSI,-0.0
2034-04-11,N225,0.011333196543311625
2034-04-11,SX5E,0.08628335622150768
2034-04-11,000688.SH,0.0874459937096808
2034-04-11,SOX,-0.15018152362394493
2034-04-11,NDX,0.027944488025429978
2034-04-11,XAU,-0.008988835484013802
2034-04-11,COPPER,-0.04183162215513766
2034-04-11,WTI,0.020953089797214317
2034-04-11,BTC,-0.0
2034-04-11,ETH,-0.0
2034-04-11,US10Y,0.0004587866739389052
2034-04-11,CN10Y,-0.0
2034-04-12,000300.SH,-0.0
2034-04-12,SPX,-0.008105167669851664
2034-04-12,HSI,-0.0
2034-04-12,N225,0.006402548126433198
2034-04-12,SX5E,0.08095888322964684
2034-04-12,000688.SH,0.06760035121267127
2034-04-12,SOX,-0.08548727978472044
2034-04-12,NDX,0.0005925160377086361
2034-04-12,XAU,-0.004796083009160117
2034-04-12,COPPER,-0.024837208372150876
2034-04-12,WTI,-0.03691230685399638
2034-04-12,BTC,-0.0
2034-04-12,ETH,-0.0
2034-04-12,US10Y,0.004583747083425991
2034-04-12,CN10Y,-0.0
2034-04-13,000300.SH,-0.0
2034-04-13,SPX,-0.021477624566745783
2034-04-13,HSI,-0.0
2034-04-13,N225,0.02118755804144969
2034-04-13,SX5E,0.06463045414817653
2034-04-13,000688.SH,0.07032783511402471
2034-04-13,SOX,-0.050745892951957916
2034-04-13,NDX,-0.01050452617529025
2034-04-13,XAU,0.025031423199845488
2034-04-13,COPPER,-0.05473832978772471
2034-04-13,WTI,-0.0393147002805251
2034-04-13,BTC,-0.0
2034-04-13,ETH,-0.0
2034-04-13,US10Y,-0.00439619674124585
2034-04-13,CN10Y,-0.0
2034-04-14,000300.SH,-0.0
2034-04-14,SPX,-0.012902069678844793
2034-04-14,HSI,-0.0
2034-04-14,N225,0.01885838790882751
2034-04-14,SX5E,0.06691175697689031
2034-04-14,000688.SH,0.08541107320035374
2034-04-14,SOX,-0.038196031744492744
2034-04-14,NDX,0.017200033523911938
2034-04-14,XAU,0.03876577473013365
2034-04-14,COPPER,-0.06144095708600844
2034-04-14,WTI,-0.0975890393225908
2034-04-14,BTC,-0.0
2034-04-14,ETH,-0.0
2034-04-14,US10Y,-0.01701892850817446
2034-04-14,CN10Y,-0.0
2034-04-17,000300.SH,-0.0
2034-04-17,SPX,-0.020885134136479994
2034-04-17,HSI,-0.0
2034-04-17,N225,0.025151829290921753
2034-04-17,SX5E,0.04812025804160637
2034-04-17,000688.SH,0.10681089823268589
2034-04-17,SOX,-0.022571131946787178
2034-04-17,NDX,-0.005468348016582627
2034-04-17,XAU,0.06392762012950784
2034-04-17,COPPER,-0.04762909853209196
2034-04-17,WTI,-0.11960090419985375
2034-04-17,BTC,-0.0
2034-04-17,ETH,-0.0
2034-04-17,US10Y,-0.027855988862923068
2034-04-17,CN10Y,-0.0
2034-04-18,000300.SH,-0.0
2034-04-18,SPX,-0.03941946880907142
2034-04-18,HSI,-0.0
2034-04-18,N225,0.050654909714170346
2034-04-18,SX5E,0.055828390587501345
2034-04-18,000688.SH,0.08967991107024059
2034-04-18,SOX,0.025418589284258455
2034-04-18,NDX,-0.015939064950104734
2034-04-18,XAU,0.05248333331087946
2034-04-18,COPPER,-0.046867397843929515
2034-04-18,WTI,-0.15070943523266195
2034-04-18,BTC,-0.0
2034-04-18,ETH,-0.0
2034-04-18,US10Y,-0.02112976713127918
2034-04-18,CN10Y,-0.0
2034-04-19,000300.SH,-0.0
2034-04-19,SPX,-0.01523256628831594
2034-04-19,HSI,-0.0
2034-04-19,N225,0.03595949711603682
2034-04-19,SX5E,0.08309364986586885
2034-04-19,000688.SH,0.11817522194064638
2034-04-19,SOX,0.04328091056090471
2034-04-19,NDX,-0.05604162989960452
2034-04-19,XAU,0.07697337053340925
2034-04-19,COPPER,-0.08659402760314333
2034-04-19,WTI,-0.16741929149162976
2034-04-19,BTC,-0.0
2034-04-19,ETH,-0.0
2034-04-19,US10Y,-0.03219513473416849
2034-04-19,CN10Y,-0.0
2034-04-20,000300.SH,-0.0
2034-04-20,SPX,-0.04289235561261546
2034-04-20,HSI,-0.0
2034-04-20,N225,0.06722630758638481
2034-04-20,SX5E,0.03737089126410326
2034-04-20,000688.SH,0.13720289998420954
2034-04-20,SOX,-0.011488917914712626
2034-04-20,NDX,-0.062398755687751946
2034-04-20,XAU,0.12424317165983587
2034-04-20,COPPER,-0.07449664874187464
2034-04-20,WTI,-0.15071045382025305
2034-04-20,BTC,-0.0
2034-04-20,ETH,-0.0
2034-04-20,US10Y,-0.024056138717323254
2034-04-20,CN10Y,-0.0
2034-04-21,000300.SH,-0.0
2034-04-21,SPX,-0.029679083456844422
2034-04-21,HSI,-0.0
2034-04-21,N225,0.023634324059066007
2034-04-21,SX5E,0.061279397263237105
2034-04-21,000688.SH,0.13193846094079895
2034-04-21,SOX,0.019017801469805154
2034-04-21,NDX,-0.08243247567182442
2034-04-21,XAU,0.12449933157529475
2034-04-21,COPPER,-0.05855565013278044
2034-04-21,WTI,-0.16630649208414958
2034-04-21,BTC,-0.0
2034-04-21,ETH,-0.0
2034-04-21,US10Y,-0.023395613962601647
2034-04-21,CN10Y,-0.0
2034-04-24,000300.SH,-0.0
2034-04-24,SPX,-0.039845306668388786
2034-04-24,HSI,-0.0
2034-04-24,N225,0.03441317943351846
2034-04-24,SX5E,0.07581175540246123
2034-04-24,000688.SH,0.09588845491725144
2034-04-24,SOX,0.015349479751589106
2034-04-24,NDX,-0.058023668764115494
2034-04-24,XAU,0.14676878957162293
2034-04-24,COPPER,-0.09343596712084118
2034-04-24,WTI,-0.13833364395106035
2034-04-24,BTC,-0.0
2034-04-24,ETH,-0.0
2034-04-24,US10Y,-0.03859307257203607
2034-04-24,CN10Y,-0.0
2034-04-25,000300.SH,-0.0
2034-04-25,SPX,-0.05827171418263022
2034-04-25,HSI,-0.0
2034-04-25,N225,-0.00026954790577570116
2034-04-25,SX5E,0.07252775089147565
2034-04-25,000688.SH,0.08152724702540012
2034-04-25,SOX,-0.0017877279624968507
2034-04-25,NDX,-0.03688131559901407
2034-04-25,XAU,0.1608564973818636
2034-04-25,COPPER,-0.06237183756742855
2034-04-25,WTI,-0.1479251157421636
2034-04-25,BTC,-0.0
2034-04-25,ETH,-0.0
2034-04-25,US10Y,-0.0074042363392298974
2034-04-25,CN10Y,-0.0
2034-04-26,000300.SH,-0.0
2034-04-26,SPX,-0.05497398444241244
2034-04-26,HSI,-0.0
2034-04-26,N225,-0.002317512973294882
2034-04-26,SX5E,0.028345666852932112
2034-04-26,000688.SH,0.07931524102594038
2034-04-26,SOX,0.06817016428385243
2034-04-26,NDX,-0.013502237052174926
2034-04-26,XAU,0.13081640346986156
2034-04-26,COPPER,-0.06845256270596252
2034-04-26,WTI,-0.13521104635241668
2034-04-26,BTC,-0.0
2034-04-26,ETH,-0.0
2034-04-26,US10Y,-0.03219013210632497
2034-04-26,CN10Y,-0.0
2034-04-27,000300.SH,-0.0
2034-04-27,SPX,-0.05887433183524747
2034-04-27,HSI,-0.0
2034-04-27,N225,-0.003005279700840975
2034-04-27,SX5E,0.025452066479769355
2034-04-27,000688.SH,0.09727933051523133
2034-04-27,SOX,0.10341040095234998
2034-04-27,NDX,-0.05544184118785567
2034-04-27,XAU,0.11276273239882358
2034-04-27,COPPER,-0.08471050063306543
2034-04-27,WTI,-0.10151332692170306
2034-04-27,BTC,-0.0
2034-04-27,ETH,-0.0
2034-04-27,US10Y,-0.03535925006746071
2034-04-27,CN10Y,-0.0
2034-04-28,000300.SH,-0.0
2034-04-28,SPX,-0.04660138553116734
2034-04-28,HSI,-0.0
2034-04-28,N225,-0.027858967411885677
2034-04-28,SX5E,0.042298225399831635
2034-04-28,000688.SH,0.07778547587253787
2034-04-28,SOX,0.09369266446016326
2034-04-28,NDX,-0.03234516686183857
2034-04-28,XAU,0.07944640402764741
2034-04-28,COPPER,-0.07899913950640725
2034-04-28,WTI,-0.051543789826046876
2034-04-28,BTC,-0.0
2034-04-28,ETH,-0.0
2034-04-28,US10Y,-0.05587432062283093
2034-04-28,CN10Y,-0.0
2034-05-01,000300.SH,-0.0
2034-05-01,SPX,-0.052078023614328964
2034-05-01,HSI,-0.0
2034-05-01,N225,-0.019131681504324136
2034-05-01,SX5E,0.042061394764837334
2034-05-01,000688.SH,0.06149822563496815
2034-05-01,SOX,0.11830560052499837
2034-05-01,NDX,-0.013925134066414348
2034-05-01,XAU,0.05309388993465475
2034-05-01,COPPER,-0.10628713614645495
2034-05-01,WTI,-0.026916024230718608
2034-05-01,BTC,-0.0
2034-05-01,ETH,-0.0
2034-05-01,US10Y,-0.05662111129721382
2034-05-01,CN10Y,-0.0
2034-05-02,000300.SH,-0.0
2034-05-02,SPX,-0.024463577748457505
2034-05-02,HSI,-0.0
2034-05-02,N225,-0.03499716008447207
2034-05-02,SX5E,0.053597689737467424
2034-05-02,000688.SH,0.00908398252487689
2034-05-02,SOX,0.12757504304357403
2034-05-02,NDX,-0.05159222669017549
2034-05-02,XAU,0.040213080721185984
2034-05-02,COPPER,-0.058808548385147985
2034-05-02,WTI,0.016843085689825184
2034-05-02,BTC,-0.0
2034-05-02,ETH,-0.0
2034-05-02,US10Y,-0.07745136880867297
2034-05-02,CN10Y,-0.0
2034-05-03,000300.SH,-0.0
2034-05-03,SPX,-0.028359238945655164
2034-05-03,HSI,-0.0
2034-05-03,N225,-0.004384857953096916
2034-05-03,SX5E,0.07289111692125966
2034-05-03,000688.SH,0.048208557342410814
2034-05-03,SOX,0.08346968655515452
2034-05-03,NDX,-0.08148823385305765
2034-05-03,XAU,0.03870439350975695
2034-05-03,COPPER,-0.01175780918150103
2034-05-03,WTI,-0.04439857870944337
2034-05-03,BTC,-0.0
2034-05-03,ETH,-0.0
2034-05-03,US10Y,-0.07288503568582239
2034-05-03,CN10Y,-0.0
2034-05-04,000300.SH,-0.0
2034-05-04,SPX,-0.048578389615293247
2034-05-04,HSI,-0.0
2034-05-04,N225,0.014423922277766815
2034-05-04,SX5E,0.06104441786839049
2034-05-04,000688.SH,0.1090487581217564
2034-05-04,SOX,0.06343966975182463
2034-05-04,NDX,-0.06604414947433411
2034-05-04,XAU,0.02476845468118209
2034-05-04,COPPER,-0.06328018019627447
2034-05-04,WTI,-0.019100967363386664
2034-05-04,BTC,-0.0
2034-05-04,ETH,-0.0
2034-05-04,US10Y,-0.07572153605162979
2034-05-04,CN10Y,-0.0
2034-05-05,000300.SH,-0.0
2034-05-05,SPX,-0.06668234826304643
2034-05-05,HSI,-0.0
2034-05-05,N225,0.029014712060959666
2034-05-05,SX5E,0.03690755786866203
2034-05-05,000688.SH,0.11021065924438986
2034-05-05,SOX,0.06252659710300582
2034-05-05,NDX,-0.08697370042836156
2034-05-05,XAU,0.028132542834588103
2034-05-05,COPPER,-0.032099118270172367
2034-05-05,WTI,-0.011130517692601854
2034-05-05,BTC,-0.0
2034-05-05,ETH,-0.0
2034-05-05,US10Y,-0.06990638445742044
2034-05-05,CN10Y,-0.0
2034-05-08,000300.SH,-0.0
2034-05-08,SPX,-0.03310886559868704
2034-05-08,HSI,-0.0
2034-05-08,N225,-0.015534440989424187
2034-05-08,SX5E,0.03041581123536231
2034-05-08,000688.SH,0.10145317969307178
2034-05-08,SOX,0.023411699687716715
2034-05-08,NDX,-0.08130694028753765
2034-05-08,XAU,0.034610261154211217
2034-05-08,COPPER,-0.023820839872363126
2034-05-08,WTI,0.023884762202611397
2034-05-08,BTC,-0.0
2034-05-08,ETH,-0.0
2034-05-08,US10Y,-0.060004627224958515
2034-05-08,CN10Y,-0.0
2034-05-09,000300.SH,-0.0
2034-05-09,SPX,-0.05621699198793417
2034-05-09,HSI,-0.0
2034-05-09,N225,0.025554014575541937
2034-05-09,SX5E,-0.0027500787135023956
2034-05-09,000688.SH,0.1324073700462247
2034-05-09,SOX,0.0068978481361004025
2034-05-09,NDX,-0.06385960191020049
2034-05-09,XAU,0.046954955745930775
2034-05-09,COPPER,0.0039566466698451735
2034-05-09,WTI,-0.02749835469761792
2034-05-09,BTC,-0.0
2034-05-09,ETH,-0.0
2034-05-09,US10Y,-0.06544580786438448
2034-05-09,CN10Y,-0.0
2034-05-10,000300.SH,-0.0
2034-05-10,SPX,-0.07504438339357447
2034-05-10,HSI,-0.0
2034-05-10,N225,0.016079076891445377
2034-05-10,SX5E,-0.01083319441758808
2034-05-10,000688.SH,0.1083495405283769
2034-05-10,SOX,-0.022172302770266744
2034-05-10,NDX,-0.036761382012896415
2034-05-10,XAU,0.032552574611374924
2034-05-10,COPPER,-0.01310701633350236
2034-05-10,WTI,0.043872970261677524
2034-05-10,BTC,-0.0
2034-05-10,ETH,-0.0
2034-05-10,US10Y,-0.042935883365042185
2034-05-10,CN10Y,-0.0
2034-05-11,000300.SH,-0.0
2034-05-11,SPX,-0.08080921498226644
2034-05-11,HSI,-0.0
2034-05-11,N225,0.01149742504851382
2034-05-11,SX5E,0.008525780952629694
2034-05-11,000688.SH,0.10613232070077479
2034-05-11,SOX,-0.07777858520251024
2034-05-11,NDX,-0.026540676715451822
2034-05-11,XAU,0.03218768827107073
2034-05-11,COPPER,0.010710344718267538
2034-05-11,WTI,0.048090311605276326
2034-05-11,BTC,-0.0
2034-05-11,ETH,-0.0
2034-05-11,US10Y,-0.032015394396301786
2034-05-11,CN10Y,-0.0
2034-05-12,000300.SH,-0.0
2034-05-12,SPX,-0.08721095078020419
2034-05-12,HSI,-0.0
2034-05-12,N225,0.0024063667146564972
2034-05-12,SX5E,-0.002955644762467454
2034-05-12,000688.SH,0.12699391591117476
2034-05-12,SOX,-0.0789993137093505
2034-05-12,NDX,-0.05768950456606998
2034-05-12,XAU,0.010806307505069751
2034-05-12,COPPER,0.018682178248893455
2034-05-12,WTI,0.0960226117324432
2034-05-12,BTC,-0.0
2034-05-12,ETH,-0.0
2034-05-12,US10Y,-0.02805596629414036
2034-05-12,CN10Y,-0.0
2034-05-15,000300.SH,-0.0
2034-05-15,SPX,-0.07689122530731166
2034-05-15,HSI,-0.0
2034-05-15,N225,-0.03167326215223078
2034-05-15,SX5E,0.019319402273548586
2034-05-15,000688.SH,0.08077575296395488
2034-05-15,SOX,-0.059271760407911656
2034-05-15,NDX,-0.05971472181860217
2034-05-15,XAU,-0.013975295382143876
2034-05-15,COPPER,0.023664572024627566
2034-05-15,WTI,0.12879773099169883
2034-05-15,BTC,-0.0
2034-05-15,ETH,-0.0
2034-05-15,US10Y,-0.011031193185622234
2034-05-15,CN10Y,-0.0
2034-05-16,000300.SH,-0.0
2034-05-16,SPX,-0.0389728920324386
2034-05-16,HSI,-0.0
2034-05-16,N225,-0.025287619088964198
2034-05-16,SX5E,0.012264369534722472
2034-05-16,000688.SH,0.05686434445476145
2034-05-16,SOX,-0.09343000795986461
2034-05-16,NDX,-0.05203249906619814
2034-05-16,XAU,-0.002246761069008698
2034-05-16,COPPER,0.015289437348367888
2034-05-16,WTI,0.15823219075257638
2034-05-16,BTC,-0.0
2034-05-16,ETH,-0.0
2034-05-16,US10Y,-0.03068056287394672
2034-05-16,CN10Y,-0.0
2034-05-17,000300.SH,-0.0
2034-05-17,SPX,-0.05393013083364381
2034-05-17,HSI,-0.0
2034-05-17,N225,0.008780400184221895
2034-05-17,SX5E,0.01738359948083515
2034-05-17,000688.SH,0.05852216862051327
2034-05-17,SOX,-0.13848878000166523
2034-05-17,NDX,-0.007405586854798088
2034-05-17,XAU,-0.028032132655600967
2034-05-17,COPPER,0.008768469707362819
2034-05-17,WTI,0.16326052834103372
2034-05-17,BTC,-0.0
2034-05-17,ETH,-0.0
2034-05-17,US10Y,-0.0288585359882507
2034-05-17,CN10Y,-0.0
2034-05-18,000300.SH,-0.0
2034-05-18,SPX,-0.039385384116399476
2034-05-18,HSI,-0.0
2034-05-18,N225,-0.05088620019383925
2034-05-18,SX5E,0.04172925591530652
2034-05-18,000688.SH,0.07023879896580973
2034-05-18,SOX,-0.13257686252370532
2034-05-18,NDX,-0.01492631295518918
2034-05-18,XAU,-0.03126934022160542
2034-05-18,COPPER,0.01500462531518678
2034-05-18,WTI,0.1505953245308543
2034-05-18,BTC,-0.0
2034-05-18,ETH,-0.0
2034-05-18,US10Y,-0.008523904716412265
2034-05-18,CN10Y,-0.0
2034-05-19,000300.SH,-0.0
2034-05-19,SPX,-0.042594170527771535
2034-05-19,HSI,-0.0
2034-05-19,N225,-0.020594101023700326
2034-05-19,SX5E,0.05544151865132338
2034-05-19,000688.SH,0.06422300000999105
2034-05-19,SOX,-0.13931439052165295
2034-05-19,NDX,-0.015195285853480647
2034-05-19,XAU,-0.05708541606826264
2034-05-19,COPPER,0.0030336810052137182
2034-05-19,WTI,0.17628157805256547
2034-05-19,BTC,-0.0
2034-05-19,ETH,-0.0
2034-05-19,US10Y,-0.024196413724220184
2034-05-19,CN10Y,-0.0
2034-05-22,000300.SH,-0.0
2034-05-22,SPX,-0.056843947115459675
2034-05-22,HSI,-0.0
2034-05-22,N225,0.005152723896480665
2034-05-22,SX5E,0.018520630034212227
2034-05-22,000688.SH,0.0754029769415703
2034-05-22,SOX,-0.1212246844529706
2034-05-22,NDX,-0.026851694767909204
2034-05-22,XAU,-0.0832827191828977
2034-05-22,COPPER,0.003612737529586265
2034-05-22,WTI,0.20161885696714155
2034-05-22,BTC,-0.0
2034-05-22,ETH,-0.0
2034-05-22,US10Y,-0.016104879849748413
2034-05-22,CN10Y,-0.0
2034-05-23,000300.SH,-0.0
2034-05-23,SPX,-0.045841161614535775
2034-05-23,HSI,-0.0
2034-05-23,N225,0.01043356498775795
2034-05-23,SX5E,0.023000687944878154
2034-05-23,000688.SH,0.08357642194794832
2034-05-23,SOX,-0.14749253443046564
2034-05-23,NDX,-0.04208225610332933
2034-05-23,XAU,-0.083434794515753
2034-05-23,COPPER,-0.02490768464343176
2034-05-23,WTI,0.23378850534823892
2034-05-23,BTC,-0.0
2034-05-23,ETH,-0.0
2034-05-23,US10Y,-0.007040748921301299
2034-05-23,CN10Y,-0.0
2034-05-24,000300.SH,-0.0
2034-05-24,SPX,-0.048416773296985044
2034-05-24,HSI,-0.0
2034-05-24,N225,0.04109875578451598
2034-05-24,SX5E,0.03129422216340608
2034-05-24,000688.SH,0.06817991891922226
2034-05-24,SOX,-0.19679659320596973
2034-05-24,NDX,-0.029182085121058753
2034-05-24,XAU,-0.04650744556498141
2034-05-24,COPPER,-0.04407982326563955
2034-05-24,WTI,0.22128350959783952
2034-05-24,BTC,-0.0
2034-05-24,ETH,-0.0
2034-05-24,US10Y,0.0031263139896559058
2034-05-24,CN10Y,-0.0
2034-05-25,000300.SH,-0.0
2034-05-25,SPX,-0.006011897931881043
2034-05-25,HSI,-0.0
2034-05-25,N225,0.04121268800974245
2034-05-25,SX5E,0.021071705249217417
2034-05-25,000688.SH,0.04280461517603189
2034-05-25,SOX,-0.21247045289468897
2034-05-25,NDX,0.009476671398894767
2034-05-25,XAU,-0.056695824198820466
2034-05-25,COPPER,-0.028015314487163392
2034-05-25,WTI,0.1798865069921767
2034-05-25,BTC,-0.0
2034-05-25,ETH,-0.0
2034-05-25,US10Y,0.00874130268649406
2034-05-25,CN10Y,-0.0
2034-05-26,000300.SH,-0.0
2034-05-26,SPX,-0.013808974072628735
2034-05-26,HSI,-0.0
2034-05-26,N225,0.052984470454453245
2034-05-26,SX5E,0.017031218384662483
2034-05-26,000688.SH,0.0051715598504119
2034-05-26,SOX,-0.19370454193862593
2034-05-26,NDX,0.052580385171427615
2034-05-26,XAU,-0.017297680296997176
2034-05-26,COPPER,-0.054093268177182144
2034-05-26,WTI,0.14966911379195724
2034-05-26,BTC,-0.0
2034-05-26,ETH,-0.0
2034-05-26,US10Y,0.0014677168325229212
2034-05-26,CN10Y,-0.0
2034-05-29,000300.SH,-0.0
2034-05-29,SPX,-0.0020288039218832312
2034-05-29,HSI,-0.0
2034-05-29,N225,0.04723061693550658
2034-05-29,SX5E,0.01727206249561372
2034-05-29,000688.SH,-0.031439122720415304
2034-05-29,SOX,-0.14849183251064152
2034-05-29,NDX,0.014429843646785526
2034-05-29,XAU,0.0002438742515801194
2034-05-29,COPPER,-0.05645181935095483
2034-05-29,WTI,0.16142356836335453
2034-05-29,BTC,-0.0
2034-05-29,ETH,-0.0
2034-05-29,US10Y,-0.002188387188946245
2034-05-29,CN10Y,-0.0
2034-05-30,000300.SH,-0.0
2034-05-30,SPX,-0.04365953383675049
2034-05-30,HSI,-0.0
2034-05-30,N225,0.06706984011232188
2034-05-30,SX5E,0.033772182929991915
2034-05-30,000688.SH,-0.020840931586685128
2034-05-30,SOX,-0.11301613606108468
2034-05-30,NDX,0.03175007911816173
2034-05-30,XAU,0.013963515051306968
2034-05-30,COPPER,-0.094419931117167
2034-05-30,WTI,0.09973834659142916
2034-05-30,BTC,-0.0
2034-05-30,ETH,-0.0
2034-05-30,US10Y,0.02564256879847389
2034-05-30,CN10Y,-0.0
2034-05-31,000300.SH,-0.0
2034-05-31,SPX,-0.04061440874032396
2034-05-31,HSI,-0.0
2034-05-31,N225,0.054897746052740386
2034-05-31,SX5E,0.005608229110089267
2034-05-31,000688.SH,-0.015755950322401766
2034-05-31,SOX,-0.057666485309893586
2034-05-31,NDX,0.04052057070974299
2034-05-31,XAU,0.01642971624934911
2034-05-31,COPPER,-0.10507215905525538
2034-05-31,WTI,0.09038536128970799
2034-05-31,BTC,-0.0
2034-05-31,ETH,-0.0
2034-05-31,US10Y,0.011267380016239885
2034-05-31,CN10Y,-0.0
2034-06-01,000300.SH,-0.0
2034-06-01,SPX,-0.022698505718389078
2034-06-01,HSI,-0.0
2034-06-01,N225,0.05531775126200263
2034-06-01,SX5E,0.00703001962044066
2034-06-01,000688.SH,-0.0535120514381803
2034-06-01,SOX,-0.00212799998516041
2034-06-01,NDX,0.04249427183470103
2034-06-01,XAU,0.003843969956171844
2034-06-01,COPPER,-0.10306775854633488
2034-06-01,WTI,0.06439275275760155
2034-06-01,BTC,-0.0
2034-06-01,ETH,-0.0
2034-06-01,US10Y,0.008327550257144593
2034-06-01,CN10Y,-0.0
2034-06-02,000300.SH,-0.0
2034-06-02,SPX,-0.02419831721361957
2034-06-02,HSI,-0.0
2034-06-02,N225,0.033025378998412735
2034-06-02,SX5E,-0.010867643006782165
2034-06-02,000688.SH,-0.07861882556263486
2034-06-02,SOX,0.025110483906245873
2034-06-02,NDX,0.0495058037317483
2034-06-02,XAU,-0.0057765270437468
2034-06-02,COPPER,-0.11321510415738714
2034-06-02,WTI,0.09914607965966696
2034-06-02,BTC,-0.0
2034-06-02,ETH,-0.0
2034-06-02,US10Y,0.025888670688090858
2034-06-02,CN10Y,-0.0
2034-06-05,000300.SH,-0.0
2034-06-05,SPX,-0.02817464614677955
2034-06-05,HSI,-0.0
2034-06-05,N225,0.04092702308264507
2034-06-05,SX5E,0.002181377868440415
2034-06-05,000688.SH,-0.08095111492865265
2034-06-05,SOX,0.00662390488424526
2034-06-05,NDX,0.05076151926276454
2034-06-05,XAU,-0.015368043545898453
2034-06-05,COPPER,-0.09246845562072452
2034-06-05,WTI,0.09192034277329467
2034-06-05,BTC,-0.0
2034-06-05,ETH,-0.0
2034-06-05,US10Y,0.024548092370658133
2034-06-05,CN10Y,-0.0
2034-06-06,000300.SH,-0.0
2034-06-06,SPX,-0.009058622999569934
2034-06-06,HSI,-0.0
2034-06-06,N225,0.026287827929751102
2034-06-06,SX5E,0.02964760866011295
2034-06-06,000688.SH,-0.0809477842759683
2034-06-06,SOX,0.000625260800019246
2034-06-06,NDX,-0.0015315148762590144
2034-06-06,XAU,-0.013873292449865985
2034-06-06,COPPER,-0.09707223751977231
2034-06-06,WTI,0.12388927776372424
2034-06-06,BTC,-0.0
2034-06-06,ETH,-0.0
2034-06-06,US10Y,0.022033476967820216
2034-06-06,CN10Y,-0.0
2034-06-07,000300.SH,-0.0
2034-06-07,SPX,0.0051297933332968
2034-06-07,HSI,-0.0
2034-06-07,N225,0.008049544098790216
2034-06-07,SX5E,0.04516217663136904
2034-06-07,000688.SH,-0.05326146439405666
2034-06-07,SOX,0.05491365253438799
2034-06-07,NDX,0.013630836751123102
2034-06-07,XAU,-0.025767637231798896
2034-06-07,COPPER,-0.11026382620860677
2034-06-07,WTI,0.049922710235992054
2034-06-07,BTC,-0.0
2034-06-07,ETH,-0.0
2034-06-07,US10Y,0.012484214249494578
2034-06-07,CN10Y,-0.0
2034-06-08,000300.SH,-0.0
2034-06-08,SPX,0.01499333861199589
2034-06-08,HSI,-0.0
2034-06-08,N225,0.006464834676234932
2034-06-08,SX5E,0.04182916257646731
2034-06-08,000688.SH,-0.08325874592760495
2034-06-08,SOX,0.07512701212482713
2034-06-08,NDX,0.0474983168739159
2034-06-08,XAU,-0.04669364493971054
2034-06-08,COPPER,-0.09709627831925187
2034-06-08,WTI,0.037286122772758334
2034-06-08,BTC,-0.0
2034-06-08,ETH,-0.0
2034-06-08,US10Y,0.003849881550358769
2034-06-08,CN10Y,-0.0
2034-06-09,000300.SH,-0.0
2034-06-09,SPX,0.03883280308342524
2034-06-09,HSI,-0.0
2034-06-09,N225,0.018409353850440655
2034-06-09,SX5E,0.03364703547372859
2034-06-09,000688.SH,-0.0878731702821958
2034-06-09,SOX,0.07757000662298481
2034-06-09,NDX,0.05115809844248242
2034-06-09,XAU,-0.05447956462287236
2034-06-09,COPPER,-0.10449395993441515
2034-06-09,WTI,0.021572304142727712
2034-06-09,BTC,-0.0
2034-06-09,ETH,-0.0
2034-06-09,US10Y,0.005657093223681542
2034-06-09,CN10Y,-0.0
2034-06-12,000300.SH,-0.0
2034-06-12,SPX,0.017809424389557404
2034-06-12,HSI,-0.0
2034-06-12,N225,0.050682765897673523
2034-06-12,SX5E,0.049550742473525186
2034-06-12,000688.SH,-0.059694038672558625
2034-06-12,SOX,0.07600482493131955
2034-06-12,NDX,0.040406623882382996
2034-06-12,XAU,-0.04700394168812327
2034-06-12,COPPER,-0.13949084456579772
2034-06-12,WTI,0.011810786181128144
2034-06-12,BTC,-0.0
2034-06-12,ETH,-0.0
2034-06-12,US10Y,-7.63428291197946e-05
2034-06-12,CN10Y,-0.0
2034-06-13,000300.SH,-0.0
2034-06-13,SPX,-0.02747384380430705
2034-06-13,HSI,-0.0
2034-06-13,N225,0.0291545566671124
2034-06-13,SX5E,0.059004867937851216
2034-06-13,000688.SH,-0.04718594209332447
2034-06-13,SOX,0.046851147554248615
2034-06-13,NDX,0.06043679800979473
2034-06-13,XAU,-0.06417934087424726
2034-06-13,COPPER,-0.11769311763763567
2034-06-13,WTI,0.041362877176009935
2034-06-13,BTC,-0.0
2034-06-13,ETH,-0.0
2034-06-13,US10Y,0.01972199706448548
2034-06-13,CN10Y,-0.0
2034-06-14,000300.SH,-0.0
2034-06-14,SPX,-0.030043043896030203
2034-06-14,HSI,-0.0
2034-06-14,N225,0.06158113321715751
2034-06-14,SX5E,0.04052895918982133
2034-06-14,000688.SH,-0.06555442299209327
2034-06-14,SOX,0.07963664641452803
2034-06-14,NDX,0.04359075823365743
2034-06-14,XAU,-0.07799842168068073
2034-06-14,COPPER,-0.12812597706672751
2034-06-14,WTI,0.0551231379275605
2034-06-14,BTC,-0.0
2034-06-14,ETH,-0.0
2034-06-14,US10Y,0.021261230652792694
2034-06-14,CN10Y,-0.0
2034-06-15,000300.SH,-0.0
2034-06-15,SPX,-0.033076742952153036
2034-06-15,HSI,-0.0
2034-06-15,N225,0.12053085870761708
2034-06-15,SX5E,0.03340600369370313
2034-06-15,000688.SH,-0.08846998399014741
2034-06-15,SOX,0.11995253213652728
2034-06-15,NDX,0.037230217174316946
2034-06-15,XAU,-0.0814753670350955
2034-06-15,COPPER,-0.12034942441533068
2034-06-15,WTI,0.009433052903137923
2034-06-15,BTC,-0.0
2034-06-15,ETH,-0.0
2034-06-15,US10Y,0.002818853777411234
2034-06-15,CN10Y,-0.0
2034-06-16,000300.SH,-0.0
2034-06-16,SPX,-0.03982989148876401
2034-06-16,HSI,-0.0
2034-06-16,N225,0.13750443893276293
2034-06-16,SX5E,-0.0008612155877804652
2034-06-16,000688.SH,-0.07260847620650374
2034-06-16,SOX,0.14870642702680684
2034-06-16,NDX,0.030642480674601073
2034-06-16,XAU,-0.07774217412051702
2034-06-16,COPPER,-0.10780179405272067
2034-06-16,WTI,-0.03745630655416146
2034-06-16,BTC,-0.0
2034-06-16,ETH,-0.0
2034-06-16,US10Y,0.019446511376264818
2034-06-16,CN10Y,-0.0
2034-06-19,000300.SH,-0.0
2034-06-19,SPX,-0.028965999619108937
2034-06-19,HSI,-0.0
2034-06-19,N225,0.0838655739269496
2034-06-19,SX5E,0.037472975102206305
2034-06-19,000688.SH,-0.04819166085536226
2034-06-19,SOX,0.16269727255637795
2034-06-19,NDX,0.048096416000477274
2034-06-19,XAU,-0.05603272859050227
2034-06-19,COPPER,-0.08363454757569279
2034-06-19,WTI,-0.10650089152449668
2034-06-19,BTC,-0.0
2034-06-19,ETH,-0.0
2034-06-19,US10Y,-0.00880640942086056
2034-06-19,CN10Y,-0.0
2034-06-20,000300.SH,-0.0
2034-06-20,SPX,-0.026772089506710436
2034-06-20,HSI,-0.0
2034-06-20,N225,0.10299447600093078
2034-06-20,SX5E,0.015289628940871214
2034-06-20,000688.SH,-0.06546018887345667
2034-06-20,SOX,0.21750608341257044
2034-06-20,NDX,0.014305328291440586
2034-06-20,XAU,-0.049965969548615936
2034-06-20,COPPER,-0.038683412770923624
2034-06-20,WTI,-0.13403707429023987
2034-06-20,BTC,-0.0
2034-06-20,ETH,-0.0
2034-06-20,US10Y,-0.03517678165587898
2034-06-20,CN10Y,-0.0
2034-06-21,000300.SH,-0.0
2034-06-21,SPX,-0.01415752602562507
2034-06-21,HSI,-0.0
2034-06-21,N225,0.08082039901113466
2034-06-21,SX5E,0.009812014025158026
2034-06-21,000688.SH,-0.06222990882909693
2034-06-21,SOX,0.2712828782823097
2034-06-21,NDX,-0.01847001706286313
2034-06-21,XAU,-0.07344356799930073
2034-06-21,COPPER,-0.02298197993660168
2034-06-21,WTI,-0.14545491826023738
2034-06-21,BTC,-0.0
2034-06-21,ETH,-0.0
2034-06-21,US10Y,-0.025177373204888828
2034-06-21,CN10Y,-0.0
2034-06-22,000300.SH,-0.0
2034-06-22,SPX,-0.03981056489359519
2034-06-22,HSI,-0.0
2034-06-22,N225,0.10516139740134187
2034-06-22,SX5E,-0.003270135844210509
2034-06-22,000688.SH,-0.06545808930483983
2034-06-22,SOX,0.2821486373042299
2034-06-22,NDX,-0.030606254219530848
2034-06-22,XAU,-0.06250691821593636
2034-06-22,COPPER,-0.003250190566767319
2034-06-22,WTI,-0.15672205414598195
2034-06-22,BTC,-0.0
2034-06-22,ETH,-0.0
2034-06-22,US10Y,-0.025685827514721784
2034-06-22,CN10Y,-0.0
2034-06-23,000300.SH,-0.0
2034-06-23,SPX,-0.0387136105574831
2034-06-23,HSI,-0.0
2034-06-23,N225,0.08598550888019364
2034-06-23,SX5E,-0.008184285604221372
2034-06-23,000688.SH,0.04011134188915093
2034-06-23,SOX,0.2454503710354201
2034-06-23,NDX,-0.07776805710331236
2034-06-23,XAU,-0.0804840828240646
2034-06-23,COPPER,-0.009082268329104953
2034-06-23,WTI,-0.13841929600930644
2034-06-23,BTC,-0.0
2034-06-23,ETH,-0.0
2034-06-23,US10Y,-0.01889562137728195
2034-06-23,CN10Y,-0.0
2034-06-26,000300.SH,-0.0
2034-06-26,SPX,-0.042491303212036445
2034-06-26,HSI,-0.0
2034-06-26,N225,0.12877397575162547
2034-06-26,SX5E,-0.014817551017404552
2034-06-26,000688.SH,0.046717342665583514
2034-06-26,SOX,0.20447787501448603
2034-06-26,NDX,-0.043606281968284706
2034-06-26,XAU,-0.10103058226514243
2034-06-26,COPPER,-0.02543881973811653
2034-06-26,WTI,-0.14345779183962543
2034-06-26,BTC,-0.0
2034-06-26,ETH,-0.0
2034-06-26,US10Y,-0.009126863391093684
2034-06-26,CN10Y,-0.0
2034-06-27,000300.SH,-0.0
2034-06-27,SPX,-0.02435115204344645
2034-06-27,HSI,-0.0
2034-06-27,N225,0.11880514174404
2034-06-27,SX5E,-0.05283686177673689
2034-06-27,000688.SH,0.053484516936056034
2034-06-27,SOX,0.1905267405956838
2034-06-27,NDX,-0.02785089499151595
2034-06-27,XAU,-0.08673010137292604
2034-06-27,COPPER,-0.018311075279578974
2034-06-27,WTI,-0.1333281827744245
2034-06-27,BTC,-0.0
2034-06-27,ETH,-0.0
2034-06-27,US10Y,-0.019408131037156738
2034-06-27,CN10Y,-0.0
2034-06-28,000300.SH,-0.0
2034-06-28,SPX,-0.013689794872856823
2034-06-28,HSI,-0.0
2034-06-28,N225,0.08574200589636635
2034-06-28,SX5E,-0.025387737560847362
2034-06-28,000688.SH,0.05844302781318233
2034-06-28,SOX,0.19192153478122626
2034-06-28,NDX,-0.04286600181439515
2034-06-28,XAU,-0.11613699367871202
2034-06-28,COPPER,-0.04811362540671056
2034-06-28,WTI,-0.08719992208671315
2034-06-28,BTC,-0.0
2034-06-28,ETH,-0.0
2034-06-28,US10Y,-0.0027124930705435674
2034-06-28,CN10Y,-0.0
2034-06-29,000300.SH,-0.0
2034-06-29,SPX,0.0008977121860841986
2034-06-29,HSI,-0.0
2034-06-29,N225,0.09151315859032794
2034-06-29,SX5E,-0.01437626549446717
2034-06-29,000688.SH,0.021496643505690534
2034-06-29,SOX,0.16966030204897553
2034-06-29,NDX,-0.0482020030734646
2034-06-29,XAU,-0.09581740917385517
2034-06-29,COPPER,-0.0588724371839195
2034-06-29,WTI,-0.05537369752032756
2034-06-29,BTC,-0.0
2034-06-29,ETH,-0.0
2034-06-29,US10Y,-0.010926003885050673
2034-06-29,CN10Y,-0.0
2034-06-30,000300.SH,-0.0
2034-06-30,SPX,-0.005830711620384118
2034-06-30,HSI,-0.0
2034-06-30,N225,0.09071954988859887
2034-06-30,SX5E,0.02928427221039838
2034-06-30,000688.SH,0.029607029738291563
2034-06-30,SOX,0.14151591306455819
2034-06-30,NDX,-0.046702303141099494
2034-06-30,XAU,-0.08791024486587816
2034-06-30,COPPER,-0.05143841397553827
2034-06-30,WTI,-0.0884510046480058
2034-06-30,BTC,-0.0
2034-06-30,ETH,-0.0
2034-06-30,US10Y,-0.010794086650945306
2034-06-30,CN10Y,-0.0
2034-07-03,000300.SH,-0.0
2034-07-03,SPX,-0.0042670003757688275
2034-07-03,HSI,-0.0
2034-07-03,N225,0.074077998117484
2034-07-03,SX5E,0.0052461360443036556
2034-07-03,000688.SH,0.043285481344159216
2034-07-03,SOX,0.15330286195213036
2034-07-03,NDX,-0.06037081059341332
2034-07-03,XAU,-0.06833050491830894
2034-07-03,COPPER,-0.054922722508076526
2034-07-03,WTI,-0.0740023795645386
2034-07-03,BTC,-0.0
2034-07-03,ETH,-0.0
2034-07-03,US10Y,-0.014019059497974233
2034-07-03,CN10Y,-0.0
2034-07-04,000300.SH,-0.0
2034-07-04,SPX,-0.012118382240955137
2034-07-04,HSI,-0.0
2034-07-04,N225,0.09707754794336829
2034-07-04,SX5E,-0.007224001819148768
2034-07-04,000688.SH,0.06180369728109867
2034-07-04,SOX,0.15293261276694148
2034-07-04,NDX,-0.015170167860824035
2034-07-04,XAU,-0.07880262171423709
2034-07-04,COPPER,-0.042314073105883254
2034-07-04,WTI,-0.14644240147820903
2034-07-04,BTC,-0.0
2034-07-04,ETH,-0.0
2034-07-04,US10Y,-0.00974220977215232
2034-07-04,CN10Y,-0.0
2034-07-05,000300.SH,-0.0
2034-07-05,SPX,0.00884884113720839
2034-07-05,HSI,-0.0
2034-07-05,N225,0.1042887814990065
2034-07-05,SX5E,-0.013434718712564075
2034-07-05,000688.SH,0.047886291678422545
2034-07-05,SOX,0.1044986130124486
2034-07-05,NDX,-0.0346347406779573
2034-07-05,XAU,-0.059506578429845115
2034-07-05,COPPER,-0.01895607231864137
2034-07-05,WTI,-0.1153602692937317
2034-07-05,BTC,-0.0
2034-07-05,ETH,-0.0
2034-07-05,US10Y,-0.023630147894349078
2034-07-05,CN10Y,-0.0
2034-07-06,000300.SH,-0.0
2034-07-06,SPX,0.03041792368247383
2034-07-06,HSI,-0.0
2034-07-06,N225,0.09422076597723168
2034-07-06,SX5E,-0.02960365651028069
2034-07-06,000688.SH,0.05696376941130641
2034-07-06,SOX,0.07874031246792806
2034-07-06,NDX,-0.059821216819903454
2034-07-06,XAU,-0.036842321438181634
2034-07-06,COPPER,-0.04137905620609322
2034-07-06,WTI,-0.07389453499390128
2034-07-06,BTC,-0.0
2034-07-06,ETH,-0.0
2034-07-06,US10Y,-0.018801985570578435
2034-07-06,CN10Y,-0.0
2034-07-07,000300.SH,-0.0
2034-07-07,SPX,0.010544058826212028
2034-07-07,HSI,-0.0
2034-07-07,N225,0.0858766082994716
2034-07-07,SX5E,-0.01069069200479769
2034-07-07,000688.SH,0.022233792389378726
2034-07-07,SOX,0.08232763549184574
2034-07-07,NDX,-0.0733382387526221
2034-07-07,XAU,-0.0035885528810539954
2034-07-07,COPPER,-0.050576506061267054
2034-07-07,WTI,-0.04711010885683212
2034-07-07,BTC,-0.0
2034-07-07,ETH,-0.0
2034-07-07,US10Y,-0.015677996450332604
2034-07-07,CN10Y,-0.0
2034-07-10,000300.SH,-0.0
2034-07-10,SPX,0.0355837167767572
2034-07-10,HSI,-0.0
2034-07-10,N225,0.057672680788252904
2034-07-10,SX5E,-0.02009980441381655
2034-07-10,000688.SH,0.021203288210442914
2034-07-10,SOX,0.059057225399464175
2034-07-10,NDX,-0.07046197910351464
2034-07-10,XAU,-0.0024857363218555146
2034-07-10,COPPER,-0.039288545621241136
2034-07-10,WTI,-0.01119721672524826
2034-07-10,BTC,-0.0
2034-07-10,ETH,-0.0
2034-07-10,US10Y,-0.029983628989241583
2034-07-10,CN10Y,-0.0
2034-07-11,000300.SH,-0.0
2034-07-11,SPX,0.074910252266189
2034-07-11,HSI,-0.0
2034-07-11,N225,0.06056035154297464
2034-07-11,SX5E,-0.0490202147021475
2034-07-11,000688.SH,0.05569335258733734
2034-07-11,SOX,0.13588777324014156
2034-07-11,NDX,-0.10864643746293937
2034-07-11,XAU,-0.013544293037193324
2034-07-11,COPPER,-0.05739234937011165
2034-07-11,WTI,-0.06469501189367981
2034-07-11,BTC,-0.0
2034-07-11,ETH,-0.0
2034-07-11,US10Y,-0.03375342317057123
2034-07-11,CN10Y,-0.0
2034-07-12,000300.SH,-0.0
2034-07-12,SPX,0.05948387001445888
2034-07-12,HSI,-0.0
2034-07-12,N225,-0.0008809775350939533
2034-07-12,SX5E,-0.038315594437318606
2034-07-12,000688.SH,0.10589001671795892
2034-07-12,SOX,0.13629655540057295
2034-07-12,NDX,-0.07997422561811375
2034-07-12,XAU,-0.0200691418968792
2034-07-12,COPPER,-0.008624291136331681
2034-07-12,WTI,-0.11628426103544598
2034-07-12,BTC,-0.0
2034-07-12,ETH,-0.0
2034-07-12,US10Y,-0.03752195047380656
2034-07-12,CN10Y,-0.0
2034-07-13,000300.SH,-0.0
2034-07-13,SPX,0.07609327320125635
2034-07-13,HSI,-0.0
2034-07-13,N225,-0.023990604094292663
2034-07-13,SX5E,-0.02232327256651575
2034-07-13,000688.SH,0.09298539939326672
2034-07-13,SOX,0.1270627716507332
2034-07-13,NDX,-0.06865541896218398
2034-07-13,XAU,-0.011547026046584596
2034-07-13,COPPER,-0.02770057607313931
2034-07-13,WTI,-0.10305210800215775
2034-07-13,BTC,-0.0
2034-07-13,ETH,-0.0
2034-07-13,US10Y,-0.038872438500380815
2034-07-13,CN10Y,-0.0
2034-07-14,000300.SH,-0.0
2034-07-14,SPX,0.08750860149455758
2034-07-14,HSI,-0.0
2034-07-14,N225,-0.037251659642500067
2034-07-14,SX5E,-0.011558046564732171
2034-07-14,000688.SH,0.07623016908461144
2034-07-14,SOX,0.09985684413918428
2034-07-14,NDX,-0.06693365135758969
2034-07-14,XAU,-0.013838798582282909
2034-07-14,COPPER,-0.02370508676898471
2034-07-14,WTI,-0.05081543898685391
2034-07-14,BTC,-0.0
2034-07-14,ETH,-0.0
2034-07-14,US10Y,-0.059492932815408635
2034-07-14,CN10Y,-0.0
2034-07-17,000300.SH,-0.0
2034-07-17,SPX,0.10691246811128237
2034-07-17,HSI,-0.0
2034-07-17,N225,-0.017647724454215325
2034-07-17,SX5E,-0.015571786782676476
2034-07-17,000688.SH,0.0452049843345391
2034-07-17,SOX,0.0771553621391254
2034-07-17,NDX,-0.09864425313522936
2034-07-17,XAU,-0.02463785221563529
2034-07-17,COPPER,-0.02134943272963786
2034-07-17,WTI,-0.021370932831155834
2034-07-17,BTC,-0.0
2034-07-17,ETH,-0.0
2034-07-17,US10Y,-0.03005083243639453
2034-07-17,CN10Y,-0.0
2034-07-18,000300.SH,-0.0
2034-07-18,SPX,0.09989677298971582
2034-07-18,HSI,-0.0
2034-07-18,N225,-0.023725064218107605
2034-07-18,SX5E,0.007418453403161213
2034-07-18,000688.SH,0.048521532956268036
2034-07-18,SOX,0.08826039317865918
2034-07-18,NDX,-0.08702033089472135
2034-07-18,XAU,-0.046277265754689635
2034-07-18,COPPER,-0.05628489819756233
2034-07-18,WTI,0.008601756556296209
2034-07-18,BTC,-0.0
2034-07-18,ETH,-0.0
2034-07-18,US10Y,-0.039391350019017925
2034-07-18,CN10Y,-0.0
2034-07-19,000300.SH,-0.0
2034-07-19,SPX,0.07719016300704556
2034-07-19,HSI,-0.0
2034-07-19,N225,-0.04025583135793945
2034-07-19,SX5E,0.021280667572400665
2034-07-19,000688.SH,0.07002377586320209
2034-07-19,SOX,0.050706295025156514
2034-07-19,NDX,-0.0703634937822869
2034-07-19,XAU,-0.02274326874245021
2034-07-19,COPPER,-0.04701030487213837
2034-07-19,WTI,0.0044663652932186194
2034-07-19,BTC,-0.0
2034-07-19,ETH,-0.0
2034-07-19,US10Y,-0.04329436800620579
2034-07-19,CN10Y,-0.0
2034-07-20,000300.SH,-0.0
2034-07-20,SPX,0.08722914405105028
2034-07-20,HSI,-0.0
2034-07-20,N225,-0.053431533731062665
2034-07-20,SX5E,0.021720460865849354
2034-07-20,000688.SH,0.06006369205345383
2034-07-20,SOX,0.05995610504568385
2034-07-20,NDX,-0.07270279491599506
2034-07-20,XAU,-0.019452941122252612
2034-07-20,COPPER,-0.08412389479450348
2034-07-20,WTI,0.03638123943338487
2034-07-20,BTC,-0.0
2034-07-20,ETH,-0.0
2034-07-20,US10Y,-0.03563947688560345
2034-07-20,CN10Y,-0.0
2034-07-21,000300.SH,-0.0
2034-07-21,SPX,0.10850180043559854
2034-07-21,HSI,-0.0
2034-07-21,N225,-0.04442975449560324
2034-07-21,SX5E,0.02069010837842481
2034-07-21,000688.SH,0.0019733558225044617
2034-07-21,SOX,0.06348501913546711
2034-07-21,NDX,-0.06361991008405934
2034-07-21,XAU,-0.022952077199460692
2034-07-21,COPPER,-0.05687531451315288
2034-07-21,WTI,0.016897883001583024
2034-07-21,BTC,-0.0
2034-07-21,ETH,-0.0
2034-07-21,US10Y,-0.023671110481297705
2034-07-21,CN10Y,-0.0
2034-07-24,000300.SH,-0.0
2034-07-24,SPX,0.11806150171162255
2034-07-24,HSI,-0.0
2034-07-24,N225,-0.10172666057642907
2034-07-24,SX5E,0.007236842084291029
2034-07-24,000688.SH,0.035868272056795956
2034-07-24,SOX,0.05438067749166116
2034-07-24,NDX,-0.04678561725717868
2034-07-24,XAU,-0.01758565265398567
2034-07-24,COPPER,-0.03743254049476606
2034-07-24,WTI,0.01969207791476987
2034-07-24,BTC,-0.0
2034-07-24,ETH,-0.0
2034-07-24,US10Y,-0.03170890027677681
2034-07-24,CN10Y,-0.0
2034-07-25,000300.SH,-0.0
2034-07-25,SPX,0.1174310016232844
2034-07-25,HSI,-0.0
2034-07-25,N225,-0.09593429665334628
2034-07-25,SX5E,0.0391888828943524
2034-07-25,000688.SH,0.07442926568816266
2034-07-25,SOX,0.0421788767656569
2034-07-25,NDX,-0.06079731907678951
2034-07-25,XAU,-0.022939050016913685
2034-07-25,COPPER,-0.04188120857538896
2034-07-25,WTI,-0.010275370716681331
2034-07-25,BTC,-0.0
2034-07-25,ETH,-0.0
2034-07-25,US10Y,-0.04140078193233346
2034-07-25,CN10Y,-0.0
2034-07-26,000300.SH,-0.0
2034-07-26,SPX,0.10831168565018892
2034-07-26,HSI,-0.0
2034-07-26,N225,-0.08749542680965113
2034-07-26,SX5E,0.026185904246406367
2034-07-26,000688.SH,0.03450053300003347
2034-07-26,SOX,0.004836809912849224
2034-07-26,NDX,-0.060960503781426964
2034-07-26,XAU,-0.0031924311884039113
2034-07-26,COPPER,-0.01728544031234846
2034-07-26,WTI,0.04758388638752691
2034-07-26,BTC,-0.0
2034-07-26,ETH,-0.0
2034-07-26,US10Y,-0.052485017105172525
2034-07-26,CN10Y,-0.0
2034-07-27,000300.SH,-0.0
2034-07-27,SPX,0.09883834211270226
2034-07-27,HSI,-0.0
2034-07-27,N225,-0.09879798173226703
2034-07-27,SX5E,0.03941507107406244
2034-07-27,000688.SH,0.05312596429763834
2034-07-27,SOX,-0.0019866585508823524
2034-07-27,NDX,-0.05695380156354314
2034-07-27,XAU,0.008028588445084757
2034-07-27,COPPER,-0.012881794757842947
2034-07-27,WTI,0.008438096297092072
2034-07-27,BTC,-0.0
2034-07-27,ETH,-0.0
2034-07-27,US10Y,-0.03722582562204154
2034-07-27,CN10Y,-0.0
2034-07-28,000300.SH,-0.0
2034-07-28,SPX,0.12500628506083195
2034-07-28,HSI,-0.0
2034-07-28,N225,-0.0826037975573455
2034-07-28,SX5E,0.021679965767708212
2034-07-28,000688.SH,0.03449435453426304
2034-07-28,SOX,0.021785397950909766
2034-07-28,NDX,-0.06595250365851935
2034-07-28,XAU,0.0011391534174045753
2034-07-28,COPPER,-0.03932092761973326
2034-07-28,WTI,0.020628816112846966
2034-07-28,BTC,-0.0
2034-07-28,ETH,-0.0
2034-07-28,US10Y,-0.03685674400836417
2034-07-28,CN10Y,-0.0
2034-07-31,000300.SH,-0.0
2034-07-31,SPX,0.12149686400219757
2034-07-31,HSI,-0.0
2034-07-31,N225,-0.0500248618785885
2034-07-31,SX5E,0.02807906706447681
2034-07-31,000688.SH,0.029385080096695375
2034-07-31,SOX,0.022907788971470604
2034-07-31,NDX,-0.058794324433524725
2034-07-31,XAU,-0.009739132142922654
2034-07-31,COPPER,-0.0633565988644666
2034-07-31,WTI,0.01265740241332643
2034-07-31,BTC,-0.0
2034-07-31,ETH,-0.0
2034-07-31,US10Y,-0.03261128522866026
2034-07-31,CN10Y,-0.0
2034-08-01,000300.SH,-0.0
2034-08-01,SPX,0.12201159291791962
2034-08-01,HSI,-0.0
2034-08-01,N225,-0.051650007066550756
2034-08-01,SX5E,0.049711009564087
2034-08-01,000688.SH,0.006324768604758599
2034-08-01,SOX,0.014734031204035419
2034-08-01,NDX,-0.09704946802907494
2034-08-01,XAU,0.013206871005936033
2034-08-01,COPPER,-0.04128600148786658
2034-08-01,WTI,0.02050895228801452
2034-08-01,BTC,-0.0
2034-08-01,ETH,-0.0
2034-08-01,US10Y,-0.03651174900125412
2034-08-01,CN10Y,-0.0
2034-08-02,000300.SH,-0.0
2034-08-02,SPX,0.09935404761838526
2034-08-02,HSI,-0.0
2034-08-02,N225,-0.032394806788621174
2034-08-02,SX5E,0.046612293026373805
2034-08-02,000688.SH,0.0011171838916083105
2034-08-02,SOX,-0.002406482323601678
2034-08-02,NDX,-0.10743166285003362
2034-08-02,XAU,0.0024535518749378526
2034-08-02,COPPER,-0.07002320871037392
2034-08-02,WTI,0.07665967856414413
2034-08-02,BTC,-0.0
2034-08-02,ETH,-0.0
2034-08-02,US10Y,-0.013940594302813695
2034-08-02,CN10Y,-0.0
2034-08-03,000300.SH,-0.0
2034-08-03,SPX,0.06792431276254977
2034-08-03,HSI,-0.0
2034-08-03,N225,-0.04702101324180995
2034-08-03,SX5E,0.053133284622395194
2034-08-03,000688.SH,0.002089587327929179
2034-08-03,SOX,0.03756779635507864
2034-08-03,NDX,-0.0877383064751317
2034-08-03,XAU,-0.014343469400475232
2034-08-03,COPPER,-0.04678820570402914
2034-08-03,WTI,0.055367489914792026
2034-08-03,BTC,-0.0
2034-08-03,ETH,-0.0
2034-08-03,US10Y,-0.020191476161295387
2034-08-03,CN10Y,-0.0
2034-08-04,000300.SH,-0.0
2034-08-04,SPX,0.048086346013098163
2034-08-04,HSI,-0.0
2034-08-04,N225,-0.02329813194853038
2034-08-04,SX5E,0.04963559492567323
2034-08-04,000688.SH,0.027124689732356565
2034-08-04,SOX,0.02158962839405503
2034-08-04,NDX,-0.07515493437289096
2034-08-04,XAU,-0.050116565423445815
2034-08-04,COPPER,0.006059773759638683
2034-08-04,WTI,0.010949134847301333
2034-08-04,BTC,-0.0
2034-08-04,ETH,-0.0
2034-08-04,US10Y,-0.014875535927253665
2034-08-04,CN10Y,-0.0
2034-08-07,000300.SH,-0.0
2034-08-07,SPX,0.05360042327917193
2034-08-07,HSI,-0.0
2034-08-07,N225,-0.025258611117646892
2034-08-07,SX5E,0.03537802122092204
2034-08-07,000688.SH,0.029451037585796643
2034-08-07,SOX,-0.004242282775749867
2034-08-07,NDX,-0.09368767644634524
2034-08-07,XAU,-0.043891943196559965
2034-08-07,COPPER,0.007853338721893914
2034-08-07,WTI,0.03846182458314866
2034-08-07,BTC,-0.0
2034-08-07,ETH,-0.0
2034-08-07,US10Y,0.0023358681453729503
2034-08-07,CN10Y,-0.0
2034-08-08,000300.SH,-0.0
2034-08-08,SPX,0.053172178371787886
2034-08-08,HSI,-0.0
2034-08-08,N225,0.006565295403929913
2034-08-08,SX5E,0.04590188365762597
2034-08-08,000688.SH,0.0055367316916306464
2034-08-08,SOX,-0.046239192101527465
2034-08-08,NDX,-0.06458313496914776
2034-08-08,XAU,-0.033680606959017395
2034-08-08,COPPER,-0.0029772671810026196
2034-08-08,WTI,0.033534449449254315
2034-08-08,BTC,-0.0
2034-08-08,ETH,-0.0
2034-08-08,US10Y,0.002769662636470384
2034-08-08,CN10Y,-0.0
2034-08-09,000300.SH,-0.0
2034-08-09,SPX,0.07477692423520099
2034-08-09,HSI,-0.0
2034-08-09,N225,0.021129182466532004
2034-08-09,SX5E,0.03792671417592168
2034-08-09,000688.SH,-0.04857239087615529
2034-08-09,SOX,-0.030885981105095425
2034-08-09,NDX,-0.08262110150964981
2034-08-09,XAU,0.0004916073136042379
2034-08-09,COPPER,-0.040341339455091975
2034-08-09,WTI,0.05848174482526795
2034-08-09,BTC,-0.0
2034-08-09,ETH,-0.0
2034-08-09,US10Y,0.009614639929472256
2034-08-09,CN10Y,-0.0
2034-08-10,000300.SH,-0.0
2034-08-10,SPX,0.042942318284070816
2034-08-10,HSI,-0.0
2034-08-10,N225,-0.0065056254615707375
2034-08-10,SX5E,0.027012414343234516
2034-08-10,000688.SH,-0.01653997646927615
2034-08-10,SOX,-0.03681009969752437
2034-08-10,NDX,-0.07825327548573659
2034-08-10,XAU,-0.019384013833373213
2034-08-10,COPPER,-0.03316512131001551
2034-08-10,WTI,0.09755860262456387
2034-08-10,BTC,-0.0
2034-08-10,ETH,-0.0
2034-08-10,US10Y,0.023144777005634234
2034-08-10,CN10Y,-0.0
2034-08-11,000300.SH,-0.0
2034-08-11,SPX,0.05586087704457554
2034-08-11,HSI,-0.0
2034-08-11,N225,0.009236459739908148
2034-08-11,SX5E,0.03788410225265834
2034-08-11,000688.SH,-0.017656019354094516
2034-08-11,SOX,-0.0894338278305769
2034-08-11,NDX,-0.09075987430914606
2034-08-11,XAU,-0.026018127360265042
2034-08-11,COPPER,-0.033392261807284565
2034-08-11,WTI,0.14378723644983576
2034-08-11,BTC,-0.0
2034-08-11,ETH,-0.0
2034-08-11,US10Y,0.010491435174394274
2034-08-11,CN10Y,-0.0
2034-08-14,000300.SH,-0.0
2034-08-14,SPX,0.046389557373025046
2034-08-14,HSI,-0.0
2034-08-14,N225,-0.00998059978381886
2034-08-14,SX5E,0.03321648883171171
2034-08-14,000688.SH,-0.0227288580247584
2034-08-14,SOX,-0.09007848910691772
2034-08-14,NDX,-0.05777776976946415
2034-08-14,XAU,0.0005421443561294086
2034-08-14,COPPER,-0.06682536542889062
2034-08-14,WTI,0.14930143948541655
2034-08-14,BTC,-0.0
2034-08-14,ETH,-0.0
2034-08-14,US10Y,0.017941452067571462
2034-08-14,CN10Y,-0.0
2034-08-15,000300.SH,-0.0
2034-08-15,SPX,0.05048559183085148
2034-08-15,HSI,-0.0
2034-08-15,N225,-0.021137975148627534
2034-08-15,SX5E,0.027093861694034875
2034-08-15,000688.SH,0.023415213548831613
2034-08-15,SOX,-0.1389835974319197
2034-08-15,NDX,-0.05757005176894876
2034-08-15,XAU,0.010981473096406277
2034-08-15,COPPER,-0.07064915933495901
2034-08-15,WTI,0.1372402995608893
2034-08-15,BTC,-0.0
2034-08-15,ETH,-0.0
2034-08-15,US10Y,0.03912434395344358
2034-08-15,CN10Y,-0.0
2034-08-16,000300.SH,-0.0
2034-08-16,SPX,0.0819809289379497
2034-08-16,HSI,-0.0
2034-08-16,N225,0.01429014231203826
2034-08-16,SX5E,0.024410968768520353
2034-08-16,000688.SH,0.03055937640210165
2034-08-16,SOX,-0.15921299183622412
2034-08-16,NDX,-0.06938338972594843
2034-08-16,XAU,0.005155527762384717
2034-08-16,COPPER,-0.06986086438476559
2034-08-16,WTI,0.10739131098660856
2034-08-16,BTC,-0.0
2034-08-16,ETH,-0.0
2034-08-16,US10Y,0.03466899077733511
2034-08-16,CN10Y,-0.0
2034-08-17,000300.SH,-0.0
2034-08-17,SPX,0.06216861033859991
2034-08-17,HSI,-0.0
2034-08-17,N225,0.0255334471834667
2034-08-17,SX5E,0.027569189001933204
2034-08-17,000688.SH,0.058500024916712655
2034-08-17,SOX,-0.20938550894516988
2034-08-17,NDX,-0.04615593601838931
2034-08-17,XAU,-0.009461983196659989
2034-08-17,COPPER,-0.019159404674909064
2034-08-17,WTI,0.08673687206830476
2034-08-17,BTC,-0.0
2034-08-17,ETH,-0.0
2034-08-17,US10Y,0.02365468932611075
2034-08-17,CN10Y,-0.0
2034-08-18,000300.SH,-0.0
2034-08-18,SPX,0.061060325139701235
2034-08-18,HSI,-0.0
2034-08-18,N225,0.0737665119709896
2034-08-18,SX5E,0.04351443727954114
2034-08-18,000688.SH,0.04086350029456239
2034-08-18,SOX,-0.2070487239413883
2034-08-18,NDX,-0.05147221324178375
2034-08-18,XAU,-0.012830096582394071
2034-08-18,COPPER,-0.06214396107628554
2034-08-18,WTI,0.10341865563116637
2034-08-18,BTC,-0.0
2034-08-18,ETH,-0.0
2034-08-18,US10Y,0.010871564525889171
2034-08-18,CN10Y,-0.0
2034-08-21,000300.SH,-0.0
2034-08-21,SPX,0.056068023695113586
2034-08-21,HSI,-0.0
2034-08-21,N225,0.10021322229954091
2034-08-21,SX5E,0.053050958726118695
2034-08-21,000688.SH,0.06461543416452654
2034-08-21,SOX,-0.20639711178887818
2034-08-21,NDX,-0.06448270246123287
2034-08-21,XAU,0.004910376540593054
2034-08-21,COPPER,-0.0555996570154086
2034-08-21,WTI,0.048817157078829235
2034-08-21,BTC,-0.0
2034-08-21,ETH,-0.0
2034-08-21,US10Y,-0.0011957012392039106
2034-08-21,CN10Y,-0.0
2034-08-22,000300.SH,-0.0
2034-08-22,SPX,0.07793409096189721
2034-08-22,HSI,-0.0
2034-08-22,N225,0.10650548398013691
2034-08-22,SX5E,0.05342001623012473
2034-08-22,000688.SH,0.03985636101394556
2034-08-22,SOX,-0.22996322206195827
2034-08-22,NDX,-0.0749688795588353
2034-08-22,XAU,0.0021227028116113152
2034-08-22,COPPER,-0.047735418378140326
2034-08-22,WTI,0.06073086835742593
2034-08-22,BTC,-0.0
2034-08-22,ETH,-0.0
2034-08-22,US10Y,0.012097996643791045
2034-08-22,CN10Y,-0.0
2034-08-23,000300.SH,-0.0
2034-08-23,SPX,0.07699089352641954
2034-08-23,HSI,-0.0
2034-08-23,N225,0.11059055917601458
2034-08-23,SX5E,0.04664905999306817
2034-08-23,000688.SH,0.12030435708805104
2034-08-23,SOX,-0.21149053920446728
2034-08-23,NDX,-0.0606238980593667
2034-08-23,XAU,0.007468168979909446
2034-08-23,COPPER,-0.07634516349697537
2034-08-23,WTI,-0.02892323118631355
2034-08-23,BTC,-0.0
2034-08-23,ETH,-0.0
2034-08-23,US10Y,0.015379793183660607
2034-08-23,CN10Y,-0.0
2034-08-24,000300.SH,-0.0
2034-08-24,SPX,0.09050402085823686
2034-08-24,HSI,-0.0
2034-08-24,N225,0.12107409527363713
2034-08-24,SX5E,0.040315366794697764
2034-08-24,000688.SH,0.11282283300338213
2034-08-24,SOX,-0.23437491709640612
2034-08-24,NDX,-0.04782128324603949
2034-08-24,XAU,-0.029936362183723454
2034-08-24,COPPER,-0.07903071326873475
2034-08-24,WTI,0.00443377607265439
2034-08-24,BTC,-0.0
2034-08-24,ETH,-0.0
2034-08-24,US10Y,0.022013183792296498
2034-08-24,CN10Y,-0.0
2034-08-25,000300.SH,-0.0
2034-08-25,SPX,0.04722561977558739
2034-08-25,HSI,-0.0
2034-08-25,N225,0.12811775250275934
2034-08-25,SX5E,0.04864471725082156
2034-08-25,000688.SH,0.14636859945330807
2034-08-25,SOX,-0.27179500323941214
2034-08-25,NDX,-0.04901738633759753
2034-08-25,XAU,-0.015196066291133587
2034-08-25,COPPER,-0.04653320351179297
2034-08-25,WTI,-0.003927651921609083
2034-08-25,BTC,-0.0
2034-08-25,ETH,-0.0
2034-08-25,US10Y,0.016112622319070888
2034-08-25,CN10Y,-0.0
2034-08-28,000300.SH,-0.0
2034-08-28,SPX,0.04423798909985732
2034-08-28,HSI,-0.0
2034-08-28,N225,0.11178343701448075
2034-08-28,SX5E,0.05201728269694879
2034-08-28,000688.SH,0.11990643787041176
2034-08-28,SOX,-0.2304124264000587
2034-08-28,NDX,-0.04175589210415821
2034-08-28,XAU,-0.033878543354211074
2034-08-28,COPPER,-0.034389532556722724
2034-08-28,WTI,-0.02230063204136356
2034-08-28,BTC,-0.0
2034-08-28,ETH,-0.0
2034-08-28,US10Y,0.03479187977481661
2034-08-28,CN10Y,-0.0
2034-08-29,000300.SH,-0.0
2034-08-29,SPX,0.022621733773497507
2034-08-29,HSI,-0.0
2034-08-29,N225,0.11206064203307531
2034-08-29,SX5E,0.01344684086410839
2034-08-29,000688.SH,0.13114580355677294
2034-08-29,SOX,-0.22654721305659017
2034-08-29,NDX,-0.012800962278790427
2034-08-29,XAU,-0.027042222176557267
2034-08-29,COPPER,-0.07692609696120845
2034-08-29,WTI,0.028829351418788993
2034-08-29,BTC,-0.0
2034-08-29,ETH,-0.0
2034-08-29,US10Y,0.03521212282690317
2034-08-29,CN10Y,-0.0
2034-08-30,000300.SH,-0.0
2034-08-30,SPX,0.03501228444330154
2034-08-30,HSI,-0.0
2034-08-30,N225,0.086269815790211
2034-08-30,SX5E,0.001888513362588837
2034-08-30,000688.SH,0.1628387877417665
2034-08-30,SOX,-0.2084099782604671
2034-08-30,NDX,-0.029716751639512755
2034-08-30,XAU,-0.032402596839725135
2034-08-30,COPPER,-0.05037460177318645
2034-08-30,WTI,0.006343712180512204
2034-08-30,BTC,-0.0
2034-08-30,ETH,-0.0
2034-08-30,US10Y,0.028550814994511956
2034-08-30,CN10Y,-0.0
2034-08-31,000300.SH,-0.0
2034-08-31,SPX,0.04826452717461602
2034-08-31,HSI,-0.0
2034-08-31,N225,0.0948148891299053
2034-08-31,SX5E,0.026134610452650715
2034-08-31,000688.SH,0.16297739727195507
2034-08-31,SOX,-0.2452462274530546
2034-08-31,NDX,-0.04001058273144853
2034-08-31,XAU,-0.02952402074453849
2034-08-31,COPPER,-0.07091247860976853
2034-08-31,WTI,0.018800299810198894
2034-08-31,BTC,-0.0
2034-08-31,ETH,-0.0
2034-08-31,US10Y,0.034701585699483374
2034-08-31,CN10Y,-0.0
2034-09-01,000300.SH,-0.0
2034-09-01,SPX,0.07337375527840445
2034-09-01,HSI,-0.0
2034-09-01,N225,0.07979724798532233
2034-09-01,SX5E,0.02755501514357619
2034-09-01,000688.SH,0.12857458567000926
2034-09-01,SOX,-0.23734262777084053
2034-09-01,NDX,-0.039689180208005645
2034-09-01,XAU,-0.011284404821576388
2034-09-01,COPPER,-0.08228091868783512
2034-09-01,WTI,0.04474840308906853
2034-09-01,BTC,-0.0
2034-09-01,ETH,-0.0
2034-09-01,US10Y,0.01654812432187693
2034-09-01,CN10Y,-0.0
2034-09-04,000300.SH,-0.0
2034-09-04,SPX,0.03408546551877753
2034-09-04,HSI,-0.0
2034-09-04,N225,0.10407323559713816
2034-09-04,SX5E,0.016400545009529297
2034-09-04,000688.SH,0.07982678704553492
2034-09-04,SOX,-0.20936935678616464
2034-09-04,NDX,-0.012874717905307326
2034-09-04,XAU,0.004074401030930774
2034-09-04,COPPER,-0.0791528817163579
2034-09-04,WTI,0.05796151447418724
2034-09-04,BTC,-0.0
2034-09-04,ETH,-0.0
2034-09-04,US10Y,0.004975007731731172
2034-09-04,CN10Y,-0.0
2034-09-05,000300.SH,-0.0
2034-09-05,SPX,0.027606339964663787
2034-09-05,HSI,-0.0
2034-09-05,N225,0.07375573250330188
2034-09-05,SX5E,0.0030365080680264736
2034-09-05,000688.SH,0.0706566955774212
2034-09-05,SOX,-0.20567122372145977
2034-09-05,NDX,-0.03382694519049422
2034-09-05,XAU,-0.007949403041481846
2034-09-05,COPPER,-0.05398195880609338
2034-09-05,WTI,0.1154892472147303
2034-09-05,BTC,-0.0
2034-09-05,ETH,-0.0
2034-09-05,US10Y,0.010885007431385384
2034-09-05,CN10Y,-0.0
2034-09-06,000300.SH,-0.0
2034-09-06,SPX,0.022624643796992184
2034-09-06,HSI,-0.0
2034-09-06,N225,0.08051154861798529
2034-09-06,SX5E,-0.004820354600470476
2034-09-06,000688.SH,0.09003448136715918
2034-09-06,SOX,-0.20486634344375246
2034-09-06,NDX,-0.034736431151664936
2034-09-06,XAU,-0.029412282088461868
2034-09-06,COPPER,-0.03310826854864069
2034-09-06,WTI,0.08532693171748944
2034-09-06,BTC,-0.0
2034-09-06,ETH,-0.0
2034-09-06,US10Y,0.028446074333361625
2034-09-06,CN10Y,-0.0
2034-09-07,000300.SH,-0.0
2034-09-07,SPX,0.03823972311866835
2034-09-07,HSI,-0.0
2034-09-07,N225,0.10086410356304923
2034-09-07,SX5E,-0.013116243689259888
2034-09-07,000688.SH,0.10134052861154422
2034-09-07,SOX,-0.19624723122826165
2034-09-07,NDX,-0.037517058897288166
2034-09-07,XAU,-0.03566209161212053
2034-09-07,COPPER,-0.028486620411889443
2034-09-07,WTI,0.0444324354410187
2034-09-07,BTC,-0.0
2034-09-07,ETH,-0.0
2034-09-07,US10Y,0.02615245510453638
2034-09-07,CN10Y,-0.0
2034-09-08,000300.SH,-0.0
2034-09-08,SPX,0.0027470519834585823
2034-09-08,HSI,-0.0
2034-09-08,N225,0.05854910081741904
2034-09-08,SX5E,-0.005168058773836845
2034-09-08,000688.SH,0.12374012901949404
2034-09-08,SOX,-0.14590522306750994
2034-09-08,NDX,-0.03551648184459331
2034-09-08,XAU,-0.05183161651612923
2034-09-08,COPPER,-0.06242408078725499
2034-09-08,WTI,0.0621301103543169
2034-09-08,BTC,-0.0
2034-09-08,ETH,-0.0
2034-09-08,US10Y,0.053679068814634155
2034-09-08,CN10Y,-0.0
2034-09-11,000300.SH,-0.0
2034-09-11,SPX,0.003479827598821145
2034-09-11,HSI,-0.0
2034-09-11,N225,0.08819828324676418
2034-09-11,SX5E,0.0021522200457335825
2034-09-11,000688.SH,0.14763910227802324
2034-09-11,SOX,-0.16199943877816023
2034-09-11,NDX,-0.050270644590310616
2034-09-11,XAU,-0.07633212432273906
2034-09-11,COPPER,-0.03302082114243657
2034-09-11,WTI,0.02541119003294689
2034-09-11,BTC,-0.0
2034-09-11,ETH,-0.0
2034-09-11,US10Y,0.05474240563135445
2034-09-11,CN10Y,-0.0
2034-09-12,000300.SH,-0.0
2034-09-12,SPX,-0.0328763172509233
2034-09-12,HSI,-0.0
2034-09-12,N225,0.10243492750509758
2034-09-12,SX5E,0.0069919716087655055
2034-09-12,000688.SH,0.13835534648378425
2034-09-12,SOX,-0.15456772335327873
2034-09-12,NDX,-0.034227850500271766
2034-09-12,XAU,-0.07718593962667723
2034-09-12,COPPER,-0.009612140428126735
2034-09-12,WTI,0.00627343454215127
2034-09-12,BTC,-0.0
2034-09-12,ETH,-0.0
2034-09-12,US10Y,0.05441429101947862
2034-09-12,CN10Y,-0.0
2034-09-13,000300.SH,-0.0
2034-09-13,SPX,-0.05492697695180644
2034-09-13,HSI,-0.0
2034-09-13,N225,0.0898452310833002
2034-09-13,SX5E,0.010733905297256824
2034-09-13,000688.SH,0.11001368914663492
2034-09-13,SOX,-0.11944848752524423
2034-09-13,NDX,-0.04617492807660033
2034-09-13,XAU,-0.07821941167176749
2034-09-13,COPPER,-0.011399529597914553
2034-09-13,WTI,0.04765241771898978
2034-09-13,BTC,-0.0
2034-09-13,ETH,-0.0
2034-09-13,US10Y,0.05192409057715177
2034-09-13,CN10Y,-0.0
2034-09-14,000300.SH,-0.0
2034-09-14,SPX,-0.03654734258061646
2034-09-14,HSI,-0.0
2034-09-14,N225,0.07376131534828974
2034-09-14,SX5E,0.025090785714814396
2034-09-14,000688.SH,0.07141356559633674
2034-09-14,SOX,-0.1176637432147753
2034-09-14,NDX,-0.03947957886365466
2034-09-14,XAU,-0.04711895215982666
2034-09-14,COPPER,-0.0014223402601861168
2034-09-14,WTI,0.027436490256998926
2034-09-14,BTC,-0.0
2034-09-14,ETH,-0.0
2034-09-14,US10Y,0.04452980016261979
2034-09-14,CN10Y,-0.0
2034-09-15,000300.SH,-0.0
2034-09-15,SPX,-0.05545032727934469
2034-09-15,HSI,-0.0
2034-09-15,N225,0.05780127655259297
2034-09-15,SX5E,0.025052460331590788
2034-09-15,000688.SH,0.07358606874280135
2034-09-15,SOX,-0.10644348966234166
2034-09-15,NDX,-0.04721213020154037
2034-09-15,XAU,-0.04129259358223113
2034-09-15,COPPER,0.03874027447231472
2034-09-15,WTI,-0.010611437237809329
2034-09-15,BTC,-0.0
2034-09-15,ETH,-0.0
2034-09-15,US10Y,0.06582989786396812
2034-09-15,CN10Y,-0.0
2034-09-18,000300.SH,-0.0
2034-09-18,SPX,-0.07377040767753117
2034-09-18,HSI,-0.0
2034-09-18,N225,0.06695557451837954
2034-09-18,SX5E,0.03021688123127782
2034-09-18,000688.SH,0.030808780291109828
2034-09-18,SOX,-0.048186784544120245
2034-09-18,NDX,-0.07528495400012614
2034-09-18,XAU,-0.059154323380634866
2034-09-18,COPPER,0.029079389819124828
2034-09-18,WTI,0.02452696205830015
2034-09-18,BTC,-0.0
2034-09-18,ETH,-0.0
2034-09-18,US10Y,0.0748088816842214
2034-09-18,CN10Y,-0.0
2034-09-19,000300.SH,-0.0
2034-09-19,SPX,-0.08931228330935256
2034-09-19,HSI,-0.0
2034-09-19,N225,0.031717478082384044
2034-09-19,SX5E,0.012895540186034992
2034-09-19,000688.SH,0.006469772152252445
2034-09-19,SOX,-0.023400439275520504
2034-09-19,NDX,-0.0585436288765207
2034-09-19,XAU,-0.05156091127374417
2034-09-19,COPPER,0.05590732524100929
2034-09-19,WTI,0.0452748053144086
2034-09-19,BTC,-0.0
2034-09-19,ETH,-0.0
2034-09-19,US10Y,0.0705523417590509
2034-09-19,CN10Y,-0.0
2034-09-20,000300.SH,-0.0
2034-09-20,SPX,-0.09709167735550438
2034-09-20,HSI,-0.0
2034-09-20,N225,0.024390665772623478
2034-09-20,SX5E,0.006011324246176241
2034-09-20,000688.SH,-0.061571261308386964
2034-09-20,SOX,-0.005691841193673917
2034-09-20,NDX,-0.04464968024506458
2034-09-20,XAU,-0.05142402470947884
2034-09-20,COPPER,0.0951317587187869
2034-09-20,WTI,0.07814001397596632
2034-09-20,BTC,-0.0
2034-09-20,ETH,-0.0
2034-09-20,US10Y,0.05675472209855698
2034-09-20,CN10Y,-0.0
2034-09-21,000300.SH,-0.0
2034-09-21,SPX,-0.10345680505284624
2034-09-21,HSI,-0.0
2034-09-21,N225,-0.00533932598317245
2034-09-21,SX5E,-0.017520047702907535
2034-09-21,000688.SH,-0.030007099765114967
2034-09-21,SOX,0.08305972030357539
2034-09-21,NDX,-0.07910635234337342
2034-09-21,XAU,-0.03498184046352657
2034-09-21,COPPER,0.13002742084948626
2034-09-21,WTI,0.0034821742198177727
2034-09-21,BTC,-0.0
2034-09-21,ETH,-0.0
2034-09-21,US10Y,0.05384215593806269
2034-09-21,CN10Y,-0.0
2034-09-22,000300.SH,-0.0
2034-09-22,SPX,-0.06713239177721132
2034-09-22,HSI,-0.0
2034-09-22,N225,-0.009506572120865031
2034-09-22,SX5E,-0.03373846008877784
2034-09-22,000688.SH,-0.04572237038669945
2034-09-22,SOX,0.12177263655359939
2034-09-22,NDX,-0.0810547671438846
2034-09-22,XAU,-0.054415868213710285
2034-09-22,COPPER,0.08668003174873265
2034-09-22,WTI,0.03920318755193974
2034-09-22,BTC,-0.0
2034-09-22,ETH,-0.0
2034-09-22,US10Y,0.043914573876876584
2034-09-22,CN10Y,-0.0
2034-09-25,000300.SH,-0.0
2034-09-25,SPX,-0.07637760489956079
2034-09-25,HSI,-0.0
2034-09-25,N225,0.00848442352321504
2034-09-25,SX5E,-0.05294985254622309
2034-09-25,000688.SH,0.00984769705471961
2034-09-25,SOX,0.13035999860378505
2034-09-25,NDX,-0.08310268825290702
2034-09-25,XAU,-0.04369046321965478
2034-09-25,COPPER,0.07164179043043373
2034-09-25,WTI,-0.006422699167734809
2034-09-25,BTC,-0.0
2034-09-25,ETH,-0.0
2034-09-25,US10Y,0.04220939847392517
2034-09-25,CN10Y,-0.0
2034-09-26,000300.SH,-0.0
2034-09-26,SPX,-0.025557281401223174
2034-09-26,HSI,-0.0
2034-09-26,N225,-0.016130659849916264
2034-09-26,SX5E,-0.038776596083425464
2034-09-26,000688.SH,0.005801497193032298
2034-09-26,SOX,0.17449657615009984
2034-09-26,NDX,-0.08832921972013845
2034-09-26,XAU,-0.05939816261076711
2034-09-26,COPPER,0.06848533028400763
2034-09-26,WTI,-0.08153962889924672
2034-09-26,BTC,-0.0
2034-09-26,ETH,-0.0
2034-09-26,US10Y,0.06094814493757413
2034-09-26,CN10Y,-0.0
2034-09-27,000300.SH,-0.0
2034-09-27,SPX,-0.03289630442128485
2034-09-27,HSI,-0.0
2034-09-27,N225,-0.01974404382155344
2034-09-27,SX5E,-0.03353084916024907
2034-09-27,000688.SH,-0.0014277121124371198
2034-09-27,SOX,0.1441563360403091
2034-09-27,NDX,-0.04124473780065527
2034-09-27,XAU,-0.04221179096437458
2034-09-27,COPPER,0.0651276788477682
2034-09-27,WTI,-0.09715831561556218
2034-09-27,BTC,-0.0
2034-09-27,ETH,-0.0
2034-09-27,US10Y,0.058929739008036386
2034-09-27,CN10Y,-0.0
2034-09-28,000300.SH,-0.0
2034-09-28,SPX,-0.06799816257675168
2034-09-28,HSI,-0.0
2034-09-28,N225,-0.007035530417899076
2034-09-28,SX5E,-0.04112111809009786
2034-09-28,000688.SH,-0.02949645946953781
2034-09-28,SOX,0.16332825968071732
2034-09-28,NDX,-0.03927255815355283
2034-09-28,XAU,-0.03397438884061657
2034-09-28,COPPER,0.08919355807902023
2034-09-28,WTI,-0.09502396015679707
2034-09-28,BTC,-0.0
2034-09-28,ETH,-0.0
2034-09-28,US10Y,0.061400359945513426
2034-09-28,CN10Y,-0.0
2034-09-29,000300.SH,-0.0
2034-09-29,SPX,-0.08378328345907757
2034-09-29,HSI,-0.0
2034-09-29,N225,-0.01265368216891936
2034-09-29,SX5E,-0.03750479033090522
2034-09-29,000688.SH,-0.013003427417191706
2034-09-29,SOX,0.18536574541266976
2034-09-29,NDX,-0.018471957229861766
2034-09-29,XAU,-0.02561331182128231
2034-09-29,COPPER,0.05869841383565035
2034-09-29,WTI,-0.1127120868606705
2034-09-29,BTC,-0.0
2034-09-29,ETH,-0.0
2034-09-29,US10Y,0.05967838003958643
2034-09-29,CN10Y,-0.0
2034-10-02,000300.SH,-0.0
2034-10-02,SPX,-0.064679508936
2034-10-02,HSI,-0.0
2034-10-02,N225,0.006292759430931102
2034-10-02,SX5E,-0.030165175357754585
2034-10-02,000688.SH,0.016747818019939936
2034-10-02,SOX,0.2140360717960971
2034-10-02,NDX,-0.0437597440509216
2034-10-02,XAU,-0.05492298599619322
2034-10-02,COPPER,0.0811861554617275
2034-10-02,WTI,-0.18400533918492398
2034-10-02,BTC,-0.0
2034-10-02,ETH,-0.0
2034-10-02,US10Y,0.059269948817097115
2034-10-02,CN10Y,-0.0
2034-10-03,000300.SH,-0.0
2034-10-03,SPX,-0.060365781014455236
2034-10-03,HSI,-0.0
2034-10-03,N225,-0.008747722318458008
2034-10-03,SX5E,-0.022854533617109228
2034-10-03,000688.SH,0.05486186126739924
2034-10-03,SOX,0.22385391287108736
2034-10-03,NDX,-0.01950841469206479
2034-10-03,XAU,-0.038268705486150134
2034-10-03,COPPER,0.040643862825722694
2034-10-03,WTI,-0.21746569942726512
2034-10-03,BTC,-0.0
2034-10-03,ETH,-0.0
2034-10-03,US10Y,0.04785121959129232
2034-10-03,CN10Y,-0.0
2034-10-04,000300.SH,-0.0
2034-10-04,SPX,-0.04998568385291506
2034-10-04,HSI,-0.0
2034-10-04,N225,-0.007658502945858903
2034-10-04,SX5E,-0.017822340121337155
2034-10-04,000688.SH,0.07611687110592169
2034-10-04,SOX,0.18990970923974174
2034-10-04,NDX,-0.031369122344078154
2034-10-04,XAU,-0.03517696419534344
2034-10-04,COPPER,0.05803558310166884
2034-10-04,WTI,-0.22708475214313512
2034-10-04,BTC,-0.0
2034-10-04,ETH,-0.0
2034-10-04,US10Y,0.04503520215533619
2034-10-04,CN10Y,-0.0
2034-10-05,000300.SH,-0.0
2034-10-05,SPX,-0.06056024748577001
2034-10-05,HSI,-0.0
2034-10-05,N225,0.014836843155193858
2034-10-05,SX5E,-0.026888190249020793
2034-10-05,000688.SH,0.008356591697694291
2034-10-05,SOX,0.22248479243468602
2034-10-05,NDX,-0.0320661428548423
2034-10-05,XAU,-0.02993991742467335
2034-10-05,COPPER,0.037978296460817046
2034-10-05,WTI,-0.16887498031285297
2034-10-05,BTC,-0.0
2034-10-05,ETH,-0.0
2034-10-05,US10Y,0.034672954578769614
2034-10-05,CN10Y,-0.0
2034-10-06,000300.SH,-0.0
2034-10-06,SPX,-0.03869738885935455
2034-10-06,HSI,-0.0
2034-10-06,N225,0.042546267312832176
2034-10-06,SX5E,-0.052101389720924395
2034-10-06,000688.SH,-0.023086314883115397
2034-10-06,SOX,0.28190821510804387
2034-10-06,NDX,-0.027480377458745042
2034-10-06,XAU,-0.02332234016172921
2034-10-06,COPPER,0.04590072779052834
2034-10-06,WTI,-0.23344780980839397
2034-10-06,BTC,-0.0
2034-10-06,ETH,-0.0
2034-10-06,US10Y,0.027780410680860436
2034-10-06,CN10Y,-0.0
2034-10-09,000300.SH,-0.0
2034-10-09,SPX,-0.049837563158020584
2034-10-09,HSI,-0.0
2034-10-09,N225,0.02497691367732312
2034-10-09,SX5E,-0.04256013583250998
2034-10-09,000688.SH,-0.04262082319789588
2034-10-09,SOX,0.29026593221389807
2034-10-09,NDX,-0.013787664804966612
2034-10-09,XAU,-0.021443909339521998
2034-10-09,COPPER,0.05196520558157193
2034-10-09,WTI,-0.1975184127667717
2034-10-09,BTC,-0.0
2034-10-09,ETH,-0.0
2034-10-09,US10Y,0.0005604576268980737
2034-10-09,CN10Y,-0.0
2034-10-10,000300.SH,-0.0
2034-10-10,SPX,-0.024355384165424373
2034-10-10,HSI,-0.0
2034-10-10,N225,0.020428790928482706
2034-10-10,SX5E,-0.04821826379578232
2034-10-10,000688.SH,-0.05634316326876211
2034-10-10,SOX,0.24333527424942364
2034-10-10,NDX,-6.756668797907803e-05
2034-10-10,XAU,-0.015437755204236958
2034-10-10,COPPER,0.05486919703198001
2034-10-10,WTI,-0.16115838058309384
2034-10-10,BTC,-0.0
2034-10-10,ETH,-0.0
2034-10-10,US10Y,-0.013052748504603074
2034-10-10,CN10Y,-0.0
2034-10-11,000300.SH,-0.0
2034-10-11,SPX,-0.005888901814120301
2034-10-11,HSI,-0.0
2034-10-11,N225,-0.019655219583559168
2034-10-11,SX5E,-0.04481632481790376
2034-10-11,000688.SH,-0.05179696957182964
2034-10-11,SOX,0.25871152974489553
2034-10-11,NDX,0.026906101340164527
2034-10-11,XAU,-0.018732737777048883
2034-10-11,COPPER,0.04438520984484015
2034-10-11,WTI,-0.17483683727113172
2034-10-11,BTC,-0.0
2034-10-11,ETH,-0.0
2034-10-11,US10Y,-0.014275850094301984
2034-10-11,CN10Y,-0.0
2034-10-12,000300.SH,-0.0
2034-10-12,SPX,-0.023239161305982338
2034-10-12,HSI,-0.0
2034-10-12,N225,-0.03560829927714931
2034-10-12,SX5E,-0.03611213893861835
2034-10-12,000688.SH,0.013188775638746791
2034-10-12,SOX,0.28626913138788884
2034-10-12,NDX,0.033124569238042814
2034-10-12,XAU,-0.03484905354450826
2034-10-12,COPPER,0.004446460794848081
2034-10-12,WTI,-0.19946373768494532
2034-10-12,BTC,-0.0
2034-10-12,ETH,-0.0
2034-10-12,US10Y,-0.007756546308317635
2034-10-12,CN10Y,-0.0
2034-10-13,000300.SH,-0.0
2034-10-13,SPX,-0.04019719487052015
2034-10-13,HSI,-0.0
2034-10-13,N225,-0.048445660637712044
2034-10-13,SX5E,-0.05535631858160636
2034-10-13,000688.SH,0.04563611824931302
2034-10-13,SOX,0.27995325776614094
2034-10-13,NDX,0.08396561963992275
2034-10-13,XAU,-0.025924623332198055
2034-10-13,COPPER,-0.007723171181886926
2034-10-13,WTI,-0.21052576190303546
2034-10-13,BTC,-0.0
2034-10-13,ETH,-0.0
2034-10-13,US10Y,-0.021382265148412037
2034-10-13,CN10Y,-0.0
2034-10-16,000300.SH,-0.0
2034-10-16,SPX,-0.030971944227713103
2034-10-16,HSI,-0.0
2034-10-16,N225,-0.06668606784150707
2034-10-16,SX5E,-0.06449286155881018
2034-10-16,000688.SH,0.05069854325367329
2034-10-16,SOX,0.20190835088650205
2034-10-16,NDX,0.1221706474331655
2034-10-16,XAU,-0.02464357795629146
2034-10-16,COPPER,0.0003320998442837512
2034-10-16,WTI,-0.16650072876124583
2034-10-16,BTC,-0.0
2034-10-16,ETH,-0.0
2034-10-16,US10Y,-0.021814461072051986
2034-10-16,CN10Y,-0.0
2034-10-17,000300.SH,-0.0
2034-10-17,SPX,-0.031575103214583934
2034-10-17,HSI,-0.0
2034-10-17,N225,-0.06022904231185153
2034-10-17,SX5E,-0.06319947627918873
2034-10-17,000688.SH,0.026990057432825093
2034-10-17,SOX,0.1541354399855387
2034-10-17,NDX,0.12463238213916392
2034-10-17,XAU,-0.022724602489560847
2034-10-17,COPPER,-0.0170202260861866
2034-10-17,WTI,-0.08332088724210437
2034-10-17,BTC,-0.0
2034-10-17,ETH,-0.0
2034-10-17,US10Y,-0.027688541934049696
2034-10-17,CN10Y,-0.0
2034-10-18,000300.SH,-0.0
2034-10-18,SPX,-0.030844928368858625
2034-10-18,HSI,-0.0
2034-10-18,N225,-0.051815851827223626
2034-10-18,SX5E,-0.061857202044493756
2034-10-18,000688.SH,0.06181110708303783
2034-10-18,SOX,0.13628582561617342
2034-10-18,NDX,0.10750065303049813
2034-10-18,XAU,-0.03354243056747703
2034-10-18,COPPER,-0.03459832335231905
2034-10-18,WTI,-0.08153685248259566
2034-10-18,BTC,-0.0
2034-10-18,ETH,-0.0
2034-10-18,US10Y,-0.011401997086736018
2034-10-18,CN10Y,-0.0
2034-10-19,000300.SH,-0.0
2034-10-19,SPX,-0.05213284937748471
2034-10-19,HSI,-0.0
2034-10-19,N225,-0.053136957834645136
2034-10-19,SX5E,-0.044219478148871616
2034-10-19,000688.SH,0.07243573792837267
2034-10-19,SOX,0.05511800682455405
2034-10-19,NDX,0.10060854954619601
2034-10-19,XAU,-0.033420230677203316
2034-10-19,COPPER,-0.021582862467441385
2034-10-19,WTI,-0.012056004753387445
2034-10-19,BTC,-0.0
2034-10-19,ETH,-0.0
2034-10-19,US10Y,-0.011613911040084229
2034-10-19,CN10Y,-0.0
2034-10-20,000300.SH,-0.0
2034-10-20,SPX,-0.04904276719437041
2034-10-20,HSI,-0.0
2034-10-20,N225,-0.046217369233007254
2034-10-20,SX5E,-0.037572548080099855
2034-10-20,000688.SH,0.09899215505037215
2034-10-20,SOX,0.049559104102479205
2034-10-20,NDX,0.12108934282826117
2034-10-20,XAU,-0.037366990559702246
2034-10-20,COPPER,-0.007043032722145431
2034-10-20,WTI,-0.0785662172025286
2034-10-20,BTC,-0.0
2034-10-20,ETH,-0.0
2034-10-20,US10Y,-0.013831676989251574
2034-10-20,CN10Y,-0.0
2034-10-23,000300.SH,-0.0
2034-10-23,SPX,-0.05474559468655534
2034-10-23,HSI,-0.0
2034-10-23,N225,-0.06770431368898996
2034-10-23,SX5E,-0.0304353951318099
2034-10-23,000688.SH,0.04590884008597469
2034-10-23,SOX,0.010693606139923265
2034-10-23,NDX,0.12213498050476812
2034-10-23,XAU,-0.02247634392222285
2034-10-23,COPPER,0.014229767751357453
2034-10-23,WTI,0.013041516787151722
2034-10-23,BTC,-0.0
2034-10-23,ETH,-0.0
2034-10-23,US10Y,-0.03064706383958938
2034-10-23,CN10Y,-0.0
2034-10-24,000300.SH,-0.0
2034-10-24,SPX,-0.06720063067823906
2034-10-24,HSI,-0.0
2034-10-24,N225,-0.06367540615662003
2034-10-24,SX5E,0.004764635086485447
2034-10-24,000688.SH,0.04787215037461348
2034-10-24,SOX,-0.026094440648573358
2034-10-24,NDX,0.15037823781492268
2034-10-24,XAU,-0.03909660567310421
2034-10-24,COPPER,0.0030053894931045717
2034-10-24,WTI,0.04305665366628677
2034-10-24,BTC,-0.0
2034-10-24,ETH,-0.0
2034-10-24,US10Y,-0.05300998327886708
2034-10-24,CN10Y,-0.0
2034-10-25,000300.SH,-0.0
2034-10-25,SPX,-0.07339477764689185
2034-10-25,HSI,-0.0
2034-10-25,N225,-0.043677815759370034
2034-10-25,SX5E,0.02348886313874144
2034-10-25,000688.SH,0.062395849910461015
2034-10-25,SOX,0.0017397759621129473
2034-10-25,NDX,0.0814627872465152
2034-10-25,XAU,-0.03366351283754385
2034-10-25,COPPER,-0.0007794080089172433
2034-10-25,WTI,0.02591184256730248
2034-10-25,BTC,-0.0
2034-10-25,ETH,-0.0
2034-10-25,US10Y,-0.04348360457240133
2034-10-25,CN10Y,-0.0
2034-10-26,000300.SH,-0.0
2034-10-26,SPX,-0.05053452011717939
2034-10-26,HSI,-0.0
2034-10-26,N225,-0.05801020855037983
2034-10-26,SX5E,0.03144053360799199
2034-10-26,000688.SH,0.0894178900330249
2034-10-26,SOX,-0.0058898818499653356
2034-10-26,NDX,0.08013935910413475
2034-10-26,XAU,-0.04521328869598597
2034-10-26,COPPER,-0.0023749637632746335
2034-10-26,WTI,0.014776135631436312
2034-10-26,BTC,-0.0
2034-10-26,ETH,-0.0
2034-10-26,US10Y,-0.05375105539979487
2034-10-26,CN10Y,-0.0
2034-10-27,000300.SH,-0.0
2034-10-27,SPX,-0.03973955904129963
2034-10-27,HSI,-0.0
2034-10-27,N225,-0.08925594864817603
2034-10-27,SX5E,0.039492534415182384
2034-10-27,000688.SH,0.07280696047534821
2034-10-27,SOX,-0.06355811331530858
2034-10-27,NDX,0.09628053585228173
2034-10-27,XAU,-0.05094284909159609
2034-10-27,COPPER,-0.0029664463709634034
2034-10-27,WTI,0.08867831176203518
2034-10-27,BTC,-0.0
2034-10-27,ETH,-0.0
2034-10-27,US10Y,-0.050795426037495664
2034-10-27,CN10Y,-0.0
2034-10-30,000300.SH,-0.0
2034-10-30,SPX,-0.02865594746415244
2034-10-30,HSI,-0.0
2034-10-30,N225,-0.12788746904895912
2034-10-30,SX5E,0.03294319029258333
2034-10-30,000688.SH,0.0546883640938035
2034-10-30,SOX,-0.1181798787503216
2034-10-30,NDX,0.09837255202892337
2034-10-30,XAU,-0.05814825517413391
2034-10-30,COPPER,0.007924486901186512
2034-10-30,WTI,0.17704626996156103
2034-10-30,BTC,-0.0
2034-10-30,ETH,-0.0
2034-10-30,US10Y,-0.038103312840482524
2034-10-30,CN10Y,-0.0
2034-10-31,000300.SH,-0.0
2034-10-31,SPX,-0.03469092577973554
2034-10-31,HSI,-0.0
2034-10-31,N225,-0.1259903130189527
2034-10-31,SX5E,0.029118166373082628
2034-10-31,000688.SH,0.036451158657492475
2034-10-31,SOX,-0.11676928504551126
2034-10-31,NDX,0.0745854470211962
2034-10-31,XAU,-0.059510832483431766
2034-10-31,COPPER,0.038578776450880536
2034-10-31,WTI,0.20451743549048307
2034-10-31,BTC,-0.0
2034-10-31,ETH,-0.0
2034-10-31,US10Y,-0.046289627665495665
2034-10-31,CN10Y,-0.0
2034-11-01,000300.SH,-0.0
2034-11-01,SPX,-0.028530416188088385
2034-11-01,HSI,-0.0
2034-11-01,N225,-0.1480823302561405
2034-11-01,SX5E,0.020410058888326775
2034-11-01,000688.SH,-0.008142391163984568
2034-11-01,SOX,-0.10431841103397214
2034-11-01,NDX,0.09963271102679681
2034-11-01,XAU,-0.06701270622459227
2034-11-01,COPPER,0.01354726212554538
2034-11-01,WTI,0.2693135907757515
2034-11-01,BTC,-0.0
2034-11-01,ETH,-0.0
2034-11-01,US10Y,-0.046817367949636125
2034-11-01,CN10Y,-0.0
2034-11-02,000300.SH,-0.0
2034-11-02,SPX,-0.02768906917310067
2034-11-02,HSI,-0.0
2034-11-02,N225,-0.15487075821307333
2034-11-02,SX5E,0.03081367917460044
2034-11-02,000688.SH,0.01667733947605936
2034-11-02,SOX,-0.11804157569836407
2034-11-02,NDX,0.10930066706515737
2034-11-02,XAU,-0.04929107323281171
2034-11-02,COPPER,0.0190425965698616
2034-11-02,WTI,0.2141558989798508
2034-11-02,BTC,-0.0
2034-11-02,ETH,-0.0
2034-11-02,US10Y,-0.040097704948175245
2034-11-02,CN10Y,-0.0
2034-11-03,000300.SH,-0.0
2034-11-03,SPX,-0.031397061434754826
2034-11-03,HSI,-0.0
2034-11-03,N225,-0.18264005062565988
2034-11-03,SX5E,0.03195164719457411
2034-11-03,000688.SH,0.054234723208944235
2034-11-03,SOX,-0.19828028482607174
2034-11-03,NDX,0.08468352341616267
2034-11-03,XAU,-0.036435876800614594
2034-11-03,COPPER,0.04939884311640369
2034-11-03,WTI,0.26002798760630685
2034-11-03,BTC,-0.0
2034-11-03,ETH,-0.0
2034-11-03,US10Y,-0.031543450855286384
2034-11-03,CN10Y,-0.0
2034-11-06,000300.SH,-0.0
2034-11-06,SPX,-0.02372836734394786
2034-11-06,HSI,-0.0
2034-11-06,N225,-0.20722463120408807
2034-11-06,SX5E,0.023262510262805663
2034-11-06,000688.SH,0.06296175740431147
2034-11-06,SOX,-0.2221021899347046
2034-11-06,NDX,0.10661133510161233
2034-11-06,XAU,-0.037549246007498004
2034-11-06,COPPER,0.024648002411989098
2034-11-06,WTI,0.30253031070789016
2034-11-06,BTC,-0.0
2034-11-06,ETH,-0.0
2034-11-06,US10Y,-0.02940948139836636
2034-11-06,CN10Y,-0.0
2034-11-07,000300.SH,-0.0
2034-11-07,SPX,-0.02767007736217035
2034-11-07,HSI,-0.0
2034-11-07,N225,-0.22322755494078528
2034-11-07,SX5E,0.025948646237557268
2034-11-07,000688.SH,0.06934356057912247
2034-11-07,SOX,-0.17128714728172623
2034-11-07,NDX,0.084498278277858
2034-11-07,XAU,-0.03317100614569045
2034-11-07,COPPER,0.0378483010590613
2034-11-07,WTI,0.26334362624105145
2034-11-07,BTC,-0.0
2034-11-07,ETH,-0.0
2034-11-07,US10Y,-0.025626626664276834
2034-11-07,CN10Y,-0.0
2034-11-08,000300.SH,-0.0
2034-11-08,SPX,-0.0183431733876345
2034-11-08,HSI,-0.0
2034-11-08,N225,-0.17947530066282727
2034-11-08,SX5E,0.039451178299813955
2034-11-08,000688.SH,0.06751641171362881
2034-11-08,SOX,-0.18928541169813112
2034-11-08,NDX,0.08521001194462426
2034-11-08,XAU,-0.05258192356652404
2034-11-08,COPPER,0.029166020851465156
2034-11-08,WTI,0.2359813411634205
2034-11-08,BTC,-0.0
2034-11-08,ETH,-0.0
2034-11-08,US10Y,-0.01763915465783437
2034-11-08,CN10Y,-0.0
2034-11-09,000300.SH,-0.0
2034-11-09,SPX,-0.0074449025287410455
2034-11-09,HSI,-0.0
2034-11-09,N225,-0.16587208855839353
2034-11-09,SX5E,0.04711260718567199
2034-11-09,000688.SH,0.03230517449368328
2034-11-09,SOX,-0.21601283968515053
2034-11-09,NDX,0.0531687325674946
2034-11-09,XAU,-0.07064646675686698
2034-11-09,COPPER,0.04294652545919796
2034-11-09,WTI,0.28492654799526956
2034-11-09,BTC,-0.0
2034-11-09,ETH,-0.0
2034-11-09,US10Y,-0.0004832901721641119
2034-11-09,CN10Y,-0.0
2034-11-10,000300.SH,-0.0
2034-11-10,SPX,0.006526908344751709
2034-11-10,HSI,-0.0
2034-11-10,N225,-0.1567732175757584
2034-11-10,SX5E,0.05435371289196619
2034-11-10,000688.SH,0.028308440269318814
2034-11-10,SOX,-0.21695471017869827
2034-11-10,NDX,0.012518847900160014
2034-11-10,XAU,-0.0725240584830498
2034-11-10,COPPER,0.026723939051469865
2034-11-10,WTI,0.32743389499895625
2034-11-10,BTC,-0.0
2034-11-10,ETH,-0.0
2034-11-10,US10Y,-0.009613757219116496
2034-11-10,CN10Y,-0.0
2034-11-13,000300.SH,-0.0
2034-11-13,SPX,-0.009769180076981222
2034-11-13,HSI,-0.0
2034-11-13,N225,-0.14557873717347738
2034-11-13,SX5E,0.07078611242396687
2034-11-13,000688.SH,0.03702212619329928
2034-11-13,SOX,-0.1945255819149241
2034-11-13,NDX,0.005809867669332894
2034-11-13,XAU,-0.0662415947081786
2034-11-13,COPPER,0.032641411114748727
2034-11-13,WTI,0.28363579961885466
2034-11-13,BTC,-0.0
2034-11-13,ETH,-0.0
2034-11-13,US10Y,-0.013780223146642435
2034-11-13,CN10Y,-0.0
2034-11-14,000300.SH,-0.0
2034-11-14,SPX,-0.03343323615799711
2034-11-14,HSI,-0.0
2034-11-14,N225,-0.11293370272139625
2034-11-14,SX5E,0.08754523636342051
2034-11-14,000688.SH,0.04773452428326645
2034-11-14,SOX,-0.156031452703966
2034-11-14,NDX,0.031032361866304693
2034-11-14,XAU,-0.06377912241245784
2034-11-14,COPPER,0.029324745673628715
2034-11-14,WTI,0.18989468191219613
2034-11-14,BTC,-0.0
2034-11-14,ETH,-0.0
2034-11-14,US10Y,-0.01935403610299966
2034-11-14,CN10Y,-0.0
2034-11-15,000300.SH,-0.0
2034-11-15,SPX,-0.02875739924418172
2034-11-15,HSI,-0.0
2034-11-15,N225,-0.11819276506728259
2034-11-15,SX5E,0.10731339202981081
2034-11-15,000688.SH,-0.00545420763374458
2034-11-15,SOX,-0.12799709572898602
2034-11-15,NDX,0.0554034120755985
2034-11-15,XAU,-0.051733611593167715
2034-11-15,COPPER,0.0197741339074456
2034-11-15,WTI,0.18311541124499348
2034-11-15,BTC,-0.0
2034-11-15,ETH,-0.0
2034-11-15,US10Y,-0.033471269990489
2034-11-15,CN10Y,-0.0
2034-11-16,000300.SH,-0.0
2034-11-16,SPX,-0.010999310726987267
2034-11-16,HSI,-0.0
2034-11-16,N225,-0.10715819389809288
2034-11-16,SX5E,0.10631945917559275
2034-11-16,000688.SH,-0.007000970808406084
2034-11-16,SOX,-0.07178997295386703
2034-11-16,NDX,0.07104445433532741
2034-11-16,XAU,-0.06172022165123339
2034-11-16,COPPER,-0.05968404063030214
2034-11-16,WTI,0.1857242036389283
2034-11-16,BTC,-0.0
2034-11-16,ETH,-0.0
2034-11-16,US10Y,-0.04473540648096311
2034-11-16,CN10Y,-0.0
2034-11-17,000300.SH,-0.0
2034-11-17,SPX,-0.03105089335706708
2034-11-17,HSI,-0.0
2034-11-17,N225,-0.11867614628959701
2034-11-17,SX5E,0.11263702368807339
2034-11-17,000688.SH,-0.030713878451287414
2034-11-17,SOX,-0.05589038654620816
2034-11-17,NDX,0.07701858677764956
2034-11-17,XAU,-0.05752063425087238
2034-11-17,COPPER,-0.042471298275864655
2034-11-17,WTI,0.18836344950359418
2034-11-17,BTC,-0.0
2034-11-17,ETH,-0.0
2034-11-17,US10Y,-0.04169582279842627
2034-11-17,CN10Y,-0.0
2034-11-20,000300.SH,-0.0
2034-11-20,SPX,-0.04397482165261224
2034-11-20,HSI,-0.0
2034-11-20,N225,-0.09779287283599515
2034-11-20,SX5E,0.11387490714772816
2034-11-20,000688.SH,-0.007740266142174337
2034-11-20,SOX,-0.07975127025951713
2034-11-20,NDX,0.1033391812521009
2034-11-20,XAU,-0.06986052921846546
2034-11-20,COPPER,-0.022521682130172818
2034-11-20,WTI,0.14824569430308343
2034-11-20,BTC,-0.0
2034-11-20,ETH,-0.0
2034-11-20,US10Y,-0.043818340463981004
2034-11-20,CN10Y,-0.0
2034-11-21,000300.SH,-0.0
2034-11-21,SPX,-0.035392735847770224
2034-11-21,HSI,-0.0
2034-11-21,N225,-0.10063870372282421
2034-11-21,SX5E,0.0945230272183314
2034-11-21,000688.SH,-0.00338685819828061
2034-11-21,SOX,-0.06404150505960371
2034-11-21,NDX,0.059822336012561754
2034-11-21,XAU,-0.05629809073242731
2034-11-21,COPPER,-0.008249004240095848
2034-11-21,WTI,0.15012983051473255
2034-11-21,BTC,-0.0
2034-11-21,ETH,-0.0
2034-11-21,US10Y,-0.03646829594463004
2034-11-21,CN10Y,-0.0
2034-11-22,000300.SH,-0.0
2034-11-22,SPX,-0.03856994329255422
2034-11-22,HSI,-0.0
2034-11-22,N225,-0.10195828284486233
2034-11-22,SX5E,0.07992434419372221
2034-11-22,000688.SH,-0.02442204537921689
2034-11-22,SOX,-0.062200733580588904
2034-11-22,NDX,0.11701024726651653
2034-11-22,XAU,-0.07672785006770988
2034-11-22,COPPER,0.0001641306335586944
2034-11-22,WTI,0.15390545909663889
2034-11-22,BTC,-0.0
2034-11-22,ETH,-0.0
2034-11-22,US10Y,-0.04712532602551098
2034-11-22,CN10Y,-0.0
2034-11-23,000300.SH,-0.0
2034-11-23,SPX,-0.028148061376124876
2034-11-23,HSI,-0.0
2034-11-23,N225,-0.11031366053468775
2034-11-23,SX5E,0.060393086594589064
2034-11-23,000688.SH,-0.01940436579221636
2034-11-23,SOX,-0.032745120134631774
2034-11-23,NDX,0.09438733433981722
2034-11-23,XAU,-0.07134773690565986
2034-11-23,COPPER,0.0008030249952294365
2034-11-23,WTI,0.15066337623382936
2034-11-23,BTC,-0.0
2034-11-23,ETH,-0.0
2034-11-23,US10Y,-0.044287877420152194
2034-11-23,CN10Y,-0.0
2034-11-24,000300.SH,-0.0
2034-11-24,SPX,-0.045411588074957654
2034-11-24,HSI,-0.0
2034-11-24,N225,-0.09640948301661707
2034-11-24,SX5E,0.057476985386054114
2034-11-24,000688.SH,0.0210272753929493
2034-11-24,SOX,-0.054655809153282144
2034-11-24,NDX,0.06829618147327293
2034-11-24,XAU,-0.06250618266746205
2034-11-24,COPPER,0.006800550057674449
2034-11-24,WTI,0.1425250522308878
2034-11-24,BTC,-0.0
2034-11-24,ETH,-0.0
2034-11-24,US10Y,-0.03714298162852883
2034-11-24,CN10Y,-0.0
2034-11-27,000300.SH,-0.0
2034-11-27,SPX,-0.049257981027765754
2034-11-27,HSI,-0.0
2034-11-27,N225,-0.05908664128295254
2034-11-27,SX5E,0.08639524873272658
2034-11-27,000688.SH,0.014498596448333867
2034-11-27,SOX,-0.04659722159378213
2034-11-27,NDX,0.09102980260117008
2034-11-27,XAU,-0.059156662596838855
2034-11-27,COPPER,-0.04146407264813039
2034-11-27,WTI,0.10393670844745213
2034-11-27,BTC,-0.0
2034-11-27,ETH,-0.0
2034-11-27,US10Y,-0.040297777080224535
2034-11-27,CN10Y,-0.0
2034-11-28,000300.SH,-0.0
2034-11-28,SPX,-0.03701731505070225
2034-11-28,HSI,-0.0
2034-11-28,N225,-0.04880277465477518
2034-11-28,SX5E,0.09789627992250473
2034-11-28,000688.SH,-0.0064645322321276785
2034-11-28,SOX,-0.07940245920866923
2034-11-28,NDX,0.10790489350602848
2034-11-28,XAU,-0.044679577311862936
2034-11-28,COPPER,-0.033428035871348655
2034-11-28,WTI,0.0767515003361888
2034-11-28,BTC,-0.0
2034-11-28,ETH,-0.0
2034-11-28,US10Y,-0.03275797943524674
2034-11-28,CN10Y,-0.0
2034-11-29,000300.SH,-0.0
2034-11-29,SPX,-0.06771718400347343
2034-11-29,HSI,-0.0
2034-11-29,N225,-0.019323744441817094
2034-11-29,SX5E,0.11259369490153884
2034-11-29,000688.SH,0.01304458565806946
2034-11-29,SOX,-0.04006593102220353
2034-11-29,NDX,0.07707861543957842
2034-11-29,XAU,-0.03087924486583985
2034-11-29,COPPER,-0.024379047978145135
2034-11-29,WTI,0.007319379151086401
2034-11-29,BTC,-0.0
2034-11-29,ETH,-0.0
2034-11-29,US10Y,-0.027671122838804747
2034-11-29,CN10Y,-0.0
2034-11-30,000300.SH,-0.0
2034-11-30,SPX,-0.060584379241647716
2034-11-30,HSI,-0.0
2034-11-30,N225,-0.01025632042753068
2034-11-30,SX5E,0.13067108258580123
2034-11-30,000688.SH,-0.014153917992054522
2034-11-30,SOX,-0.11161698560835172
2034-11-30,NDX,0.04143740267398359
2034-11-30,XAU,-0.029682540875623786
2034-11-30,COPPER,-0.023369967420061765
2034-11-30,WTI,0.11042524089774203
2034-11-30,BTC,-0.0
2034-11-30,ETH,-0.0
2034-11-30,US10Y,-0.03286961459226541
2034-11-30,CN10Y,-0.0
2034-12-01,000300.SH,-0.0
2034-12-01,SPX,-0.0339865916354402
2034-12-01,HSI,-0.0
2034-12-01,N225,0.014509772423437067
2034-12-01,SX5E,0.13021696058454915
2034-12-01,000688.SH,-0.011133688906000458
2034-12-01,SOX,-0.09852650166808366
2034-12-01,NDX,0.07796772752836409
2034-12-01,XAU,-0.019449724122004925
2034-12-01,COPPER,-0.06754851911829635
2034-12-01,WTI,0.02729510465229021
2034-12-01,BTC,-0.0
2034-12-01,ETH,-0.0
2034-12-01,US10Y,-0.019344539738823635
2034-12-01,CN10Y,-0.0
2034-12-04,000300.SH,-0.0
2034-12-04,SPX,-0.04976533828253087
2034-12-04,HSI,-0.0
2034-12-04,N225,0.07290215087992279
2034-12-04,SX5E,0.11056782365154466
2034-12-04,000688.SH,-0.0025653579554782884
2034-12-04,SOX,-0.07786425718530277
2034-12-04,NDX,0.053778457138879764
2034-12-04,XAU,-0.005273009835854294
2034-12-04,COPPER,-0.06870407136200055
2034-12-04,WTI,-0.038533341706381945
2034-12-04,BTC,-0.0
2034-12-04,ETH,-0.0
2034-12-04,US10Y,0.00545694465719174
2034-12-04,CN10Y,-0.0
2034-12-05,000300.SH,-0.0
2034-12-05,SPX,-0.05719751538775794
2034-12-05,HSI,-0.0
2034-12-05,N225,0.0478103662922746
2034-12-05,SX5E,0.1224335327326189
2034-12-05,000688.SH,-0.016343997657671666
2034-12-05,SOX,-0.10069008432256021
2034-12-05,NDX,0.05864343892543941
2034-12-05,XAU,-0.015877329507231478
2034-12-05,COPPER,-0.10311915621674009
2034-12-05,WTI,0.05131447898669788
2034-12-05,BTC,-0.0
2034-12-05,ETH,-0.0
2034-12-05,US10Y,0.013026266154921702
2034-12-05,CN10Y,-0.0
2034-12-06,000300.SH,-0.0
2034-12-06,SPX,-0.08383064654704844
2034-12-06,HSI,-0.0
2034-12-06,N225,0.01899093892008908
2034-12-06,SX5E,0.11391029987800753
2034-12-06,000688.SH,0.022691647465728673
2034-12-06,SOX,-0.14273541646363208
2034-12-06,NDX,0.055308836722698825
2034-12-06,XAU,-0.006199485374986477
2034-12-06,COPPER,-0.05698330666151296
2034-12-06,WTI,0.07329065040080794
2034-12-06,BTC,-0.0
2034-12-06,ETH,-0.0
2034-12-06,US10Y,0.005556481659836893
2034-12-06,CN10Y,-0.0
2034-12-07,000300.SH,-0.0
2034-12-07,SPX,-0.07721266333640378
2034-12-07,HSI,-0.0
2034-12-07,N225,0.031923318989927334
2034-12-07,SX5E,0.09943795885653259
2034-12-07,000688.SH,0.03996293996204546
2034-12-07,SOX,-0.08043571492446788
2034-12-07,NDX,0.05742243922471103
2034-12-07,XAU,0.022483745347324603
2034-12-07,COPPER,-0.0704123938766938
2034-12-07,WTI,-0.010742252042820033
2034-12-07,BTC,-0.0
2034-12-07,ETH,-0.0
2034-12-07,US10Y,-0.01242737820016746
2034-12-07,CN10Y,-0.0
2034-12-08,000300.SH,-0.0
2034-12-08,SPX,-0.06290607533972352
2034-12-08,HSI,-0.0
2034-12-08,N225,0.0010233828959415499
2034-12-08,SX5E,0.10175836311433184
2034-12-08,000688.SH,0.022223443949844806
2034-12-08,SOX,-0.09685435565347865
2034-12-08,NDX,0.06326428607096865
2034-12-08,XAU,0.016903343531385277
2034-12-08,COPPER,-0.01961340649778842
2034-12-08,WTI,-0.01698900829395883
2034-12-08,BTC,-0.0
2034-12-08,ETH,-0.0
2034-12-08,US10Y,-0.008809973777532341
2034-12-08,CN10Y,-0.0
2034-12-11,000300.SH,-0.0
2034-12-11,SPX,-0.037550484885121166
2034-12-11,HSI,-0.0
2034-12-11,N225,0.006397451758954486
2034-12-11,SX5E,0.10196614560180912
2034-12-11,000688.SH,0.007621300893565182
2034-12-11,SOX,-0.108004962836565
2034-12-11,NDX,0.07167645085101491
2034-12-11,XAU,0.026031214020138086
2034-12-11,COPPER,-0.026188098908208245
2034-12-11,WTI,-0.04305194332406663
2034-12-11,BTC,-0.0
2034-12-11,ETH,-0.0
2034-12-11,US10Y,0.0011029268284719305
2034-12-11,CN10Y,-0.0
2034-12-12,000300.SH,-0.0
2034-12-12,SPX,-0.0011079351357430912
2034-12-12,HSI,-0.0
2034-12-12,N225,-0.018191209581190734
2034-12-12,SX5E,0.0755439817525421
2034-12-12,000688.SH,0.03316046793005854
2034-12-12,SOX,-0.11924461403342795
2034-12-12,NDX,0.048318968258198064
2034-12-12,XAU,0.026673154115258668
2034-12-12,COPPER,-0.009460894876341427
2034-12-12,WTI,-0.03620088248625071
2034-12-12,BTC,-0.0
2034-12-12,ETH,-0.0
2034-12-12,US10Y,0.0005089640568899084
2034-12-12,CN10Y,-0.0
2034-12-13,000300.SH,-0.0
2034-12-13,SPX,0.007327628036827337
2034-12-13,HSI,-0.0
2034-12-13,N225,-0.008187179482898242
2034-12-13,SX5E,0.08218872359241626
2034-12-13,000688.SH,0.04505999634005722
2034-12-13,SOX,-0.1236206899653543
2034-12-13,NDX,0.025524186501072053
2034-12-13,XAU,0.010235703410618663
2034-12-13,COPPER,0.011727454789590322
2034-12-13,WTI,-0.06331923202987216
2034-12-13,BTC,-0.0
2034-12-13,ETH,-0.0
2034-12-13,US10Y,0.01306340880753758
2034-12-13,CN10Y,-0.0
2034-12-14,000300.SH,-0.0
2034-12-14,SPX,0.014492944884931417
2034-12-14,HSI,-0.0
2034-12-14,N225,-0.008575512149512531
2034-12-14,SX5E,0.06000279062698314
2034-12-14,000688.SH,0.03468955335755948
2034-12-14,SOX,-0.14287363958243576
2034-12-14,NDX,0.04851085264427307
2034-12-14,XAU,0.03310353392940727
2034-12-14,COPPER,0.05371268027992734
2034-12-14,WTI,-0.10307203980232468
2034-12-14,BTC,-0.0
2034-12-14,ETH,-0.0
2034-12-14,US10Y,0.010008835811186587
2034-12-14,CN10Y,-0.0
2034-12-15,000300.SH,-0.0
2034-12-15,SPX,0.04920847971271211
2034-12-15,HSI,-0.0
2034-12-15,N225,-0.03099856805390782
2034-12-15,SX5E,0.03048520828621306
2034-12-15,000688.SH,0.02927148899564392
2034-12-15,SOX,-0.13949770986692553
2034-12-15,NDX,0.04320190782011202
2034-12-15,XAU,0.03219384591685004
2034-12-15,COPPER,0.049175991878358485
2034-12-15,WTI,-0.06624699652787257
2034-12-15,BTC,-0.0
2034-12-15,ETH,-0.0
2034-12-15,US10Y,0.0032063518388120438
2034-12-15,CN10Y,-0.0
2034-12-18,000300.SH,-0.0
2034-12-18,SPX,0.06337603466766048
2034-12-18,HSI,-0.0
2034-12-18,N225,-0.03927940204650404
2034-12-18,SX5E,0.03093435327822861
2034-12-18,000688.SH,0.0036347885834197777
2034-12-18,SOX,-0.10841119445200441
2034-12-18,NDX,0.01564179197781266
2034-12-18,XAU,0.03793875031524472
2034-12-18,COPPER,0.032178985312763864
2034-12-18,WTI,-0.05635613251449906
2034-12-18,BTC,-0.0
2034-12-18,ETH,-0.0
2034-12-18,US10Y,0.020342024877874103
2034-12-18,CN10Y,-0.0
2034-12-19,000300.SH,-0.0
2034-12-19,SPX,0.03744242534044403
2034-12-19,HSI,-0.0
2034-12-19,N225,-0.032359687232366346
2034-12-19,SX5E,0.04216345388979419
2034-12-19,000688.SH,0.010355192969600207
2034-12-19,SOX,-0.12171588946988907
2034-12-19,NDX,0.04939074749765286
2034-12-19,XAU,0.03752489077057827
2034-12-19,COPPER,0.04745355679223033
2034-12-19,WTI,-0.09846921020192101
2034-12-19,BTC,-0.0
2034-12-19,ETH,-0.0
2034-12-19,US10Y,0.028214519643872563
2034-12-19,CN10Y,-0.0
2034-12-20,000300.SH,-0.0
2034-12-20,SPX,0.04690821628629165
2034-12-20,HSI,-0.0
2034-12-20,N225,-0.06197753544607815
2034-12-20,SX5E,0.04542596970342612
2034-12-20,000688.SH,0.03054566163736129
2034-12-20,SOX,-0.09881493983763776
2034-12-20,NDX,0.042754368652673146
2034-12-20,XAU,0.04177609847050886
2034-12-20,COPPER,0.05542193940192233
2034-12-20,WTI,-0.12664225888220967
2034-12-20,BTC,-0.0
2034-12-20,ETH,-0.0
2034-12-20,US10Y,0.02460248001373698
2034-12-20,CN10Y,-0.0
